0 0.0
1 0.05024
2 0.016639999999999999
3 0.016639999999999999
4 0.05824
5 0.033279999999999997
6 0.05824
7 0.0083199999999999993
8 0.033279999999999997
9 0.02496
10 0.0
11 0.0
12 0.0083199999999999993
13 0.0
14 0.0
15 0.0
16 0.016639999999999999
17 0.0
18 0.0
19 0.0
20 0.0
21 0.0
22 0.0
23 0.0
24 0.0
25 0.0083199999999999993
26 0.0
27 0.0
28 0.0
29 0.0
30 0.0
31 0.0
32 0.0
33 0.0
34 0.0
35 0.0
36 0.0
37 0.0
38 0.0
39 0.0
40 0.0
41 0.0083199999999999993
42 0.016639999999999999
43 0.016639999999999999
44 0.0083199999999999993
45 0.0
46 0.0
47 0.0
48 0.0
49 0.016639999999999999
50 0.016639999999999999
51 0.0083199999999999993
52 0.0
53 0.0
54 0.0
55 0.0
56 0.0
57 0.0
58 0.02496
59 0.0083199999999999993
60 0.0
61 0.0
62 0.0
63 0.0
64 0.0
65 0.0
66 0.0
67 0.0
68 0.0
69 0.0
70 0.0
71 0.0
72 0.0
73 0.0
74 0.0083199999999999993
75 0.0
76 0.0
77 0.0
78 0.0
79 0.0
80 0.0
81 0.0
82 0.0
83 0.0
84 0.0
85 0.0
86 0.0
87 0.0
88 0.0
89 0.0
90 0.0
91 0.0
92 0.0
93 0.0
94 0.0
95 0.0
96 0.0
97 0.0
98 0.0
99 0.0
100 0.0
101 0.0
102 0.0
103 0.0
104 0.0
105 0.0
106 0.0
107 0.0
108 0.0
109 0.0
110 0.0
111 0.0
112 0.0
113 0.0
114 0.0
115 0.0
116 0.0
117 0.0
118 0.0
119 0.0
120 0.0
121 0.0
122 0.0
123 0.0
124 0.0
125 0.0
126 0.0
127 0.0
128 0.0
129 0.0
130 0.0
131 0.0
132 0.0
133 0.0
134 0.0
135 0.0
136 0.0
137 0.0
138 0.0
139 0.0
140 0.0
141 0.0
142 0.0
143 0.0
144 0.0
145 0.0
146 0.0
147 0.0
148 0.0
149 0.0
150 0.0
151 0.0
152 0.0
153 0.0
154 0.0
155 0.0
156 0.0
157 0.0
158 0.0
159 0.0083199999999999993
160 0.0
161 0.0
162 0.0
163 0.0
164 0.0
165 0.0
166 0.0
167 0.0
168 0.0
169 0.0
170 0.0
171 0.0
172 0.0
173 0.0
174 0.0
175 0.0
176 0.0
177 0.0
178 0.0
179 0.0
180 0.0
181 0.0
182 0.0
183 0.0
184 0.0
185 0.0
186 0.0
187 0.0
188 0.0
189 0.0
190 0.0
191 0.0
192 0.0
193 0.0
194 0.0
195 0.0
196 0.0
197 0.0
198 0.0
199 0.0
200 0.0
201 0.0
202 0.0
203 0.0
204 0.0
205 0.0
206 0.0
207 0.0
208 0.0
209 0.0
210 0.0
211 0.0
212 0.0
213 0.0
214 0.0
215 0.0
216 0.0
217 0.0
218 0.0
219 0.0
220 0.0083199999999999993
221 0.0
222 0.0
223 0.0
224 0.0
225 0.0
226 0.0
227 0.0
228 0.0
229 0.0
230 0.0
231 0.0
232 0.0
233 0.0
234 0.0
235 0.0
236 0.0
237 0.0
238 0.0
239 0.0
240 0.0
241 0.0
242 0.0
243 0.0
244 0.0
245 0.0
246 0.0
247 0.0
248 0.0
249 0.0
250 0.0
251 0.0
252 0.0
253 0.0
254 0.0
255 0.0
256 0.0
257 0.0
258 0.0
259 0.0
260 0.0
261 0.0
262 0.0
263 0.0
264 0.0
265 0.0
266 0.0
267 0.0
268 0.0
269 0.0
270 0.0
271 0.0
272 0.0
273 0.0
274 0.0
275 0.0
276 0.0
277 0.0
278 0.0
279 0.0
280 0.033279999999999997
281 0.033279999999999997
282 0.016639999999999999
283 0.0
284 0.016639999999999999
285 0.0
286 0.02496
287 0.0
288 0.0
289 0.0083199999999999993
290 0.016639999999999999
291 0.0
292 0.016639999999999999
293 0.0
294 0.0
295 0.0
296 0.0083199999999999993
297 0.016639999999999999
298 0.0
299 0.0
300 0.0
301 0.0
302 0.016639999999999999
303 0.016639999999999999
304 0.02496
305 0.0
306 0.0
307 0.016639999999999999
308 0.0
309 0.0
310 0.016639999999999999
311 0.016639999999999999
312 0.0
313 0.0
314 0.0
315 0.0
316 0.016639999999999999
317 0.016639999999999999
318 0.041599999999999998
319 0.0
320 0.0
321 0.016639999999999999
322 0.05824
323 0.033279999999999997
324 0.049919999999999999
325 0.0
326 0.016639999999999999
327 0.033279999999999997
328 0.0
329 0.0
330 0.0
331 0.02496
332 0.033279999999999997
333 0.02496
334 0.0
335 0.016639999999999999
336 0.0
337 0.0
338 0.0
339 0.041599999999999998
340 0.02496
341 0.033279999999999997
342 0.0
343 0.016639999999999999
344 0.0
345 0.0
346 0.0
347 0.041599999999999998
348 0.016639999999999999
349 0.041599999999999998
350 0.0
351 0.016639999999999999
352 0.0
353 0.0
354 0.0
355 0.033279999999999997
356 0.02496
357 0.033279999999999997
358 0.0083199999999999993
359 0.016639999999999999
360 0.0
361 0.02496
362 0.0
363 0.0
364 0.0083199999999999993
365 0.016639999999999999
366 0.0
367 0.016639999999999999
368 0.0
369 0.0
370 0.0
371 0.02496
372 0.016639999999999999
373 0.0
374 0.0083199999999999993
375 0.0
376 0.0
377 0.0
378 0.033279999999999997
379 0.016639999999999999
380 0.0
381 0.0083199999999999993
382 0.0
383 0.0
384 0.0
385 0.033279999999999997
386 0.016639999999999999
387 0.0
388 0.0083199999999999993
389 0.0
390 0.0
391 0.016639999999999999
392 0.016639999999999999
393 0.016639999999999999
394 0.0
395 0.0083199999999999993
396 0.0
397 0.0
398 0.02496
399 0.02496
400 0.0083199999999999993
401 0.0
402 0.016639999999999999
403 0.0
404 0.016639999999999999
405 0.016639999999999999
406 0.02496
407 0.016639999999999999
408 0.016639999999999999
409 0.016639999999999999
410 0.041599999999999998
411 0.033279999999999997
412 0.049919999999999999
413 0.0
414 0.016639999999999999
415 0.033279999999999997
416 0.0
417 0.0
418 0.0
419 0.02496
420 0.033279999999999997
421 0.02496
422 0.0
423 0.016639999999999999
424 0.0
425 0.0
426 0.0
427 0.041599999999999998
428 0.02496
429 0.033279999999999997
430 0.0
431 0.016639999999999999
432 0.0
433 0.02496
434 0.0
435 0.0
436 0.0083199999999999993
437 0.016639999999999999
438 0.0
439 0.016639999999999999
440 0.0
441 0.0
442 0.0
443 0.016639999999999999
444 0.02496
445 0.0
446 0.0
447 0.0
448 0.0
449 0.02496
450 0.049919999999999999
451 0.016639999999999999
452 0.0
453 0.016639999999999999
454 0.0
455 0.0
456 0.0
457 0.041599999999999998
458 0.02496
459 0.033279999999999997
460 0.0
461 0.016639999999999999
462 0.0
463 0.0
464 0.0
465 0.041599999999999998
466 0.016639999999999999
467 0.041599999999999998
468 0.0
469 0.016639999999999999
470 0.0
471 0.0
472 0.0
473 0.033279999999999997
474 0.02496
475 0.033279999999999997
476 0.0083199999999999993
477 0.016639999999999999
478 0.0
479 0.0
480 0.0
481 0.02496
482 0.033279999999999997
483 0.02496
484 0.016639999999999999
485 0.016639999999999999
486 0.0
487 0.02496
488 0.0
489 0.0
490 0.0083199999999999993
491 0.016639999999999999
492 0.0
493 0.016639999999999999
494 0.0
495 0.0
496 0.0
497 0.02496
498 0.016639999999999999
499 0.0
500 0.0083199999999999993
501 0.0
502 0.0
503 0.0
504 0.033279999999999997
505 0.016639999999999999
506 0.0
507 0.0083199999999999993
508 0.0
509 0.0
510 0.0
511 0.033279999999999997
512 0.016639999999999999
513 0.0
514 0.0083199999999999993
515 0.0
516 0.0
517 0.016639999999999999
518 0.016639999999999999
519 0.016639999999999999
520 0.0
521 0.0083199999999999993
522 0.0
523 0.0
524 0.033279999999999997
525 0.016639999999999999
526 0.0083199999999999993
527 0.0
528 0.016639999999999999
529 0.0
530 0.016639999999999999
531 0.033279999999999997
532 0.02496
533 0.0
534 0.016639999999999999
535 0.016639999999999999
536 0.05824
537 0.033279999999999997
538 0.041599999999999998
539 0.0
540 0.066559999999999994
541 0.0
542 0.0
543 0.016639999999999999
544 0.0
545 0.0
546 0.02496
547 0.016639999999999999
548 0.0
549 0.0083199999999999993
550 0.0
551 0.0
552 0.0
553 0.033279999999999997
554 0.016639999999999999
555 0.0
556 0.0083199999999999993
557 0.0
558 0.0
559 0.016639999999999999
560 0.016639999999999999
561 0.016639999999999999
562 0.0
563 0.0083199999999999993
564 0.0
565 0.0
566 0.016639999999999999
567 0.016639999999999999
568 0.02496
569 0.0
570 0.016639999999999999
571 0.0
572 0.0
573 0.033279999999999997
574 0.016639999999999999
575 0.0083199999999999993
576 0.0
577 0.016639999999999999
578 0.0
579 0.02496
580 0.02496
581 0.02496
582 0.016639999999999999
583 0.016639999999999999
584 0.0
585 0.0
586 0.0
587 0.02496
588 0.033279999999999997
589 0.02496
590 0.016639999999999999
591 0.016639999999999999
592 0.0
593 0.0
594 0.02496
595 0.0
596 0.0
597 0.02496
598 0.0
599 0.016639999999999999
600 0.0
601 0.0
602 0.0
603 0.02496
604 0.016639999999999999
605 0.0
606 0.0
607 0.0
608 0.0
609 0.0
610 0.0
611 0.0
612 0.0
613 0.0
614 0.0083199999999999993
615 0.0
616 0.0
617 0.0
618 0.0
619 0.0
620 0.0
621 0.0
622 0.0
623 0.0
624 0.02496
625 0.016639999999999999
626 0.0
627 0.0
628 0.0
629 0.0
630 0.0
631 0.0
632 0.0
633 0.02496
634 0.0
635 0.0
636 0.0
637 0.0
638 0.0
639 0.0
640 0.0
641 0.0
642 0.0
643 0.0
644 0.0
645 0.0
646 0.0
647 0.0
648 0.0
649 0.0
650 0.0
651 0.0
652 0.0
653 0.0
654 0.0
655 0.0
656 0.0
657 0.0
658 0.0
659 0.0
660 0.0
661 0.0083199999999999993
662 0.0083199999999999993
663 0.0
664 0.0
665 0.0
666 0.0
667 0.0
668 0.0
669 0.0
670 0.0
671 0.0
672 0.0
673 0.0
674 0.0
675 0.0
676 0.0
677 0.0
678 0.0
679 0.0
680 0.0
681 0.0
682 0.0
683 0.0
684 0.0
685 0.0
686 0.0
687 0.0
688 0.0
689 0.0
690 0.0
691 0.0
692 0.0
693 0.0
694 0.0
695 0.0
696 0.0
697 0.0
698 0.0
699 0.0
700 0.0
701 0.0
702 0.0
703 0.0
704 0.0
705 0.0
706 0.0
707 0.0
708 0.0
709 0.0
710 0.0
711 0.0
712 0.0
713 0.0
714 0.0
715 0.0
716 0.0
717 0.0
718 0.0
719 0.0
720 0.0
721 0.0
722 0.0
723 0.0
724 0.0
725 0.0
726 0.0
727 0.0
728 0.0
729 0.0
730 0.0
731 0.0
732 0.0
733 0.0
734 0.0
735 0.0
736 0.0
737 0.0
738 0.0
739 0.0
740 0.0
741 0.0
742 0.0
743 0.0
744 0.0
745 0.0
746 0.0
747 0.0
748 0.0
749 0.0
750 0.0
751 0.0
752 0.0
753 0.0
754 0.0
755 0.0
756 0.0
757 0.0
758 0.0083199999999999993
759 0.016639999999999999
760 0.016639999999999999
761 0.0
762 0.0
763 0.0
764 0.0
765 0.0
766 0.0
767 0.0083199999999999993
768 0.016639999999999999
769 0.0
770 0.0
771 0.0
772 0.0
773 0.0
774 0.0
775 0.0
776 0.0
777 0.0
778 0.0
779 0.0
780 0.0
781 0.0
782 0.0
783 0.0
784 0.0
785 0.0
786 0.0
787 0.0
788 0.0
789 0.0
790 0.0
791 0.0
792 0.0
793 0.02496
794 0.016639999999999999
795 0.02496
796 0.0
797 0.016639999999999999
798 0.016639999999999999
799 0.041599999999999998
800 0.05824
801 0.02496
802 0.0
803 0.016639999999999999
804 0.033279999999999997
805 0.0
806 0.0
807 0.0
808 0.0083199999999999993
809 0.016639999999999999
810 0.02496
811 0.0
812 0.0
813 0.016639999999999999
814 0.0
815 0.0
816 0.033279999999999997
817 0.016639999999999999
818 0.0083199999999999993
819 0.0
820 0.016639999999999999
821 0.0
822 0.016639999999999999
823 0.016639999999999999
824 0.016639999999999999
825 0.0083199999999999993
826 0.0
827 0.016639999999999999
828 0.0
829 0.016639999999999999
830 0.033279999999999997
831 0.02496
832 0.0
833 0.016639999999999999
834 0.016639999999999999
835 0.05824
836 0.033279999999999997
837 0.041599999999999998
838 0.041599999999999998
839 0.02496
840 0.0
841 0.016639999999999999
842 0.0
843 0.0
844 0.0083199999999999993
845 0.016639999999999999
846 0.016639999999999999
847 0.0083199999999999993
848 0.0
849 0.016639999999999999
850 0.0
851 0.0
852 0.02496
853 0.02496
854 0.0
855 0.0083199999999999993
856 0.0
857 0.0
858 0.0
859 0.033279999999999997
860 0.016639999999999999
861 0.0
862 0.0083199999999999993
863 0.0
864 0.0
865 0.016639999999999999
866 0.016639999999999999
867 0.016639999999999999
868 0.0
869 0.0
870 0.0
871 0.0
872 0.0
873 0.0
874 0.0
875 0.0
876 0.0083199999999999993
877 0.0
878 0.0
879 0.0
880 0.0
881 0.0
882 0.0
883 0.0
884 0.0
885 0.0
886 0.02496
887 0.016639999999999999
888 0.016639999999999999
889 0.0
890 0.0
891 0.0
892 0.0
893 0.0
894 0.0083199999999999993
895 0.016639999999999999
896 0.0083199999999999993
897 0.0
898 0.0
899 0.0
900 0.0
901 0.0
902 0.0
903 0.0
904 0.02496
905 0.0
906 0.0
907 0.0
908 0.0
909 0.0
910 0.0
911 0.0
912 0.0
913 0.0
914 0.0
915 0.0
916 0.0
917 0.0
918 0.0
919 0.0083199999999999993
920 0.0
921 0.0
922 0.0
923 0.0
924 0.0
925 0.0
926 0.0
927 0.0
928 0.0
929 0.0
930 0.0
931 0.0
932 0.0
933 0.0
934 0.0
935 0.0
936 0.0
937 0.0
938 0.0
939 0.0
940 0.0
941 0.0
942 0.0
943 0.0
944 0.0
945 0.0
946 0.0
947 0.0
948 0.0
949 0.0
950 0.02496
951 0.016639999999999999
952 0.0083199999999999993
953 0.0
954 0.0
955 0.0
956 0.0
957 0.0
958 0.033279999999999997
959 0.0083199999999999993
960 0.0
961 0.0
962 0.0
963 0.0
964 0.0
965 0.0
966 0.0
967 0.033279999999999997
968 0.0083199999999999993
969 0.0
970 0.0
971 0.0
972 0.0
973 0.0083199999999999993
974 0.016639999999999999
975 0.0
976 0.016639999999999999
977 0.0
978 0.0
979 0.0
980 0.0083199999999999993
981 0.016639999999999999
982 0.0
983 0.0
984 0.0
985 0.0
986 0.049919999999999999
987 0.02496
988 0.016639999999999999
989 0.0
990 0.016639999999999999
991 0.0
992 0.0
993 0.0
994 0.02496
995 0.016639999999999999
996 0.016639999999999999
997 0.0083199999999999993
998 0.0
999 0.016639999999999999
