0 0.0
1 0.05024
2 0.016639999999999999
3 0.016639999999999999
4 0.041599999999999998
5 0.033279999999999997
6 0.033279999999999997
7 0.0
8 0.033279999999999997
9 0.0083199999999999993
10 0.0
11 0.0
12 0.0
13 0.0
14 0.016639999999999999
15 0.016639999999999999
16 0.0
17 0.0
18 0.0
19 0.0
20 0.0
21 0.0
22 0.016639999999999999
23 0.016639999999999999
24 0.0
25 0.0
26 0.016639999999999999
27 0.0
28 0.0
29 0.0
30 0.0
31 0.0083199999999999993
32 0.0
33 0.0
34 0.0
35 0.0
36 0.0
37 0.0
38 0.0
39 0.0
40 0.0
41 0.0
42 0.0
43 0.0
44 0.0
45 0.0
46 0.0
47 0.0
48 0.0
49 0.0
50 0.0
51 0.0
52 0.0
53 0.0
54 0.0
55 0.0
56 0.0
57 0.0083199999999999993
58 0.016639999999999999
59 0.0
60 0.0
61 0.0
62 0.0
63 0.0
64 0.0
65 0.0
66 0.016639999999999999
67 0.0
68 0.0
69 0.0
70 0.0
71 0.0
72 0.0
73 0.0
74 0.0
75 0.0
76 0.0083199999999999993
77 0.033279999999999997
78 0.02496
79 0.016639999999999999
80 0.016639999999999999
81 0.0
82 0.0
83 0.0
84 0.0
85 0.0
86 0.0
87 0.02496
88 0.0083199999999999993
89 0.0
90 0.0
91 0.0
92 0.0
93 0.0
94 0.0
95 0.0
96 0.0083199999999999993
97 0.0
98 0.0
99 0.0
100 0.0
101 0.0
102 0.0
103 0.0
104 0.0
105 0.0
106 0.0
107 0.0
108 0.0
109 0.0
110 0.0
111 0.0
112 0.02496
113 0.02496
114 0.033279999999999997
115 0.0
116 0.016639999999999999
117 0.0
118 0.02496
119 0.0
120 0.0
121 0.0083199999999999993
122 0.016639999999999999
123 0.0
124 0.0
125 0.0
126 0.0
127 0.016639999999999999
128 0.033279999999999997
129 0.02496
130 0.0
131 0.016639999999999999
132 0.016639999999999999
133 0.041599999999999998
134 0.041599999999999998
135 0.041599999999999998
136 0.0
137 0.016639999999999999
138 0.033279999999999997
139 0.0
140 0.0
141 0.0
142 0.0
143 0.02496
144 0.016639999999999999
145 0.0083199999999999993
146 0.0
147 0.016639999999999999
148 0.0
149 0.0
150 0.016639999999999999
151 0.016639999999999999
152 0.016639999999999999
153 0.0
154 0.0083199999999999993
155 0.0
156 0.0
157 0.016639999999999999
158 0.016639999999999999
159 0.016639999999999999
160 0.0
161 0.0
162 0.0
163 0.02496
164 0.02496
165 0.02496
166 0.016639999999999999
167 0.016639999999999999
168 0.0
169 0.0
170 0.0
171 0.02496
172 0.033279999999999997
173 0.02496
174 0.016639999999999999
175 0.016639999999999999
176 0.0
177 0.0
178 0.0
179 0.02496
180 0.033279999999999997
181 0.02496
182 0.016639999999999999
183 0.0
184 0.016639999999999999
185 0.0
186 0.02496
187 0.0
188 0.0
189 0.0083199999999999993
190 0.016639999999999999
191 0.0
192 0.016639999999999999
193 0.0
194 0.0
195 0.0083199999999999993
196 0.016639999999999999
197 0.016639999999999999
198 0.0
199 0.0
200 0.0
201 0.02496
202 0.02496
203 0.02496
204 0.016639999999999999
205 0.016639999999999999
206 0.0
207 0.0
208 0.0
209 0.02496
210 0.033279999999999997
211 0.02496
212 0.016639999999999999
213 0.016639999999999999
214 0.0
215 0.0
216 0.02496
217 0.0
218 0.0
219 0.0083199999999999993
220 0.016639999999999999
221 0.0
222 0.016639999999999999
223 0.0
224 0.0
225 0.0083199999999999993
226 0.016639999999999999
227 0.016639999999999999
228 0.0
229 0.0
230 0.0
231 0.02496
232 0.02496
233 0.033279999999999997
234 0.0083199999999999993
235 0.016639999999999999
236 0.0
237 0.0
238 0.0
239 0.02496
240 0.033279999999999997
241 0.02496
242 0.016639999999999999
243 0.016639999999999999
244 0.0
245 0.0
246 0.02496
247 0.0
248 0.0
249 0.016639999999999999
250 0.0083199999999999993
251 0.0
252 0.016639999999999999
253 0.0
254 0.0
255 0.0083199999999999993
256 0.033279999999999997
257 0.0
258 0.0
259 0.0083199999999999993
260 0.0
261 0.0
262 0.033279999999999997
263 0.016639999999999999
264 0.0
265 0.0083199999999999993
266 0.0
267 0.0
268 0.016639999999999999
269 0.02496
270 0.016639999999999999
271 0.0
272 0.016639999999999999
273 0.0
274 0.0
275 0.033279999999999997
276 0.016639999999999999
277 0.0083199999999999993
278 0.0
279 0.041599999999999998
280 0.041599999999999998
281 0.033279999999999997
282 0.041599999999999998
283 0.033279999999999997
284 0.02496
285 0.0
286 0.0083199999999999993
287 0.0
288 0.0
289 0.016639999999999999
290 0.016639999999999999
291 0.016639999999999999
292 0.0083199999999999993
293 0.0
294 0.016639999999999999
295 0.0
296 0.016639999999999999
297 0.016639999999999999
298 0.016639999999999999
299 0.0
300 0.0
301 0.0
302 0.0
303 0.0
304 0.0
305 0.0
306 0.0
307 0.0083199999999999993
308 0.0
309 0.0
310 0.0
311 0.0
312 0.0
313 0.0
314 0.0
315 0.0
316 0.0
317 0.05824
318 0.02496
319 0.016639999999999999
320 0.0
321 0.016639999999999999
322 0.0
323 0.0
324 0.0
325 0.0
326 0.033279999999999997
327 0.02496
328 0.0
329 0.0
330 0.0
331 0.0
332 0.0
333 0.0083199999999999993
334 0.016639999999999999
335 0.0083199999999999993
336 0.0
337 0.0
338 0.0
339 0.0
340 0.0
341 0.0
342 0.0
343 0.02496
344 0.0
345 0.0
346 0.0
347 0.0
348 0.0
349 0.0
350 0.0
351 0.0
352 0.0
353 0.0
354 0.0
355 0.0
356 0.0
357 0.0
358 0.0083199999999999993
359 0.0
360 0.0
361 0.0
362 0.0
363 0.0
364 0.0
365 0.0
366 0.0
367 0.0
368 0.0
369 0.0
370 0.0
371 0.0
372 0.0
373 0.0
374 0.0
375 0.0
376 0.0
377 0.0
378 0.0
379 0.0
380 0.0
381 0.0
382 0.0
383 0.0
384 0.0
385 0.0
386 0.0
387 0.0
388 0.0
389 0.0
390 0.0
391 0.0
392 0.0
393 0.0
394 0.0
395 0.0
396 0.0
397 0.0
398 0.0
399 0.0
400 0.0
401 0.0
402 0.0
403 0.0
404 0.0
405 0.0
406 0.0
407 0.0
408 0.0
409 0.0
410 0.0
411 0.0
412 0.0
413 0.0
414 0.0
415 0.0
416 0.0
417 0.0
418 0.0
419 0.0
420 0.0
421 0.0
422 0.0
423 0.0
424 0.0
425 0.0
426 0.0
427 0.0
428 0.0
429 0.0
430 0.0
431 0.0
432 0.0
433 0.0
434 0.0
435 0.0
436 0.0
437 0.0
438 0.0
439 0.0
440 0.0
441 0.0
442 0.0
443 0.0
444 0.0
445 0.0083199999999999993
446 0.016639999999999999
447 0.016639999999999999
448 0.0
449 0.0
450 0.0
451 0.0
452 0.0
453 0.0
454 0.02496
455 0.0
456 0.0
457 0.0
458 0.0
459 0.0
460 0.0
461 0.0
462 0.0
463 0.0083199999999999993
464 0.0
465 0.0
466 0.0
467 0.0
468 0.0
469 0.0
470 0.0
471 0.0
472 0.0
473 0.0
474 0.0
475 0.0
476 0.0
477 0.0
478 0.0
479 0.016639999999999999
480 0.033279999999999997
481 0.02496
482 0.016639999999999999
483 0.016639999999999999
484 0.0
485 0.0
486 0.0
487 0.02496
488 0.033279999999999997
489 0.02496
490 0.016639999999999999
491 0.016639999999999999
492 0.0
493 0.0
494 0.0
495 0.02496
496 0.033279999999999997
497 0.02496
498 0.016639999999999999
499 0.0
500 0.016639999999999999
501 0.0
502 0.0
503 0.0
504 0.05824
505 0.02496
506 0.016639999999999999
507 0.0
508 0.016639999999999999
509 0.0
510 0.0
511 0.0
512 0.05824
513 0.02496
514 0.016639999999999999
515 0.0
516 0.016639999999999999
517 0.0
518 0.0
519 0.0
520 0.049919999999999999
521 0.033279999999999997
522 0.016639999999999999
523 0.0
524 0.016639999999999999
525 0.0
526 0.0
527 0.0
528 0.049919999999999999
529 0.033279999999999997
530 0.016639999999999999
531 0.0
532 0.016639999999999999
533 0.0
534 0.0
535 0.0
536 0.041599999999999998
537 0.041599999999999998
538 0.016639999999999999
539 0.0
540 0.016639999999999999
541 0.0
542 0.0
543 0.0
544 0.041599999999999998
545 0.041599999999999998
546 0.016639999999999999
547 0.0
548 0.016639999999999999
549 0.0
550 0.0
551 0.0
552 0.041599999999999998
553 0.033279999999999997
554 0.02496
555 0.0
556 0.016639999999999999
557 0.0
558 0.0
559 0.0
560 0.041599999999999998
561 0.02496
562 0.033279999999999997
563 0.0
564 0.016639999999999999
565 0.0
566 0.0
567 0.0
568 0.041599999999999998
569 0.016639999999999999
570 0.041599999999999998
571 0.0
572 0.016639999999999999
573 0.0
574 0.0
575 0.0
576 0.033279999999999997
577 0.02496
578 0.033279999999999997
579 0.0083199999999999993
580 0.016639999999999999
581 0.0
582 0.0
583 0.0
584 0.02496
585 0.033279999999999997
586 0.02496
587 0.016639999999999999
588 0.016639999999999999
589 0.0
590 0.0
591 0.0
592 0.02496
593 0.033279999999999997
594 0.02496
595 0.016639999999999999
596 0.016639999999999999
597 0.0
598 0.0
599 0.0
600 0.02496
601 0.033279999999999997
602 0.02496
603 0.016639999999999999
604 0.016639999999999999
605 0.0
606 0.0
607 0.0
608 0.02496
609 0.033279999999999997
610 0.02496
611 0.016639999999999999
612 0.0
613 0.016639999999999999
614 0.0
615 0.0
616 0.0
617 0.05824
618 0.02496
619 0.016639999999999999
620 0.0
621 0.016639999999999999
622 0.0
623 0.0
624 0.0
625 0.05824
626 0.02496
627 0.016639999999999999
628 0.0
629 0.016639999999999999
630 0.0
631 0.0
632 0.0
633 0.049919999999999999
634 0.033279999999999997
635 0.016639999999999999
636 0.0
637 0.016639999999999999
638 0.0
639 0.0
640 0.0
641 0.041599999999999998
642 0.041599999999999998
643 0.016639999999999999
644 0.0
645 0.016639999999999999
646 0.0
647 0.0
648 0.0
649 0.041599999999999998
650 0.041599999999999998
651 0.016639999999999999
652 0.0
653 0.016639999999999999
654 0.0
655 0.0
656 0.0
657 0.041599999999999998
658 0.033279999999999997
659 0.02496
660 0.0
661 0.016639999999999999
662 0.0
663 0.0
664 0.0
665 0.041599999999999998
666 0.02496
667 0.033279999999999997
668 0.0
669 0.016639999999999999
670 0.0
671 0.0
672 0.0
673 0.041599999999999998
674 0.016639999999999999
675 0.041599999999999998
676 0.0
677 0.016639999999999999
678 0.0
679 0.0
680 0.0
681 0.041599999999999998
682 0.016639999999999999
683 0.041599999999999998
684 0.0
685 0.016639999999999999
686 0.0
687 0.0
688 0.0
689 0.033279999999999997
690 0.02496
691 0.033279999999999997
692 0.0083199999999999993
693 0.016639999999999999
694 0.0
695 0.0
696 0.0
697 0.02496
698 0.033279999999999997
699 0.02496
700 0.016639999999999999
701 0.016639999999999999
702 0.0
703 0.0
704 0.0
705 0.02496
706 0.033279999999999997
707 0.02496
708 0.016639999999999999
709 0.016639999999999999
710 0.0
711 0.0
712 0.0
713 0.02496
714 0.033279999999999997
715 0.02496
716 0.016639999999999999
717 0.0
718 0.016639999999999999
719 0.0
720 0.0
721 0.0
722 0.05824
723 0.02496
724 0.016639999999999999
725 0.0
726 0.016639999999999999
727 0.0
728 0.0
729 0.0
730 0.05824
731 0.02496
732 0.016639999999999999
733 0.0
734 0.016639999999999999
735 0.0
736 0.0
737 0.0
738 0.049919999999999999
739 0.033279999999999997
740 0.016639999999999999
741 0.0
742 0.016639999999999999
743 0.0
744 0.0
745 0.0
746 0.041599999999999998
747 0.041599999999999998
748 0.016639999999999999
749 0.0
750 0.016639999999999999
751 0.0
752 0.0
753 0.0
754 0.041599999999999998
755 0.041599999999999998
756 0.016639999999999999
757 0.0
758 0.016639999999999999
759 0.0
760 0.0
761 0.0
762 0.041599999999999998
763 0.041599999999999998
764 0.016639999999999999
765 0.0
766 0.016639999999999999
767 0.0
768 0.0
769 0.0
770 0.041599999999999998
771 0.033279999999999997
772 0.02496
773 0.0
774 0.016639999999999999
775 0.0
776 0.0
777 0.0
778 0.041599999999999998
779 0.02496
780 0.033279999999999997
781 0.0
782 0.016639999999999999
783 0.0
784 0.0
785 0.0
786 0.041599999999999998
787 0.016639999999999999
788 0.041599999999999998
789 0.0
790 0.016639999999999999
791 0.0
792 0.0
793 0.0
794 0.033279999999999997
795 0.02496
796 0.033279999999999997
797 0.0083199999999999993
798 0.016639999999999999
799 0.0
800 0.0
801 0.0
802 0.02496
803 0.033279999999999997
804 0.02496
805 0.016639999999999999
806 0.016639999999999999
807 0.0
808 0.0
809 0.0
810 0.02496
811 0.033279999999999997
812 0.02496
813 0.016639999999999999
814 0.016639999999999999
815 0.0
816 0.0
817 0.0
818 0.02496
819 0.033279999999999997
820 0.02496
821 0.016639999999999999
822 0.0
823 0.016639999999999999
824 0.0
825 0.0
826 0.02496
827 0.033279999999999997
828 0.02496
829 0.016639999999999999
830 0.0
831 0.016639999999999999
832 0.0
833 0.0
834 0.0
835 0.05824
836 0.02496
837 0.016639999999999999
838 0.0
839 0.016639999999999999
840 0.0
841 0.0
842 0.0
843 0.05824
844 0.02496
845 0.016639999999999999
846 0.0
847 0.016639999999999999
848 0.0
849 0.0
850 0.0
851 0.049919999999999999
852 0.033279999999999997
853 0.016639999999999999
854 0.0
855 0.016639999999999999
856 0.0
857 0.0
858 0.0
859 0.041599999999999998
860 0.041599999999999998
861 0.016639999999999999
862 0.0
863 0.016639999999999999
864 0.0
865 0.0
866 0.0
867 0.041599999999999998
868 0.041599999999999998
869 0.016639999999999999
870 0.0
871 0.016639999999999999
872 0.0
873 0.0
874 0.0
875 0.041599999999999998
876 0.033279999999999997
877 0.02496
878 0.0
879 0.016639999999999999
880 0.0
881 0.0
882 0.0
883 0.041599999999999998
884 0.02496
885 0.033279999999999997
886 0.0
887 0.016639999999999999
888 0.0
889 0.0
890 0.0
891 0.041599999999999998
892 0.016639999999999999
893 0.041599999999999998
894 0.0
895 0.016639999999999999
896 0.0
897 0.0
898 0.0
899 0.033279999999999997
900 0.02496
901 0.033279999999999997
902 0.0083199999999999993
903 0.016639999999999999
904 0.0
905 0.0
906 0.0
907 0.033279999999999997
908 0.02496
909 0.033279999999999997
910 0.0083199999999999993
911 0.016639999999999999
912 0.0
913 0.0
914 0.0
915 0.02496
916 0.033279999999999997
917 0.02496
918 0.016639999999999999
919 0.016639999999999999
920 0.0
921 0.0
922 0.0
923 0.02496
924 0.033279999999999997
925 0.02496
926 0.016639999999999999
927 0.016639999999999999
928 0.0
929 0.0
930 0.0
931 0.02496
932 0.033279999999999997
933 0.02496
934 0.016639999999999999
935 0.0
936 0.016639999999999999
937 0.0
938 0.0
939 0.0
940 0.05824
941 0.02496
942 0.016639999999999999
943 0.0
944 0.016639999999999999
945 0.0
946 0.0
947 0.0
948 0.05824
949 0.02496
950 0.016639999999999999
951 0.0
952 0.016639999999999999
953 0.0
954 0.0
955 0.0
956 0.049919999999999999
957 0.033279999999999997
958 0.016639999999999999
959 0.0
960 0.016639999999999999
961 0.0
962 0.0
963 0.0
964 0.041599999999999998
965 0.041599999999999998
966 0.016639999999999999
967 0.0
968 0.016639999999999999
969 0.0
970 0.0
971 0.0
972 0.041599999999999998
973 0.041599999999999998
974 0.016639999999999999
975 0.0
976 0.016639999999999999
977 0.0
978 0.0
979 0.0
980 0.041599999999999998
981 0.033279999999999997
982 0.02496
983 0.0
984 0.016639999999999999
985 0.0
986 0.0
987 0.0
988 0.041599999999999998
989 0.033279999999999997
990 0.02496
991 0.0
992 0.016639999999999999
993 0.0
994 0.0
995 0.0
996 0.041599999999999998
997 0.02496
998 0.033279999999999997
999 0.0
