0 0.0
1 0.05024
2 0.016639999999999999
3 0.041599999999999998
4 0.066559999999999994
5 0.041599999999999998
6 0.016639999999999999
7 0.083199999999999996
8 0.05824
9 0.041599999999999998
10 0.041599999999999998
11 0.0083199999999999993
12 0.10816000000000001
13 0.033279999999999997
14 0.049919999999999999
15 0.041599999999999998
16 0.066559999999999994
17 0.041599999999999998
18 0.05824
19 0.05824
20 0.0083199999999999993
21 0.083199999999999996
22 0.05824
23 0.041599999999999998
24 0.041599999999999998
25 0.0083199999999999993
26 0.10816000000000001
27 0.033279999999999997
28 0.05824
29 0.033279999999999997
30 0.074880000000000002
31 0.041599999999999998
32 0.05824
33 0.049919999999999999
34 0.0083199999999999993
35 0.083199999999999996
36 0.05824
37 0.041599999999999998
38 0.041599999999999998
39 0.0083199999999999993
40 0.10816000000000001
41 0.033279999999999997
42 0.05824
43 0.033279999999999997
44 0.074880000000000002
45 0.041599999999999998
46 0.05824
47 0.049919999999999999
48 0.0083199999999999993
49 0.083199999999999996
50 0.05824
51 0.041599999999999998
52 0.041599999999999998
53 0.0083199999999999993
54 0.10816000000000001
55 0.033279999999999997
56 0.05824
57 0.033279999999999997
58 0.074880000000000002
59 0.041599999999999998
60 0.05824
61 0.049919999999999999
62 0.0083199999999999993
63 0.083199999999999996
64 0.05824
65 0.041599999999999998
66 0.041599999999999998
67 0.0083199999999999993
68 0.10816000000000001
69 0.033279999999999997
70 0.05824
71 0.033279999999999997
72 0.074880000000000002
73 0.041599999999999998
74 0.05824
75 0.049919999999999999
76 0.0083199999999999993
77 0.091520000000000004
78 0.049919999999999999
79 0.041599999999999998
80 0.049919999999999999
81 0.066559999999999994
82 0.041599999999999998
83 0.041599999999999998
84 0.05824
85 0.02496
86 0.083199999999999996
87 0.041599999999999998
88 0.05824
89 0.041599999999999998
90 0.0083199999999999993
91 0.091520000000000004
92 0.049919999999999999
93 0.041599999999999998
94 0.049919999999999999
95 0.066559999999999994
96 0.041599999999999998
97 0.041599999999999998
98 0.05824
99 0.02496
100 0.083199999999999996
101 0.041599999999999998
102 0.05824
103 0.041599999999999998
104 0.0083199999999999993
105 0.091520000000000004
106 0.049919999999999999
107 0.041599999999999998
108 0.049919999999999999
109 0.066559999999999994
110 0.041599999999999998
111 0.041599999999999998
112 0.05824
113 0.02496
114 0.083199999999999996
115 0.041599999999999998
116 0.05824
117 0.041599999999999998
118 0.0083199999999999993
119 0.091520000000000004
120 0.049919999999999999
121 0.041599999999999998
122 0.049919999999999999
123 0.066559999999999994
124 0.041599999999999998
125 0.041599999999999998
126 0.05824
127 0.02496
128 0.083199999999999996
129 0.049919999999999999
130 0.049919999999999999
131 0.041599999999999998
132 0.0083199999999999993
133 0.099839999999999998
134 0.041599999999999998
135 0.041599999999999998
136 0.049919999999999999
137 0.066559999999999994
138 0.041599999999999998
139 0.049919999999999999
140 0.05824
141 0.016639999999999999
142 0.083199999999999996
143 0.049919999999999999
144 0.049919999999999999
145 0.041599999999999998
146 0.0083199999999999993
147 0.099839999999999998
148 0.041599999999999998
149 0.041599999999999998
150 0.049919999999999999
151 0.066559999999999994
152 0.041599999999999998
153 0.049919999999999999
154 0.05824
155 0.016639999999999999
156 0.083199999999999996
157 0.049919999999999999
158 0.049919999999999999
159 0.041599999999999998
160 0.0083199999999999993
161 0.099839999999999998
162 0.041599999999999998
163 0.041599999999999998
164 0.049919999999999999
165 0.066559999999999994
166 0.041599999999999998
167 0.049919999999999999
168 0.05824
169 0.016639999999999999
170 0.083199999999999996
171 0.049919999999999999
172 0.049919999999999999
173 0.041599999999999998
174 0.0083199999999999993
175 0.099839999999999998
176 0.041599999999999998
177 0.041599999999999998
178 0.049919999999999999
179 0.066559999999999994
180 0.041599999999999998
181 0.05824
182 0.05824
183 0.0083199999999999993
184 0.083199999999999996
185 0.05824
186 0.041599999999999998
187 0.041599999999999998
188 0.0083199999999999993
189 0.10816000000000001
190 0.033279999999999997
191 0.049919999999999999
192 0.041599999999999998
193 0.066559999999999994
194 0.041599999999999998
195 0.05824
196 0.05824
197 0.0083199999999999993
198 0.083199999999999996
199 0.05824
200 0.041599999999999998
201 0.041599999999999998
202 0.0083199999999999993
203 0.10816000000000001
204 0.033279999999999997
205 0.049919999999999999
206 0.041599999999999998
207 0.066559999999999994
208 0.041599999999999998
209 0.05824
210 0.05824
211 0.0083199999999999993
212 0.083199999999999996
213 0.05824
214 0.041599999999999998
215 0.041599999999999998
216 0.0083199999999999993
217 0.10816000000000001
218 0.033279999999999997
219 0.049919999999999999
220 0.041599999999999998
221 0.066559999999999994
222 0.041599999999999998
223 0.05824
224 0.05824
225 0.0083199999999999993
226 0.083199999999999996
227 0.05824
228 0.041599999999999998
229 0.041599999999999998
230 0.0083199999999999993
231 0.10816000000000001
232 0.033279999999999997
233 0.05824
234 0.033279999999999997
235 0.074880000000000002
236 0.041599999999999998
237 0.05824
238 0.049919999999999999
239 0.0083199999999999993
240 0.083199999999999996
241 0.05824
242 0.041599999999999998
243 0.041599999999999998
244 0.0083199999999999993
245 0.10816000000000001
246 0.033279999999999997
247 0.05824
248 0.033279999999999997
249 0.074880000000000002
250 0.041599999999999998
251 0.05824
252 0.049919999999999999
253 0.0083199999999999993
254 0.083199999999999996
255 0.05824
256 0.041599999999999998
257 0.041599999999999998
258 0.0083199999999999993
259 0.10816000000000001
260 0.033279999999999997
261 0.05824
262 0.033279999999999997
263 0.074880000000000002
264 0.041599999999999998
265 0.05824
266 0.049919999999999999
267 0.0083199999999999993
268 0.083199999999999996
269 0.05824
270 0.041599999999999998
271 0.041599999999999998
272 0.0083199999999999993
273 0.10816000000000001
274 0.033279999999999997
275 0.05824
276 0.033279999999999997
277 0.074880000000000002
278 0.041599999999999998
279 0.05824
280 0.049919999999999999
281 0.0083199999999999993
282 0.083199999999999996
283 0.05824
284 0.041599999999999998
285 0.049919999999999999
286 0.066559999999999994
287 0.041599999999999998
288 0.041599999999999998
289 0.05824
290 0.02496
291 0.083199999999999996
292 0.041599999999999998
293 0.05824
294 0.041599999999999998
295 0.0083199999999999993
296 0.091520000000000004
297 0.049919999999999999
298 0.041599999999999998
299 0.049919999999999999
300 0.066559999999999994
301 0.041599999999999998
302 0.041599999999999998
303 0.05824
304 0.02496
305 0.083199999999999996
306 0.041599999999999998
307 0.05824
308 0.041599999999999998
309 0.0083199999999999993
310 0.091520000000000004
311 0.049919999999999999
312 0.041599999999999998
313 0.049919999999999999
314 0.066559999999999994
315 0.041599999999999998
316 0.041599999999999998
317 0.05824
318 0.02496
319 0.083199999999999996
320 0.041599999999999998
321 0.05824
322 0.041599999999999998
323 0.0083199999999999993
324 0.091520000000000004
325 0.049919999999999999
326 0.041599999999999998
327 0.049919999999999999
328 0.066559999999999994
329 0.041599999999999998
330 0.041599999999999998
331 0.05824
332 0.02496
333 0.083199999999999996
334 0.041599999999999998
335 0.05824
336 0.041599999999999998
337 0.0083199999999999993
338 0.099839999999999998
339 0.041599999999999998
340 0.041599999999999998
341 0.049919999999999999
342 0.066559999999999994
343 0.041599999999999998
344 0.049919999999999999
345 0.05824
346 0.016639999999999999
347 0.083199999999999996
348 0.049919999999999999
349 0.049919999999999999
350 0.041599999999999998
351 0.0083199999999999993
352 0.099839999999999998
353 0.041599999999999998
354 0.041599999999999998
355 0.049919999999999999
356 0.066559999999999994
357 0.041599999999999998
358 0.049919999999999999
359 0.05824
360 0.016639999999999999
361 0.083199999999999996
362 0.049919999999999999
363 0.049919999999999999
364 0.041599999999999998
365 0.0083199999999999993
366 0.099839999999999998
367 0.041599999999999998
368 0.041599999999999998
369 0.049919999999999999
370 0.066559999999999994
371 0.041599999999999998
372 0.049919999999999999
373 0.05824
374 0.016639999999999999
375 0.083199999999999996
376 0.049919999999999999
377 0.049919999999999999
378 0.041599999999999998
379 0.0083199999999999993
380 0.099839999999999998
381 0.041599999999999998
382 0.041599999999999998
383 0.049919999999999999
384 0.066559999999999994
385 0.041599999999999998
386 0.049919999999999999
387 0.05824
388 0.016639999999999999
389 0.083199999999999996
390 0.05824
391 0.041599999999999998
392 0.041599999999999998
393 0.0083199999999999993
394 0.10816000000000001
395 0.033279999999999997
396 0.049919999999999999
397 0.041599999999999998
398 0.066559999999999994
399 0.041599999999999998
400 0.05824
401 0.05824
402 0.0083199999999999993
403 0.083199999999999996
404 0.05824
405 0.041599999999999998
406 0.041599999999999998
407 0.0083199999999999993
408 0.10816000000000001
409 0.033279999999999997
410 0.049919999999999999
411 0.041599999999999998
412 0.066559999999999994
413 0.041599999999999998
414 0.05824
415 0.05824
416 0.0083199999999999993
417 0.083199999999999996
418 0.05824
419 0.041599999999999998
420 0.041599999999999998
421 0.0083199999999999993
422 0.10816000000000001
423 0.033279999999999997
424 0.049919999999999999
425 0.041599999999999998
426 0.066559999999999994
427 0.041599999999999998
428 0.05824
429 0.05824
430 0.0083199999999999993
431 0.083199999999999996
432 0.05824
433 0.041599999999999998
434 0.041599999999999998
435 0.0083199999999999993
436 0.10816000000000001
437 0.033279999999999997
438 0.049919999999999999
439 0.041599999999999998
440 0.066559999999999994
441 0.049919999999999999
442 0.05824
443 0.049919999999999999
444 0.0083199999999999993
445 0.083199999999999996
446 0.05824
447 0.041599999999999998
448 0.041599999999999998
449 0.0083199999999999993
450 0.10816000000000001
451 0.033279999999999997
452 0.05824
453 0.033279999999999997
454 0.074880000000000002
455 0.041599999999999998
456 0.05824
457 0.049919999999999999
458 0.0083199999999999993
459 0.083199999999999996
460 0.05824
461 0.041599999999999998
462 0.041599999999999998
463 0.0083199999999999993
464 0.10816000000000001
465 0.033279999999999997
466 0.05824
467 0.033279999999999997
468 0.074880000000000002
469 0.041599999999999998
470 0.05824
471 0.049919999999999999
472 0.0083199999999999993
473 0.083199999999999996
474 0.05824
475 0.041599999999999998
476 0.041599999999999998
477 0.0083199999999999993
478 0.10816000000000001
479 0.033279999999999997
480 0.05824
481 0.033279999999999997
482 0.074880000000000002
483 0.041599999999999998
484 0.05824
485 0.049919999999999999
486 0.0083199999999999993
487 0.083199999999999996
488 0.05824
489 0.041599999999999998
490 0.041599999999999998
491 0.0083199999999999993
492 0.10816000000000001
493 0.041599999999999998
494 0.05824
495 0.02496
496 0.083199999999999996
497 0.041599999999999998
498 0.05824
499 0.041599999999999998
500 0.0083199999999999993
501 0.091520000000000004
502 0.049919999999999999
503 0.041599999999999998
504 0.049919999999999999
505 0.066559999999999994
506 0.041599999999999998
507 0.041599999999999998
508 0.05824
509 0.02496
510 0.083199999999999996
511 0.041599999999999998
512 0.05824
513 0.041599999999999998
514 0.0083199999999999993
515 0.091520000000000004
516 0.049919999999999999
517 0.041599999999999998
518 0.049919999999999999
519 0.066559999999999994
520 0.041599999999999998
521 0.041599999999999998
522 0.05824
523 0.02496
524 0.083199999999999996
525 0.041599999999999998
526 0.05824
527 0.041599999999999998
528 0.0083199999999999993
529 0.091520000000000004
530 0.049919999999999999
531 0.041599999999999998
532 0.049919999999999999
533 0.066559999999999994
534 0.041599999999999998
535 0.041599999999999998
536 0.05824
537 0.02496
538 0.083199999999999996
539 0.041599999999999998
540 0.05824
541 0.041599999999999998
542 0.0083199999999999993
543 0.091520000000000004
544 0.049919999999999999
545 0.041599999999999998
546 0.049919999999999999
547 0.066559999999999994
548 0.041599999999999998
549 0.049919999999999999
550 0.05824
551 0.016639999999999999
552 0.083199999999999996
553 0.049919999999999999
554 0.049919999999999999
555 0.041599999999999998
556 0.0083199999999999993
557 0.099839999999999998
558 0.041599999999999998
559 0.041599999999999998
560 0.049919999999999999
561 0.066559999999999994
562 0.041599999999999998
563 0.049919999999999999
564 0.05824
565 0.016639999999999999
566 0.083199999999999996
567 0.049919999999999999
568 0.049919999999999999
569 0.041599999999999998
570 0.0083199999999999993
571 0.099839999999999998
572 0.041599999999999998
573 0.041599999999999998
574 0.049919999999999999
575 0.066559999999999994
576 0.041599999999999998
577 0.049919999999999999
578 0.05824
579 0.016639999999999999
580 0.083199999999999996
581 0.049919999999999999
582 0.049919999999999999
583 0.041599999999999998
584 0.0083199999999999993
585 0.099839999999999998
586 0.041599999999999998
587 0.041599999999999998
588 0.049919999999999999
589 0.066559999999999994
590 0.041599999999999998
591 0.049919999999999999
592 0.05824
593 0.016639999999999999
594 0.083199999999999996
595 0.049919999999999999
596 0.049919999999999999
597 0.041599999999999998
598 0.0083199999999999993
599 0.10816000000000001
600 0.033279999999999997
601 0.049919999999999999
602 0.041599999999999998
603 0.066559999999999994
604 0.041599999999999998
605 0.05824
606 0.05824
607 0.0083199999999999993
608 0.083199999999999996
609 0.05824
610 0.041599999999999998
611 0.041599999999999998
612 0.0083199999999999993
613 0.10816000000000001
614 0.033279999999999997
615 0.049919999999999999
616 0.041599999999999998
617 0.066559999999999994
618 0.041599999999999998
619 0.05824
620 0.05824
621 0.0083199999999999993
622 0.083199999999999996
623 0.05824
624 0.041599999999999998
625 0.041599999999999998
626 0.0083199999999999993
627 0.10816000000000001
628 0.033279999999999997
629 0.049919999999999999
630 0.041599999999999998
631 0.066559999999999994
632 0.041599999999999998
633 0.05824
634 0.05824
635 0.0083199999999999993
636 0.083199999999999996
637 0.05824
638 0.041599999999999998
639 0.041599999999999998
640 0.0083199999999999993
641 0.10816000000000001
642 0.033279999999999997
643 0.049919999999999999
644 0.041599999999999998
645 0.066559999999999994
646 0.041599999999999998
647 0.05824
648 0.05824
649 0.0083199999999999993
650 0.083199999999999996
651 0.05824
652 0.041599999999999998
653 0.041599999999999998
654 0.0083199999999999993
655 0.10816000000000001
656 0.033279999999999997
657 0.05824
658 0.033279999999999997
659 0.074880000000000002
660 0.041599999999999998
661 0.05824
662 0.049919999999999999
663 0.0083199999999999993
664 0.083199999999999996
665 0.05824
666 0.041599999999999998
667 0.041599999999999998
668 0.0083199999999999993
669 0.10816000000000001
670 0.033279999999999997
671 0.05824
672 0.033279999999999997
673 0.074880000000000002
674 0.041599999999999998
675 0.05824
676 0.049919999999999999
677 0.0083199999999999993
678 0.083199999999999996
679 0.05824
680 0.041599999999999998
681 0.041599999999999998
682 0.0083199999999999993
683 0.10816000000000001
684 0.033279999999999997
685 0.05824
686 0.033279999999999997
687 0.074880000000000002
688 0.041599999999999998
689 0.05824
690 0.049919999999999999
691 0.0083199999999999993
692 0.083199999999999996
693 0.05824
694 0.041599999999999998
695 0.041599999999999998
696 0.0083199999999999993
697 0.10816000000000001
698 0.033279999999999997
699 0.05824
700 0.033279999999999997
701 0.083199999999999996
702 0.041599999999999998
703 0.05824
704 0.041599999999999998
705 0.0083199999999999993
706 0.091520000000000004
707 0.049919999999999999
708 0.041599999999999998
709 0.049919999999999999
710 0.066559999999999994
711 0.041599999999999998
712 0.041599999999999998
713 0.05824
714 0.02496
715 0.083199999999999996
716 0.041599999999999998
717 0.05824
718 0.041599999999999998
719 0.0083199999999999993
720 0.091520000000000004
721 0.049919999999999999
722 0.041599999999999998
723 0.049919999999999999
724 0.066559999999999994
725 0.041599999999999998
726 0.041599999999999998
727 0.05824
728 0.02496
729 0.083199999999999996
730 0.041599999999999998
731 0.05824
732 0.041599999999999998
733 0.0083199999999999993
734 0.091520000000000004
735 0.049919999999999999
736 0.041599999999999998
737 0.049919999999999999
738 0.066559999999999994
739 0.041599999999999998
740 0.041599999999999998
741 0.05824
742 0.02496
743 0.083199999999999996
744 0.041599999999999998
745 0.05824
746 0.041599999999999998
747 0.0083199999999999993
748 0.091520000000000004
749 0.049919999999999999
750 0.041599999999999998
751 0.049919999999999999
752 0.066559999999999994
753 0.041599999999999998
754 0.049919999999999999
755 0.05824
756 0.016639999999999999
757 0.083199999999999996
758 0.049919999999999999
759 0.049919999999999999
760 0.041599999999999998
761 0.0083199999999999993
762 0.099839999999999998
763 0.041599999999999998
764 0.041599999999999998
765 0.049919999999999999
766 0.066559999999999994
767 0.041599999999999998
768 0.049919999999999999
769 0.05824
770 0.016639999999999999
771 0.083199999999999996
772 0.049919999999999999
773 0.049919999999999999
774 0.041599999999999998
775 0.0083199999999999993
776 0.099839999999999998
777 0.041599999999999998
778 0.041599999999999998
779 0.049919999999999999
780 0.066559999999999994
781 0.041599999999999998
782 0.049919999999999999
783 0.05824
784 0.016639999999999999
785 0.083199999999999996
786 0.049919999999999999
787 0.049919999999999999
788 0.041599999999999998
789 0.0083199999999999993
790 0.099839999999999998
791 0.041599999999999998
792 0.041599999999999998
793 0.049919999999999999
794 0.066559999999999994
795 0.041599999999999998
796 0.049919999999999999
797 0.05824
798 0.016639999999999999
799 0.083199999999999996
800 0.049919999999999999
801 0.049919999999999999
802 0.041599999999999998
803 0.0083199999999999993
804 0.099839999999999998
805 0.041599999999999998
806 0.049919999999999999
807 0.041599999999999998
808 0.066559999999999994
809 0.041599999999999998
810 0.05824
811 0.05824
812 0.0083199999999999993
813 0.083199999999999996
814 0.05824
815 0.041599999999999998
816 0.041599999999999998
817 0.0083199999999999993
818 0.10816000000000001
819 0.033279999999999997
820 0.049919999999999999
821 0.041599999999999998
822 0.066559999999999994
823 0.041599999999999998
824 0.05824
825 0.05824
826 0.0083199999999999993
827 0.083199999999999996
828 0.05824
829 0.041599999999999998
830 0.041599999999999998
831 0.0083199999999999993
832 0.10816000000000001
833 0.033279999999999997
834 0.049919999999999999
835 0.041599999999999998
836 0.066559999999999994
837 0.041599999999999998
838 0.05824
839 0.05824
840 0.0083199999999999993
841 0.083199999999999996
842 0.05824
843 0.041599999999999998
844 0.041599999999999998
845 0.0083199999999999993
846 0.10816000000000001
847 0.033279999999999997
848 0.049919999999999999
849 0.041599999999999998
850 0.066559999999999994
851 0.041599999999999998
852 0.05824
853 0.05824
854 0.0083199999999999993
855 0.083199999999999996
856 0.05824
857 0.041599999999999998
858 0.041599999999999998
859 0.0083199999999999993
860 0.10816000000000001
861 0.033279999999999997
862 0.05824
863 0.033279999999999997
864 0.074880000000000002
865 0.041599999999999998
866 0.05824
867 0.049919999999999999
868 0.0083199999999999993
869 0.083199999999999996
870 0.05824
871 0.041599999999999998
872 0.041599999999999998
873 0.0083199999999999993
874 0.10816000000000001
875 0.033279999999999997
876 0.05824
877 0.033279999999999997
878 0.074880000000000002
879 0.041599999999999998
880 0.05824
881 0.049919999999999999
882 0.0083199999999999993
883 0.083199999999999996
884 0.05824
885 0.041599999999999998
886 0.041599999999999998
887 0.0083199999999999993
888 0.10816000000000001
889 0.033279999999999997
890 0.05824
891 0.033279999999999997
892 0.074880000000000002
893 0.041599999999999998
894 0.05824
895 0.049919999999999999
896 0.0083199999999999993
897 0.083199999999999996
898 0.05824
899 0.041599999999999998
900 0.041599999999999998
901 0.0083199999999999993
902 0.10816000000000001
903 0.033279999999999997
904 0.05824
905 0.033279999999999997
906 0.074880000000000002
907 0.041599999999999998
908 0.05824
909 0.049919999999999999
910 0.0083199999999999993
911 0.091520000000000004
912 0.049919999999999999
913 0.041599999999999998
914 0.049919999999999999
915 0.066559999999999994
916 0.041599999999999998
917 0.041599999999999998
918 0.05824
919 0.02496
920 0.083199999999999996
921 0.041599999999999998
922 0.05824
923 0.041599999999999998
924 0.0083199999999999993
925 0.091520000000000004
926 0.049919999999999999
927 0.041599999999999998
928 0.049919999999999999
929 0.066559999999999994
930 0.041599999999999998
931 0.041599999999999998
932 0.05824
933 0.02496
934 0.083199999999999996
935 0.041599999999999998
936 0.05824
937 0.041599999999999998
938 0.0083199999999999993
939 0.091520000000000004
940 0.049919999999999999
941 0.041599999999999998
942 0.049919999999999999
943 0.066559999999999994
944 0.041599999999999998
945 0.041599999999999998
946 0.05824
947 0.02496
948 0.083199999999999996
949 0.041599999999999998
950 0.05824
951 0.041599999999999998
952 0.0083199999999999993
953 0.091520000000000004
954 0.049919999999999999
955 0.041599999999999998
956 0.049919999999999999
957 0.066559999999999994
958 0.041599999999999998
959 0.041599999999999998
960 0.05824
961 0.02496
962 0.083199999999999996
963 0.049919999999999999
964 0.049919999999999999
965 0.041599999999999998
966 0.0083199999999999993
967 0.099839999999999998
968 0.041599999999999998
969 0.041599999999999998
970 0.049919999999999999
971 0.066559999999999994
972 0.041599999999999998
973 0.049919999999999999
974 0.05824
975 0.016639999999999999
976 0.083199999999999996
977 0.049919999999999999
978 0.049919999999999999
979 0.041599999999999998
980 0.0083199999999999993
981 0.099839999999999998
982 0.041599999999999998
983 0.041599999999999998
984 0.049919999999999999
985 0.066559999999999994
986 0.041599999999999998
987 0.049919999999999999
988 0.05824
989 0.016639999999999999
990 0.083199999999999996
991 0.049919999999999999
992 0.049919999999999999
993 0.041599999999999998
994 0.0083199999999999993
995 0.099839999999999998
996 0.041599999999999998
997 0.041599999999999998
998 0.049919999999999999
999 0.066559999999999994
