0 0.0
1 0.05024
2 0.016639999999999999
3 0.016639999999999999
4 0.041599999999999998
5 0.033279999999999997
6 0.033279999999999997
7 0.0
8 0.033279999999999997
9 0.0083199999999999993
10 0.0
11 0.0
12 0.0
13 0.0
14 0.016639999999999999
15 0.016639999999999999
16 0.0
17 0.0
18 0.0
19 0.0
20 0.0
21 0.0
22 0.016639999999999999
23 0.016639999999999999
24 0.0
25 0.0
26 0.016639999999999999
27 0.0
28 0.0
29 0.0
30 0.0
31 0.0083199999999999993
32 0.0
33 0.0
34 0.0
35 0.0
36 0.0
37 0.0
38 0.0
39 0.0
40 0.0
41 0.0
42 0.0
43 0.0
44 0.0
45 0.0
46 0.0
47 0.0
48 0.0
49 0.0
50 0.0
51 0.0
52 0.0
53 0.0
54 0.0
55 0.0
56 0.0
57 0.0083199999999999993
58 0.016639999999999999
59 0.0
60 0.0
61 0.0
62 0.0
63 0.0
64 0.0
65 0.0
66 0.016639999999999999
67 0.0
68 0.0
69 0.0
70 0.0
71 0.0
72 0.0
73 0.0
74 0.0
75 0.0
76 0.0083199999999999993
77 0.033279999999999997
78 0.02496
79 0.016639999999999999
80 0.016639999999999999
81 0.0
82 0.0
83 0.0
84 0.0
85 0.0
86 0.0
87 0.02496
88 0.0083199999999999993
89 0.0
90 0.0
91 0.0
92 0.0
93 0.0
94 0.0
95 0.0
96 0.0083199999999999993
97 0.0
98 0.0
99 0.0
100 0.0
101 0.0
102 0.0
103 0.0
104 0.0
105 0.0
106 0.0
107 0.0
108 0.0
109 0.0
110 0.0
111 0.0
112 0.02496
113 0.033279999999999997
114 0.02496
115 0.0
116 0.016639999999999999
117 0.0
118 0.0
119 0.0
120 0.041599999999999998
121 0.02496
122 0.033279999999999997
123 0.0
124 0.016639999999999999
125 0.0
126 0.0
127 0.0
128 0.041599999999999998
129 0.016639999999999999
130 0.041599999999999998
131 0.0
132 0.016639999999999999
133 0.0
134 0.0
135 0.0
136 0.041599999999999998
137 0.016639999999999999
138 0.041599999999999998
139 0.0
140 0.016639999999999999
141 0.0
142 0.0
143 0.0
144 0.033279999999999997
145 0.02496
146 0.033279999999999997
147 0.0083199999999999993
148 0.016639999999999999
149 0.0
150 0.0
151 0.0
152 0.02496
153 0.033279999999999997
154 0.02496
155 0.016639999999999999
156 0.016639999999999999
157 0.0
158 0.0
159 0.0
160 0.02496
161 0.033279999999999997
162 0.02496
163 0.016639999999999999
164 0.016639999999999999
165 0.0
166 0.0
167 0.0
168 0.02496
169 0.033279999999999997
170 0.02496
171 0.016639999999999999
172 0.0
173 0.016639999999999999
174 0.0
175 0.0
176 0.0
177 0.05824
178 0.02496
179 0.016639999999999999
180 0.0
181 0.016639999999999999
182 0.0
183 0.0
184 0.0
185 0.05824
186 0.02496
187 0.016639999999999999
188 0.0
189 0.016639999999999999
190 0.0
191 0.0
192 0.0
193 0.049919999999999999
194 0.033279999999999997
195 0.016639999999999999
196 0.0
197 0.016639999999999999
198 0.0
199 0.0
200 0.0
201 0.049919999999999999
202 0.033279999999999997
203 0.016639999999999999
204 0.0
205 0.016639999999999999
206 0.0
207 0.0
208 0.0
209 0.041599999999999998
210 0.041599999999999998
211 0.016639999999999999
212 0.0
213 0.016639999999999999
214 0.0
215 0.0
216 0.0
217 0.041599999999999998
218 0.041599999999999998
219 0.016639999999999999
220 0.0
221 0.016639999999999999
222 0.0
223 0.0
224 0.0
225 0.041599999999999998
226 0.033279999999999997
227 0.02496
228 0.0
229 0.016639999999999999
230 0.0
231 0.0
232 0.0
233 0.041599999999999998
234 0.02496
235 0.033279999999999997
236 0.0
237 0.016639999999999999
238 0.0
239 0.0
240 0.0
241 0.041599999999999998
242 0.016639999999999999
243 0.041599999999999998
244 0.0
245 0.016639999999999999
246 0.0
247 0.0
248 0.0
249 0.033279999999999997
250 0.02496
251 0.033279999999999997
252 0.0083199999999999993
253 0.016639999999999999
254 0.0
255 0.0
256 0.0
257 0.02496
258 0.033279999999999997
259 0.02496
260 0.016639999999999999
261 0.016639999999999999
262 0.0
263 0.0
264 0.0
265 0.02496
266 0.033279999999999997
267 0.02496
268 0.016639999999999999
269 0.016639999999999999
270 0.0
271 0.0
272 0.0
273 0.02496
274 0.033279999999999997
275 0.02496
276 0.016639999999999999
277 0.016639999999999999
278 0.0
279 0.0
280 0.0
281 0.02496
282 0.033279999999999997
283 0.02496
284 0.016639999999999999
285 0.0
286 0.016639999999999999
287 0.0
288 0.0
289 0.0
290 0.05824
291 0.02496
292 0.016639999999999999
293 0.0
294 0.016639999999999999
295 0.0
296 0.0
297 0.0
298 0.05824
299 0.02496
300 0.016639999999999999
301 0.0
302 0.016639999999999999
303 0.0
304 0.0
305 0.0
306 0.049919999999999999
307 0.033279999999999997
308 0.016639999999999999
309 0.0
310 0.016639999999999999
311 0.0
312 0.0
313 0.0
314 0.041599999999999998
315 0.041599999999999998
316 0.016639999999999999
317 0.0
318 0.016639999999999999
319 0.0
320 0.0
321 0.0
322 0.041599999999999998
323 0.041599999999999998
324 0.016639999999999999
325 0.0
326 0.016639999999999999
327 0.0
328 0.0
329 0.0
330 0.041599999999999998
331 0.041599999999999998
332 0.016639999999999999
333 0.0
334 0.016639999999999999
335 0.0
336 0.0
337 0.0
338 0.041599999999999998
339 0.033279999999999997
340 0.02496
341 0.0
342 0.016639999999999999
343 0.0
344 0.0
345 0.0
346 0.041599999999999998
347 0.02496
348 0.033279999999999997
349 0.0
350 0.016639999999999999
351 0.0
352 0.0
353 0.0
354 0.041599999999999998
355 0.016639999999999999
356 0.041599999999999998
357 0.0
358 0.016639999999999999
359 0.0
360 0.0
361 0.0
362 0.033279999999999997
363 0.02496
364 0.033279999999999997
365 0.0083199999999999993
366 0.016639999999999999
367 0.0
368 0.0
369 0.0
370 0.02496
371 0.033279999999999997
372 0.02496
373 0.016639999999999999
374 0.016639999999999999
375 0.0
376 0.0
377 0.0
378 0.02496
379 0.033279999999999997
380 0.02496
381 0.016639999999999999
382 0.016639999999999999
383 0.0
384 0.0
385 0.0
386 0.02496
387 0.033279999999999997
388 0.02496
389 0.016639999999999999
390 0.016639999999999999
391 0.0
392 0.0
393 0.0
394 0.02496
395 0.033279999999999997
396 0.02496
397 0.016639999999999999
398 0.0
399 0.016639999999999999
400 0.0
401 0.0
402 0.0
403 0.05824
404 0.02496
405 0.016639999999999999
406 0.0
407 0.016639999999999999
408 0.0
409 0.0
410 0.0
411 0.05824
412 0.02496
413 0.016639999999999999
414 0.0
415 0.016639999999999999
416 0.0
417 0.0
418 0.0
419 0.049919999999999999
420 0.033279999999999997
421 0.016639999999999999
422 0.0
423 0.016639999999999999
424 0.0
425 0.0
426 0.0
427 0.041599999999999998
428 0.041599999999999998
429 0.016639999999999999
430 0.0
431 0.016639999999999999
432 0.0
433 0.0
434 0.0
435 0.041599999999999998
436 0.041599999999999998
437 0.016639999999999999
438 0.0
439 0.016639999999999999
440 0.0
441 0.0
442 0.0
443 0.041599999999999998
444 0.033279999999999997
445 0.02496
446 0.0
447 0.016639999999999999
448 0.0
449 0.0
450 0.0
451 0.041599999999999998
452 0.033279999999999997
453 0.02496
454 0.0
455 0.016639999999999999
456 0.0
457 0.0
458 0.0
459 0.041599999999999998
460 0.02496
461 0.033279999999999997
462 0.0
463 0.016639999999999999
464 0.0
465 0.0
466 0.0
467 0.041599999999999998
468 0.016639999999999999
469 0.041599999999999998
470 0.0
471 0.016639999999999999
472 0.0
473 0.0
474 0.0
475 0.033279999999999997
476 0.02496
477 0.033279999999999997
478 0.0083199999999999993
479 0.016639999999999999
480 0.0
481 0.0
482 0.0
483 0.02496
484 0.033279999999999997
485 0.02496
486 0.016639999999999999
487 0.016639999999999999
488 0.0
489 0.0
490 0.0
491 0.02496
492 0.033279999999999997
493 0.02496
494 0.016639999999999999
495 0.016639999999999999
496 0.0
497 0.0
498 0.0
499 0.02496
500 0.033279999999999997
501 0.02496
502 0.016639999999999999
503 0.0
504 0.016639999999999999
505 0.0
506 0.0
507 0.0
508 0.05824
509 0.02496
510 0.016639999999999999
511 0.0
512 0.016639999999999999
513 0.0
514 0.0
515 0.0
516 0.05824
517 0.02496
518 0.016639999999999999
519 0.0
520 0.016639999999999999
521 0.0
522 0.0
523 0.0
524 0.05824
525 0.02496
526 0.016639999999999999
527 0.0
528 0.016639999999999999
529 0.0
530 0.0
531 0.0
532 0.049919999999999999
533 0.033279999999999997
534 0.016639999999999999
535 0.0
536 0.016639999999999999
537 0.0
538 0.0
539 0.0
540 0.041599999999999998
541 0.041599999999999998
542 0.016639999999999999
543 0.0
544 0.016639999999999999
545 0.0
546 0.0
547 0.0
548 0.041599999999999998
549 0.041599999999999998
550 0.016639999999999999
551 0.0
552 0.016639999999999999
553 0.0
554 0.0
555 0.0
556 0.041599999999999998
557 0.033279999999999997
558 0.02496
559 0.0
560 0.016639999999999999
561 0.0
562 0.0
563 0.0
564 0.041599999999999998
565 0.02496
566 0.033279999999999997
567 0.0
568 0.016639999999999999
569 0.0
570 0.0
571 0.0
572 0.041599999999999998
573 0.02496
574 0.033279999999999997
575 0.0
576 0.016639999999999999
577 0.0
578 0.0
579 0.0
580 0.041599999999999998
581 0.016639999999999999
582 0.041599999999999998
583 0.0
584 0.016639999999999999
585 0.0
586 0.0
587 0.0
588 0.033279999999999997
589 0.02496
590 0.033279999999999997
591 0.0083199999999999993
592 0.016639999999999999
593 0.0
594 0.0
595 0.0
596 0.02496
597 0.033279999999999997
598 0.02496
599 0.016639999999999999
600 0.016639999999999999
601 0.0
602 0.0
603 0.0
604 0.02496
605 0.033279999999999997
606 0.02496
607 0.016639999999999999
608 0.016639999999999999
609 0.0
610 0.0
611 0.0
612 0.02496
613 0.033279999999999997
614 0.02496
615 0.016639999999999999
616 0.0
617 0.016639999999999999
618 0.0
619 0.0
620 0.0
621 0.05824
622 0.02496
623 0.016639999999999999
624 0.0
625 0.016639999999999999
626 0.0
627 0.0
628 0.0
629 0.05824
630 0.02496
631 0.016639999999999999
632 0.0
633 0.016639999999999999
634 0.0
635 0.0
636 0.0
637 0.05824
638 0.02496
639 0.016639999999999999
640 0.0
641 0.016639999999999999
642 0.0
643 0.0
644 0.0
645 0.049919999999999999
646 0.033279999999999997
647 0.016639999999999999
648 0.0
649 0.016639999999999999
650 0.0
651 0.0
652 0.0
653 0.041599999999999998
654 0.041599999999999998
655 0.016639999999999999
656 0.0
657 0.016639999999999999
658 0.0
659 0.0
660 0.0
661 0.041599999999999998
662 0.041599999999999998
663 0.016639999999999999
664 0.0
665 0.016639999999999999
666 0.0
667 0.0
668 0.0
669 0.041599999999999998
670 0.033279999999999997
671 0.02496
672 0.0
673 0.016639999999999999
674 0.0
675 0.0
676 0.0
677 0.041599999999999998
678 0.02496
679 0.033279999999999997
680 0.0
681 0.016639999999999999
682 0.0
683 0.0
684 0.0
685 0.041599999999999998
686 0.016639999999999999
687 0.041599999999999998
688 0.0
689 0.016639999999999999
690 0.0
691 0.0
692 0.0
693 0.033279999999999997
694 0.02496
695 0.033279999999999997
696 0.0083199999999999993
697 0.016639999999999999
698 0.0
699 0.0
700 0.0
701 0.033279999999999997
702 0.02496
703 0.033279999999999997
704 0.0083199999999999993
705 0.016639999999999999
706 0.0
707 0.0
708 0.0
709 0.02496
710 0.033279999999999997
711 0.02496
712 0.016639999999999999
713 0.016639999999999999
714 0.0
715 0.0
716 0.0
717 0.02496
718 0.033279999999999997
719 0.02496
720 0.016639999999999999
721 0.016639999999999999
722 0.0
723 0.0
724 0.0
725 0.02496
726 0.033279999999999997
727 0.02496
728 0.016639999999999999
729 0.0
730 0.016639999999999999
731 0.0
732 0.0
733 0.0
734 0.05824
735 0.02496
736 0.016639999999999999
737 0.0
738 0.016639999999999999
739 0.0
740 0.0
741 0.0
742 0.05824
743 0.02496
744 0.016639999999999999
745 0.0
746 0.016639999999999999
747 0.0
748 0.0
749 0.0
750 0.049919999999999999
751 0.033279999999999997
752 0.016639999999999999
753 0.0
754 0.016639999999999999
755 0.0
756 0.0
757 0.0
758 0.041599999999999998
759 0.041599999999999998
760 0.016639999999999999
761 0.0
762 0.016639999999999999
763 0.0
764 0.0
765 0.0
766 0.041599999999999998
767 0.041599999999999998
768 0.016639999999999999
769 0.0
770 0.016639999999999999
771 0.0
772 0.0
773 0.0
774 0.041599999999999998
775 0.041599999999999998
776 0.016639999999999999
777 0.0
778 0.016639999999999999
779 0.0
780 0.0
781 0.0
782 0.041599999999999998
783 0.033279999999999997
784 0.02496
785 0.0
786 0.016639999999999999
787 0.0
788 0.0
789 0.0
790 0.041599999999999998
791 0.02496
792 0.033279999999999997
793 0.0
794 0.016639999999999999
795 0.0
796 0.0
797 0.0
798 0.041599999999999998
799 0.016639999999999999
800 0.041599999999999998
801 0.0
802 0.016639999999999999
803 0.0
804 0.0
805 0.0
806 0.033279999999999997
807 0.02496
808 0.033279999999999997
809 0.0083199999999999993
810 0.016639999999999999
811 0.0
812 0.0
813 0.0
814 0.02496
815 0.033279999999999997
816 0.02496
817 0.016639999999999999
818 0.016639999999999999
819 0.0
820 0.0
821 0.0
822 0.02496
823 0.033279999999999997
824 0.02496
825 0.016639999999999999
826 0.016639999999999999
827 0.0
828 0.0
829 0.0
830 0.02496
831 0.033279999999999997
832 0.02496
833 0.016639999999999999
834 0.016639999999999999
835 0.0
836 0.0
837 0.0
838 0.02496
839 0.033279999999999997
840 0.02496
841 0.016639999999999999
842 0.0
843 0.016639999999999999
844 0.0
845 0.0
846 0.0
847 0.05824
848 0.02496
849 0.016639999999999999
850 0.0
851 0.016639999999999999
852 0.0
853 0.0
854 0.0
855 0.05824
856 0.02496
857 0.016639999999999999
858 0.0
859 0.016639999999999999
860 0.0
861 0.0
862 0.0
863 0.049919999999999999
864 0.033279999999999997
865 0.016639999999999999
866 0.0
867 0.016639999999999999
868 0.0
869 0.0
870 0.0
871 0.041599999999999998
872 0.041599999999999998
873 0.016639999999999999
874 0.0
875 0.016639999999999999
876 0.0
877 0.0
878 0.0
879 0.041599999999999998
880 0.041599999999999998
881 0.016639999999999999
882 0.0
883 0.016639999999999999
884 0.0
885 0.0
886 0.0
887 0.041599999999999998
888 0.041599999999999998
889 0.016639999999999999
890 0.0
891 0.016639999999999999
892 0.0
893 0.0
894 0.0
895 0.041599999999999998
896 0.033279999999999997
897 0.02496
898 0.0
899 0.016639999999999999
900 0.0
901 0.0
902 0.0
903 0.041599999999999998
904 0.02496
905 0.033279999999999997
906 0.0
907 0.016639999999999999
908 0.0
909 0.0
910 0.0
911 0.041599999999999998
912 0.016639999999999999
913 0.041599999999999998
914 0.0
915 0.016639999999999999
916 0.0
917 0.0
918 0.0
919 0.033279999999999997
920 0.02496
921 0.033279999999999997
922 0.0083199999999999993
923 0.016639999999999999
924 0.0
925 0.0
926 0.0
927 0.02496
928 0.033279999999999997
929 0.02496
930 0.016639999999999999
931 0.016639999999999999
932 0.0
933 0.0
934 0.0
935 0.02496
936 0.033279999999999997
937 0.02496
938 0.016639999999999999
939 0.016639999999999999
940 0.0
941 0.0
942 0.0
943 0.02496
944 0.033279999999999997
945 0.02496
946 0.016639999999999999
947 0.016639999999999999
948 0.0
949 0.0
950 0.0
951 0.02496
952 0.033279999999999997
953 0.02496
954 0.016639999999999999
955 0.0
956 0.016639999999999999
957 0.0
958 0.0
959 0.0
960 0.05824
961 0.02496
962 0.016639999999999999
963 0.0
964 0.016639999999999999
965 0.0
966 0.0
967 0.0
968 0.05824
969 0.02496
970 0.016639999999999999
971 0.0
972 0.016639999999999999
973 0.0
974 0.0
975 0.0
976 0.049919999999999999
977 0.033279999999999997
978 0.016639999999999999
979 0.0
980 0.016639999999999999
981 0.0
982 0.0
983 0.0
984 0.041599999999999998
985 0.041599999999999998
986 0.016639999999999999
987 0.0
988 0.016639999999999999
989 0.0
990 0.0
991 0.0
992 0.041599999999999998
993 0.041599999999999998
994 0.016639999999999999
995 0.0
996 0.016639999999999999
997 0.0
998 0.0
999 0.0
