1 0.05023999999999999
2 0.016639999999999995
3 0.043264000000000004
4 0.06323199999999998
5 0.04992
6 0.032448
7 0.034111999999999996
8 0.076544
9 0.046592
10 0.036607999999999995
11 0.006656
12 0.077376
13 0.036608
14 0.038272
15 0.038271999999999994
16 0.054911999999999996
17 0.023295999999999994
18 0.033280000000000004
19 0.033280000000000004
20 0.029952
21 0.04326399999999999
22 0.044928
23 0.031616
24 0.039936000000000006
25 0.017471999999999998
26 0.06822399999999999
27 0.029951999999999996
28 0.039936
29 0.039936
30 0.046591999999999995
31 0.030784
32 0.04659200000000001
33 0.04659200000000001
34 0.029952
35 0.04326399999999999
36 0.06323199999999998
37 0.043264000000000004
38 0.043264000000000004
39 0.026624000000000002
40 0.043264000000000004
41 0.054079999999999996
42 0.04825600000000001
43 0.0416
44 0.037439999999999994
45 0.043264000000000004
46 0.043264000000000004
47 0.04659200000000001
48 0.019968
49 0.038271999999999994
50 0.05823999999999999
51 0.027456
52 0.026624000000000002
53 0.023295999999999997
54 0.056575999999999994
55 0.026624
56 0.043264000000000004
57 0.017471999999999994
58 0.07072
59 0.027456
60 0.04659200000000001
61 0.04326400000000001
62 0.003328
63 0.06988799999999999
64 0.043264000000000004
65 0.03328
66 0.038271999999999994
67 0.036607999999999995
68 0.05990399999999999
69 0.046591999999999995
70 0.04659200000000001
71 0.039936
72 0.053248000000000004
73 0.026624000000000002
74 0.057407999999999994
75 0.04659200000000001
76 0.0208
77 0.05990400000000001
78 0.04908800000000001
79 0.034943999999999996
80 0.04492800000000001
81 0.049920000000000006
82 0.019967999999999996
83 0.043264000000000004
84 0.039936
85 0.019968000000000003
86 0.053248000000000004
87 0.032448
88 0.034111999999999996
89 0.029952
90 0.01664
91 0.06656000000000001
92 0.036608
93 0.029952
94 0.04326400000000001
95 0.036607999999999995
96 0.050752
97 0.03328
98 0.04659200000000001
99 0.026624
100 0.059904
101 0.043264000000000004
102 0.056575999999999994
103 0.036607999999999995
104 0.029952
105 0.05990400000000001
106 0.033280000000000004
107 0.046592
108 0.039936000000000006
109 0.053248
110 0.03328
111 0.019967999999999996
112 0.059072
113 0.035776
114 0.059904
115 0.029952
116 0.051584
117 0.023295999999999994
118 0.019136
119 0.043264
120 0.04659200000000001
121 0.034111999999999996
122 0.034943999999999996
123 0.03993599999999999
124 0.039936000000000006
125 0.03328
126 0.043264000000000004
127 0.028288
128 0.05324799999999998
129 0.052416
130 0.033280000000000004
131 0.038271999999999994
132 0.028288
133 0.067392
134 0.047424
135 0.02745599999999999
136 0.06323200000000001
137 0.054911999999999996
138 0.04992
139 0.036608
140 0.023296
141 0.053248000000000004
142 0.056576
143 0.04576000000000001
144 0.024959999999999996
145 0.047424
146 0.026624000000000002
147 0.06156800000000001
148 0.036607999999999995
149 0.01664
150 0.054911999999999996
151 0.038271999999999994
152 0.028288
153 0.04326400000000001
154 0.034111999999999996
155 0.026624
156 0.04991999999999999
157 0.021632
158 0.05823999999999999
159 0.035775999999999995
160 0.026624000000000002
161 0.056575999999999994
162 0.043264000000000004
163 0.035775999999999995
164 0.035776
165 0.045759999999999995
166 0.044928
167 0.054911999999999996
168 0.033280000000000004
169 0.046591999999999995
170 0.056576
171 0.04576000000000001
172 0.049920000000000006
173 0.022463999999999998
174 0.0416
175 0.06489600000000001
176 0.039936000000000006
177 0.029952
178 0.04659200000000001
179 0.045759999999999995
180 0.046592
181 0.04576000000000001
182 0.028287999999999997
183 0.036607999999999995
184 0.04492799999999999
185 0.033280000000000004
186 0.03910400000000001
187 0.029952
188 0.013312
189 0.06406400000000001
190 0.021631999999999995
191 0.053248
192 0.031616
193 0.046592
194 0.039936000000000006
195 0.027455999999999998
196 0.05823999999999999
197 0.028288
198 0.04991999999999999
199 0.039936
200 0.04992
201 0.03910400000000001
202 0.039104
203 0.06572800000000001
204 0.044927999999999996
205 0.041600000000000005
206 0.029952
207 0.056575999999999994
208 0.043264000000000004
209 0.04576000000000001
210 0.04659200000000001
211 0.005823999999999999
212 0.07155199999999999
213 0.04825600000000001
214 0.043264000000000004
215 0.023295999999999994
216 0.032448
217 0.053248
218 0.029951999999999996
219 0.0208
220 0.04576
221 0.043264
222 0.031616
223 0.036607999999999995
224 0.053248
225 0.0208
226 0.048255999999999986
227 0.0416
228 0.03328
229 0.04992
230 0.013312
231 0.06905599999999999
232 0.039104
233 0.049920000000000006
234 0.044095999999999996
235 0.031616
236 0.06656
237 0.049920000000000006
238 0.04659200000000001
239 0.019136
240 0.06656
241 0.042432
242 0.048256
243 0.034943999999999996
244 0.006656
245 0.07654399999999999
246 0.039104
247 0.043264000000000004
248 0.029951999999999996
249 0.05824
250 0.024127999999999993
251 0.033280000000000004
252 0.031616000000000005
253 0.029952
254 0.04659199999999999
255 0.040768
256 0.03328
257 0.039936000000000006
258 0.01664
259 0.067392
260 0.029951999999999996
261 0.039936
262 0.043264
263 0.04825599999999999
264 0.029952
265 0.04742400000000001
266 0.04659200000000001
267 0.029952
268 0.04492799999999999
269 0.065728
270 0.044928
271 0.043264000000000004
272 0.028288
273 0.043264000000000004
274 0.053248
275 0.049920000000000006
276 0.0416
277 0.037439999999999994
278 0.043264000000000004
279 0.04742400000000001
280 0.05408
281 0.026624
282 0.042432
283 0.05990399999999999
284 0.030784
285 0.029952000000000006
286 0.049920000000000006
287 0.029952
288 0.03328
289 0.04576
290 0.013312000000000001
291 0.07155199999999999
292 0.032448
293 0.04659200000000001
294 0.038271999999999994
295 0.003328
296 0.07904000000000001
297 0.039936
298 0.034943999999999996
299 0.04326400000000001
300 0.05990399999999999
301 0.029952
302 0.054911999999999996
303 0.04825600000000001
304 0.035776
305 0.059904
306 0.023295999999999994
307 0.06239999999999999
308 0.039936000000000006
309 0.023295999999999997
310 0.054911999999999996
311 0.04825600000000001
312 0.03328
313 0.04326400000000001
314 0.049920000000000006
315 0.019967999999999996
316 0.044928
317 0.047423999999999994
318 0.026624000000000002
319 0.054912
320 0.029952
321 0.036607999999999995
322 0.035775999999999995
323 0.019968
324 0.07155200000000002
325 0.036608
326 0.034943999999999996
327 0.04908800000000001
328 0.036607999999999995
329 0.04992
330 0.03328
331 0.04908800000000001
332 0.029952
333 0.063232
334 0.044928
335 0.05907199999999999
336 0.036607999999999995
337 0.03328
338 0.05990400000000001
339 0.034111999999999996
340 0.049088
341 0.04659200000000001
342 0.049920000000000006
343 0.037439999999999994
344 0.023295999999999997
345 0.056575999999999994
346 0.029952
347 0.06406400000000001
348 0.031616000000000005
349 0.050752
350 0.023295999999999994
351 0.021632
352 0.043264
353 0.043264000000000004
354 0.03328
355 0.036608
356 0.04243199999999999
357 0.046592
358 0.038272
359 0.0416
360 0.023295999999999997
361 0.052416
362 0.049920000000000006
363 0.033280000000000004
364 0.037439999999999994
365 0.028288
366 0.06323200000000001
367 0.044928
368 0.023295999999999994
369 0.06323200000000001
370 0.053248
371 0.049088
372 0.038272
373 0.023296
374 0.05408
375 0.056576
376 0.04326400000000001
377 0.023295999999999997
378 0.04992
379 0.028288
380 0.05990400000000001
381 0.037439999999999994
382 0.01664
383 0.053248
384 0.036607999999999995
385 0.029952
386 0.04492800000000001
387 0.033280000000000004
388 0.027455999999999998
389 0.04991999999999999
390 0.04659200000000001
391 0.031616
392 0.038271999999999994
393 0.024959999999999996
394 0.05990399999999999
395 0.040768
396 0.036608
397 0.029952
398 0.04908800000000001
399 0.04576
400 0.054079999999999996
401 0.033280000000000004
402 0.044927999999999996
403 0.059904
404 0.04825600000000001
405 0.044928
406 0.019136
407 0.0416
408 0.06822399999999999
409 0.0416
410 0.034112
411 0.046592
412 0.04825599999999999
413 0.046592
414 0.0416
415 0.029951999999999996
416 0.036607999999999995
417 0.04326399999999999
418 0.033280000000000004
419 0.03910400000000001
420 0.03328
421 0.015807999999999996
422 0.06323200000000001
423 0.021631999999999995
424 0.053248
425 0.029952
426 0.046592
427 0.044096
428 0.029119999999999997
429 0.05990399999999999
430 0.026624000000000002
431 0.051583999999999984
432 0.039936
433 0.052416
434 0.036607999999999995
435 0.036607999999999995
436 0.06406400000000001
437 0.044927999999999996
438 0.039936000000000006
439 0.031616
440 0.056575999999999994
441 0.049920000000000006
442 0.039936
443 0.041600000000000005
444 0.032448
445 0.04742399999999999
446 0.04825600000000001
447 0.044928
448 0.019967999999999996
449 0.032448
450 0.061568
451 0.028287999999999997
452 0.023296
453 0.044927999999999996
454 0.045759999999999995
455 0.029952
456 0.036607999999999995
457 0.05408
458 0.022463999999999998
459 0.049919999999999985
460 0.043264000000000004
461 0.031616
462 0.04992
463 0.017471999999999998
464 0.06656000000000001
465 0.037439999999999994
466 0.04825600000000001
467 0.047424
468 0.029952
469 0.06822399999999999
470 0.049920000000000006
471 0.04659200000000001
472 0.01664
473 0.06656
474 0.042432
475 0.04992
476 0.034111999999999996
477 0.008319999999999998
478 0.07654399999999999
479 0.038272
480 0.04659200000000001
481 0.034943999999999996
482 0.061568
483 0.02745599999999999
484 0.034943999999999996
485 0.031616000000000005
486 0.029952
487 0.051583999999999984
488 0.043264
489 0.032448
490 0.042432000000000004
491 0.019968
492 0.06656000000000001
493 0.034943999999999996
494 0.039936
495 0.039104
496 0.05324799999999998
497 0.038271999999999994
498 0.049920000000000006
499 0.043264000000000004
500 0.02912
501 0.046591999999999995
502 0.05990399999999999
503 0.043264000000000004
504 0.05907199999999999
505 0.050752
506 0.018303999999999997
507 0.060736
508 0.04825600000000001
509 0.036608
510 0.036607999999999995
511 0.046592
512 0.05408
513 0.042432000000000004
514 0.022463999999999998
515 0.039936
516 0.054911999999999996
517 0.028288
518 0.031616000000000005
519 0.04825600000000001
520 0.034943999999999996
521 0.037439999999999994
522 0.044928
523 0.009984
524 0.07487999999999999
525 0.031616
526 0.04742400000000001
527 0.036607999999999995
528 0.009984
529 0.07987200000000001
530 0.039936
531 0.036607999999999995
532 0.04742400000000001
533 0.05990399999999999
534 0.031616
535 0.054911999999999996
536 0.056575999999999994
537 0.040768000000000006
538 0.06572799999999998
539 0.023295999999999994
540 0.06822399999999999
541 0.039936000000000006
542 0.023295999999999997
543 0.054911999999999996
544 0.050752
545 0.037439999999999994
546 0.050752
547 0.04825600000000001
548 0.021631999999999995
549 0.050752
550 0.036607999999999995
551 0.016639999999999995
552 0.057408000000000015
553 0.039936
554 0.034112
555 0.03328
556 0.015808
557 0.069888
558 0.03328
559 0.034943999999999996
560 0.04908800000000001
561 0.037439999999999994
562 0.053248
563 0.040768000000000006
564 0.044928
565 0.023295999999999997
566 0.064896
567 0.04492800000000001
568 0.059904
569 0.038271999999999994
570 0.039104
571 0.05990400000000001
572 0.031616
573 0.04992
574 0.04492800000000001
575 0.050752
576 0.036607999999999995
577 0.027455999999999998
578 0.05990399999999999
579 0.033280000000000004
580 0.06406399999999998
581 0.032448000000000005
582 0.04825600000000001
583 0.024959999999999993
584 0.022463999999999998
585 0.046591999999999995
586 0.04576
587 0.037439999999999994
588 0.038271999999999994
589 0.04243199999999999
590 0.044928
591 0.038272
592 0.042432
593 0.026624
594 0.05491199999999998
595 0.051584
596 0.034943999999999996
597 0.042432000000000004
598 0.026624000000000002
599 0.06489600000000001
600 0.045759999999999995
601 0.026624
602 0.06572800000000001
603 0.057407999999999994
604 0.04992
605 0.036607999999999995
606 0.023296
607 0.049920000000000006
608 0.06239999999999999
609 0.04659200000000001
610 0.022463999999999998
611 0.051584
612 0.026624000000000002
613 0.06156799999999999
614 0.034111999999999996
615 0.04659200000000001
616 0.023295999999999994
617 0.04243199999999999
618 0.02912
619 0.051584
620 0.033280000000000004
621 0.024959999999999996
622 0.04659199999999999
623 0.04659200000000001
624 0.032448
625 0.044096
626 0.025792
627 0.06156799999999999
628 0.039936
629 0.038272
630 0.029952
631 0.046592
632 0.043264000000000004
633 0.060736
634 0.036607999999999995
635 0.044927999999999996
636 0.059904
637 0.04825600000000001
638 0.043264000000000004
639 0.01664
640 0.039936
641 0.07071999999999999
642 0.044095999999999996
643 0.031616000000000005
644 0.043264000000000004
645 0.04492799999999998
646 0.046592
647 0.039936
648 0.026624
649 0.040768
650 0.047423999999999994
651 0.034943999999999996
652 0.036607999999999995
653 0.031616
654 0.01664
655 0.06323200000000001
656 0.016639999999999995
657 0.064064
658 0.026624000000000002
659 0.055744
660 0.039936000000000006
661 0.025792
662 0.057407999999999994
663 0.023295999999999997
664 0.04991999999999999
665 0.04742400000000001
666 0.052416
667 0.036607999999999995
668 0.036607999999999995
669 0.06822399999999999
670 0.039936
671 0.04659200000000001
672 0.023296
673 0.06739200000000001
674 0.044928
675 0.044095999999999996
676 0.039936000000000006
677 0.031616
678 0.04659199999999999
679 0.04659200000000001
680 0.043264000000000004
681 0.024127999999999997
682 0.031616
683 0.06073599999999999
684 0.026624
685 0.02496
686 0.043264
687 0.04326399999999999
688 0.029952
689 0.03993599999999999
690 0.052416
691 0.023295999999999997
692 0.04742399999999999
693 0.044928
694 0.029952
695 0.04992
696 0.01664
697 0.06905599999999999
698 0.036607999999999995
699 0.04908800000000001
700 0.044927999999999996
701 0.06822399999999999
702 0.036607999999999995
703 0.049920000000000006
704 0.039936000000000006
705 0.019136
706 0.06988800000000002
707 0.04243200000000001
708 0.044928
709 0.038272
710 0.029951999999999996
711 0.04992
712 0.039936000000000006
713 0.04908800000000001
714 0.026624000000000002
715 0.06239999999999999
716 0.024959999999999993
717 0.036607999999999995
718 0.024959999999999993
719 0.029952
720 0.053248
721 0.033280000000000004
722 0.035775999999999995
723 0.04576000000000001
724 0.04492799999999998
725 0.036607999999999995
726 0.034943999999999996
727 0.039936
728 0.036608
729 0.04991999999999999
730 0.03910399999999999
731 0.04908800000000001
732 0.044928
733 0.026624000000000002
734 0.04825599999999999
735 0.05990399999999999
736 0.043264000000000004
737 0.049920000000000006
738 0.051584
739 0.019968
740 0.061568
741 0.04659200000000001
742 0.038272
743 0.036607999999999995
744 0.043264000000000004
745 0.04659200000000001
746 0.044096
747 0.024128
748 0.0416
749 0.053248
750 0.028288
751 0.029952000000000006
752 0.046592
753 0.029952
754 0.04409600000000001
755 0.044095999999999996
756 0.00832
757 0.06988799999999999
758 0.039104
759 0.04492800000000001
760 0.034943999999999996
761 0.029952
762 0.06073599999999999
763 0.034111999999999996
764 0.034943999999999996
765 0.04659200000000001
766 0.06156799999999999
767 0.027456
768 0.06156799999999999
769 0.04659200000000001
770 0.034112
771 0.063232
772 0.025792
773 0.056575999999999994
774 0.041600000000000005
775 0.026624000000000002
776 0.053248
777 0.043264000000000004
778 0.037439999999999994
779 0.04908800000000001
780 0.049920000000000006
781 0.019967999999999996
782 0.051584
783 0.036607999999999995
784 0.016639999999999995
785 0.053248000000000004
786 0.037439999999999994
787 0.031616000000000005
788 0.037439999999999994
789 0.013312
790 0.071552
791 0.03328
792 0.03328
793 0.04576000000000001
794 0.038271999999999994
795 0.054911999999999996
796 0.04326400000000001
797 0.04576
798 0.026624
799 0.06739200000000001
800 0.04908800000000001
801 0.055743999999999995
802 0.03910400000000001
803 0.038272
804 0.065728
805 0.031616
806 0.051584
807 0.043264000000000004
808 0.04742400000000001
809 0.038271999999999994
810 0.028288
811 0.063232
812 0.02912
813 0.063232
814 0.03161599999999999
815 0.043264000000000004
816 0.029952
817 0.021632
818 0.046592
819 0.043264
820 0.040768
821 0.031616
822 0.04159999999999999
823 0.04992
824 0.0416
825 0.037439999999999994
826 0.022463999999999998
827 0.05491199999999998
828 0.059072
829 0.029952
830 0.043264000000000004
831 0.030784
832 0.06323200000000001
833 0.044927999999999996
834 0.024959999999999996
835 0.07488
836 0.05907199999999999
837 0.052416
838 0.04076799999999999
839 0.027455999999999998
840 0.049920000000000006
841 0.061568
842 0.043264000000000004
843 0.025791999999999992
844 0.053248
845 0.029952
846 0.06156799999999999
847 0.035775999999999995
848 0.04659200000000001
849 0.024959999999999993
850 0.036607999999999995
851 0.031616
852 0.055744
853 0.037439999999999994
854 0.023295999999999997
855 0.049087999999999986
856 0.04659200000000001
857 0.029952
858 0.039936000000000006
859 0.027455999999999998
860 0.06572799999999998
861 0.0416
862 0.040768
863 0.028287999999999997
864 0.053248000000000004
865 0.044928
866 0.051584
867 0.035775999999999995
868 0.047423999999999994
869 0.061568
870 0.049920000000000006
871 0.041600000000000005
872 0.01664
873 0.043264
874 0.06656000000000001
875 0.044095999999999996
876 0.034111999999999996
877 0.042432
878 0.049920000000000006
879 0.044928
880 0.039936
881 0.023295999999999997
882 0.036607999999999995
883 0.047423999999999994
884 0.035776
885 0.039936000000000006
886 0.032448
887 0.019968
888 0.06489600000000001
889 0.016639999999999995
890 0.05990399999999999
891 0.027456
892 0.054912
893 0.044096
894 0.024128
895 0.05990399999999999
896 0.024127999999999997
897 0.04991999999999999
898 0.043264000000000004
899 0.053248
900 0.035775999999999995
901 0.039936
902 0.067392
903 0.0416
904 0.04908800000000001
905 0.023296
906 0.063232
907 0.046592
908 0.042432
909 0.04326400000000001
910 0.030784
911 0.054911999999999996
912 0.04326400000000001
913 0.039936000000000006
914 0.023295999999999997
915 0.055743999999999995
916 0.036607999999999995
917 0.02912
918 0.044928
919 0.025792
920 0.04326399999999999
921 0.029952
922 0.036607999999999995
923 0.049088
924 0.023295999999999997
925 0.052416
926 0.04492800000000001
927 0.028288
928 0.053248
929 0.043264
930 0.039936000000000006
931 0.035775999999999995
932 0.053248
933 0.039104
934 0.06822399999999999
935 0.036607999999999995
936 0.051584
937 0.039936000000000006
938 0.01664
939 0.06656000000000001
940 0.04576000000000001
941 0.04576
942 0.038272
943 0.029951999999999996
944 0.051584
945 0.039936000000000006
946 0.04659200000000001
947 0.023296000000000004
948 0.06572799999999998
949 0.025791999999999992
950 0.04076799999999999
951 0.024959999999999993
952 0.032448
953 0.053248
954 0.033280000000000004
955 0.029952
956 0.04825600000000001
957 0.046591999999999995
958 0.041600000000000005
959 0.034111999999999996
960 0.0416
961 0.039936
962 0.04659199999999999
963 0.039936000000000006
964 0.04742400000000001
965 0.044096
966 0.031616
967 0.04991999999999999
968 0.0624
969 0.043264000000000004
970 0.049920000000000006
971 0.043264
972 0.0208
973 0.071552
974 0.049920000000000006
975 0.029952
976 0.03993599999999999
977 0.049920000000000006
978 0.04326400000000001
979 0.036607999999999995
980 0.028287999999999997
981 0.044927999999999996
982 0.052416
983 0.026624000000000002
984 0.031616000000000005
985 0.049920000000000006
986 0.031616
987 0.04243200000000001
988 0.045759999999999995
989 0.009984
990 0.074048
991 0.036608
992 0.04492800000000001
993 0.03328
994 0.032448
995 0.05823999999999999
996 0.035775999999999995
997 0.036607999999999995
998 0.049920000000000006
999 0.06156799999999999
