0 0.0
1 0.033599999999999998
2 0.041599999999999998
3 0.0
4 0.10816000000000001
5 0.049919999999999999
6 0.041599999999999998
7 0.066559999999999994
8 0.074880000000000002
9 0.083199999999999996
10 0.091520000000000004
11 0.099839999999999998
12 0.016639999999999999
13 0.15808
14 0.099839999999999998
15 0.099839999999999998
16 0.091520000000000004
17 0.099839999999999998
18 0.099839999999999998
19 0.033279999999999997
20 0.14976
21 0.099839999999999998
22 0.099839999999999998
23 0.099839999999999998
24 0.099839999999999998
25 0.066559999999999994
26 0.11648
27 0.091520000000000004
28 0.099839999999999998
29 0.099839999999999998
30 0.099839999999999998
31 0.099839999999999998
32 0.074880000000000002
33 0.11648
34 0.091520000000000004
35 0.10816000000000001
36 0.099839999999999998
37 0.099839999999999998
38 0.099839999999999998
39 0.074880000000000002
40 0.11648
41 0.083199999999999996
42 0.083199999999999996
43 0.083199999999999996
44 0.083199999999999996
45 0.091520000000000004
46 0.099839999999999998
47 0.049919999999999999
48 0.14144000000000001
49 0.091520000000000004
50 0.083199999999999996
51 0.083199999999999996
52 0.091520000000000004
53 0.099839999999999998
54 0.099839999999999998
55 0.0
56 0.18304000000000001
57 0.099839999999999998
58 0.099839999999999998
59 0.091520000000000004
60 0.099839999999999998
61 0.099839999999999998
62 0.016639999999999999
63 0.16639999999999999
64 0.099839999999999998
65 0.099839999999999998
66 0.099839999999999998
67 0.099839999999999998
68 0.099839999999999998
69 0.02496
70 0.16639999999999999
71 0.099839999999999998
72 0.099839999999999998
73 0.099839999999999998
74 0.091520000000000004
75 0.033279999999999997
76 0.14976
77 0.099839999999999998
78 0.099839999999999998
79 0.099839999999999998
80 0.099839999999999998
81 0.099839999999999998
82 0.074880000000000002
83 0.11648
84 0.099839999999999998
85 0.099839999999999998
86 0.099839999999999998
87 0.099839999999999998
88 0.099839999999999998
89 0.074880000000000002
90 0.11648
91 0.099839999999999998
92 0.099839999999999998
93 0.099839999999999998
94 0.099839999999999998
95 0.099839999999999998
96 0.074880000000000002
97 0.11648
98 0.091520000000000004
99 0.099839999999999998
100 0.099839999999999998
101 0.099839999999999998
102 0.099839999999999998
103 0.083199999999999996
104 0.11648
105 0.091520000000000004
106 0.099839999999999998
107 0.099839999999999998
108 0.099839999999999998
109 0.099839999999999998
110 0.083199999999999996
111 0.11648
112 0.091520000000000004
113 0.099839999999999998
114 0.099839999999999998
115 0.099839999999999998
116 0.099839999999999998
117 0.083199999999999996
118 0.11648
119 0.083199999999999996
120 0.099839999999999998
121 0.099839999999999998
122 0.099839999999999998
123 0.099839999999999998
124 0.091520000000000004
125 0.0
126 0.19968
127 0.099839999999999998
128 0.099839999999999998
129 0.099839999999999998
130 0.099839999999999998
131 0.091520000000000004
132 0.0
133 0.19968
134 0.099839999999999998
135 0.099839999999999998
136 0.099839999999999998
137 0.099839999999999998
138 0.091520000000000004
139 0.0
140 0.19136
141 0.099839999999999998
142 0.099839999999999998
143 0.099839999999999998
144 0.099839999999999998
145 0.099839999999999998
146 0.0
147 0.19136
148 0.099839999999999998
149 0.099839999999999998
150 0.099839999999999998
151 0.099839999999999998
152 0.099839999999999998
153 0.0
154 0.19136
155 0.099839999999999998
156 0.099839999999999998
157 0.099839999999999998
158 0.099839999999999998
159 0.033279999999999997
160 0.13311999999999999
161 0.099839999999999998
162 0.099839999999999998
163 0.099839999999999998
164 0.099839999999999998
165 0.099839999999999998
166 0.049919999999999999
167 0.14144000000000001
168 0.099839999999999998
169 0.099839999999999998
170 0.099839999999999998
171 0.099839999999999998
172 0.099839999999999998
173 0.049919999999999999
174 0.13311999999999999
175 0.10816000000000001
176 0.099839999999999998
177 0.099839999999999998
178 0.099839999999999998
179 0.099839999999999998
180 0.049919999999999999
181 0.13311999999999999
182 0.099839999999999998
183 0.099839999999999998
184 0.099839999999999998
185 0.099839999999999998
186 0.099839999999999998
187 0.05824
188 0.13311999999999999
189 0.099839999999999998
190 0.099839999999999998
191 0.099839999999999998
192 0.099839999999999998
193 0.099839999999999998
194 0.05824
195 0.13311999999999999
196 0.091520000000000004
197 0.099839999999999998
198 0.099839999999999998
199 0.10816000000000001
200 0.099839999999999998
201 0.05824
202 0.12479999999999999
203 0.099839999999999998
204 0.099839999999999998
205 0.099839999999999998
206 0.099839999999999998
207 0.099839999999999998
208 0.066559999999999994
209 0.12479999999999999
210 0.099839999999999998
211 0.099839999999999998
212 0.099839999999999998
213 0.099839999999999998
214 0.099839999999999998
215 0.066559999999999994
216 0.12479999999999999
217 0.091520000000000004
218 0.099839999999999998
219 0.099839999999999998
220 0.091520000000000004
221 0.099839999999999998
222 0.083199999999999996
223 0.11648
224 0.091520000000000004
225 0.099839999999999998
226 0.099839999999999998
227 0.099839999999999998
228 0.099839999999999998
229 0.083199999999999996
230 0.11648
231 0.091520000000000004
232 0.099839999999999998
233 0.099839999999999998
234 0.099839999999999998
235 0.099839999999999998
236 0.083199999999999996
237 0.11648
238 0.083199999999999996
239 0.099839999999999998
240 0.099839999999999998
241 0.099839999999999998
242 0.099839999999999998
243 0.091520000000000004
244 0.0
245 0.19968
246 0.099839999999999998
247 0.099839999999999998
248 0.099839999999999998
249 0.099839999999999998
250 0.091520000000000004
251 0.0
252 0.19968
253 0.099839999999999998
254 0.099839999999999998
255 0.099839999999999998
256 0.099839999999999998
257 0.091520000000000004
258 0.0
259 0.19136
260 0.099839999999999998
261 0.099839999999999998
262 0.099839999999999998
263 0.099839999999999998
264 0.099839999999999998
265 0.0
266 0.19136
267 0.099839999999999998
268 0.099839999999999998
269 0.099839999999999998
270 0.099839999999999998
271 0.099839999999999998
272 0.0
273 0.19136
274 0.099839999999999998
275 0.099839999999999998
276 0.099839999999999998
277 0.099839999999999998
278 0.099839999999999998
279 0.0
280 0.16639999999999999
281 0.066559999999999994
282 0.074880000000000002
283 0.083199999999999996
284 0.091520000000000004
285 0.099839999999999998
286 0.041599999999999998
287 0.12479999999999999
288 0.099839999999999998
289 0.091520000000000004
290 0.083199999999999996
291 0.091520000000000004
292 0.091520000000000004
293 0.0
294 0.19136
295 0.099839999999999998
296 0.091520000000000004
297 0.083199999999999996
298 0.091520000000000004
299 0.099839999999999998
300 0.066559999999999994
301 0.12479999999999999
302 0.083199999999999996
303 0.083199999999999996
304 0.083199999999999996
305 0.083199999999999996
306 0.099839999999999998
307 0.033279999999999997
308 0.14144000000000001
309 0.099839999999999998
310 0.091520000000000004
311 0.083199999999999996
312 0.091520000000000004
313 0.099839999999999998
314 0.099839999999999998
315 0.016639999999999999
316 0.16639999999999999
317 0.083199999999999996
318 0.05824
319 0.083199999999999996
320 0.091520000000000004
321 0.016639999999999999
322 0.12479999999999999
323 0.066559999999999994
324 0.049919999999999999
325 0.066559999999999994
326 0.091520000000000004
327 0.091520000000000004
328 0.099839999999999998
329 0.099839999999999998
330 0.02496
331 0.14976
332 0.066559999999999994
333 0.066559999999999994
334 0.083199999999999996
335 0.091520000000000004
336 0.099839999999999998
337 0.099839999999999998
338 0.033279999999999997
339 0.14144000000000001
340 0.074880000000000002
341 0.05824
342 0.083199999999999996
343 0.091520000000000004
344 0.099839999999999998
345 0.099839999999999998
346 0.041599999999999998
347 0.13311999999999999
348 0.083199999999999996
349 0.05824
350 0.074880000000000002
351 0.091520000000000004
352 0.099839999999999998
353 0.099839999999999998
354 0.049919999999999999
355 0.13311999999999999
356 0.074880000000000002
357 0.066559999999999994
358 0.066559999999999994
359 0.091520000000000004
360 0.099839999999999998
361 0.083199999999999996
362 0.074880000000000002
363 0.10816000000000001
364 0.091520000000000004
365 0.083199999999999996
366 0.091520000000000004
367 0.091520000000000004
368 0.041599999999999998
369 0.14976
370 0.099839999999999998
371 0.074880000000000002
372 0.083199999999999996
373 0.091520000000000004
374 0.091520000000000004
375 0.02496
376 0.15808
377 0.10816000000000001
378 0.074880000000000002
379 0.083199999999999996
380 0.091520000000000004
381 0.091520000000000004
382 0.0083199999999999993
383 0.17471999999999999
384 0.099839999999999998
385 0.074880000000000002
386 0.083199999999999996
387 0.091520000000000004
388 0.091520000000000004
389 0.0
390 0.19136
391 0.091520000000000004
392 0.083199999999999996
393 0.083199999999999996
394 0.091520000000000004
395 0.074880000000000002
396 0.10816000000000001
397 0.091520000000000004
398 0.091520000000000004
399 0.066559999999999994
400 0.091520000000000004
401 0.091520000000000004
402 0.074880000000000002
403 0.10816000000000001
404 0.083199999999999996
405 0.083199999999999996
406 0.074880000000000002
407 0.066559999999999994
408 0.083199999999999996
409 0.02496
410 0.12479999999999999
411 0.066559999999999994
412 0.049919999999999999
413 0.066559999999999994
414 0.091520000000000004
415 0.091520000000000004
416 0.099839999999999998
417 0.099839999999999998
418 0.02496
419 0.14976
420 0.066559999999999994
421 0.066559999999999994
422 0.083199999999999996
423 0.091520000000000004
424 0.099839999999999998
425 0.099839999999999998
426 0.033279999999999997
427 0.14144000000000001
428 0.074880000000000002
429 0.05824
430 0.083199999999999996
431 0.091520000000000004
432 0.099839999999999998
433 0.074880000000000002
434 0.066559999999999994
435 0.13311999999999999
436 0.091520000000000004
437 0.083199999999999996
438 0.091520000000000004
439 0.091520000000000004
440 0.02496
441 0.15808
442 0.099839999999999998
443 0.091520000000000004
444 0.066559999999999994
445 0.091520000000000004
446 0.099839999999999998
447 0.099839999999999998
448 0.016639999999999999
449 0.15808
450 0.05824
451 0.066559999999999994
452 0.083199999999999996
453 0.091520000000000004
454 0.099839999999999998
455 0.099839999999999998
456 0.033279999999999997
457 0.14144000000000001
458 0.074880000000000002
459 0.05824
460 0.083199999999999996
461 0.091520000000000004
462 0.099839999999999998
463 0.099839999999999998
464 0.041599999999999998
465 0.13311999999999999
466 0.083199999999999996
467 0.05824
468 0.074880000000000002
469 0.091520000000000004
470 0.099839999999999998
471 0.099839999999999998
472 0.049919999999999999
473 0.13311999999999999
474 0.074880000000000002
475 0.066559999999999994
476 0.066559999999999994
477 0.091520000000000004
478 0.099839999999999998
479 0.099839999999999998
480 0.05824
481 0.13311999999999999
482 0.066559999999999994
483 0.074880000000000002
484 0.066559999999999994
485 0.083199999999999996
486 0.099839999999999998
487 0.091520000000000004
488 0.0
489 0.18304000000000001
490 0.091520000000000004
491 0.083199999999999996
492 0.091520000000000004
493 0.091520000000000004
494 0.041599999999999998
495 0.14144000000000001
496 0.099839999999999998
497 0.074880000000000002
498 0.083199999999999996
499 0.091520000000000004
500 0.091520000000000004
501 0.033279999999999997
502 0.15808
503 0.099839999999999998
504 0.074880000000000002
505 0.083199999999999996
506 0.091520000000000004
507 0.091520000000000004
508 0.016639999999999999
509 0.17471999999999999
510 0.099839999999999998
511 0.074880000000000002
512 0.083199999999999996
513 0.091520000000000004
514 0.091520000000000004
515 0.0
516 0.18304000000000001
517 0.091520000000000004
518 0.083199999999999996
519 0.083199999999999996
520 0.091520000000000004
521 0.083199999999999996
522 0.10816000000000001
523 0.091520000000000004
524 0.074880000000000002
525 0.083199999999999996
526 0.083199999999999996
527 0.091520000000000004
528 0.083199999999999996
529 0.10816000000000001
530 0.074880000000000002
531 0.066559999999999994
532 0.074880000000000002
533 0.091520000000000004
534 0.083199999999999996
535 0.02496
536 0.11648
537 0.066559999999999994
538 0.05824
539 0.05824
540 0.074880000000000002
541 0.091520000000000004
542 0.099839999999999998
543 0.041599999999999998
544 0.13311999999999999
545 0.099839999999999998
546 0.074880000000000002
547 0.083199999999999996
548 0.091520000000000004
549 0.091520000000000004
550 0.041599999999999998
551 0.14976
552 0.099839999999999998
553 0.074880000000000002
554 0.083199999999999996
555 0.091520000000000004
556 0.091520000000000004
557 0.02496
558 0.16639999999999999
559 0.091520000000000004
560 0.083199999999999996
561 0.083199999999999996
562 0.091520000000000004
563 0.091520000000000004
564 0.0083199999999999993
565 0.17471999999999999
566 0.091520000000000004
567 0.083199999999999996
568 0.066559999999999994
569 0.091520000000000004
570 0.091520000000000004
571 0.016639999999999999
572 0.17471999999999999
573 0.074880000000000002
574 0.083199999999999996
575 0.083199999999999996
576 0.091520000000000004
577 0.091520000000000004
578 0.016639999999999999
579 0.15808
580 0.074880000000000002
581 0.074880000000000002
582 0.066559999999999994
583 0.083199999999999996
584 0.099839999999999998
585 0.099839999999999998
586 0.066559999999999994
587 0.12479999999999999
588 0.066559999999999994
589 0.074880000000000002
590 0.074880000000000002
591 0.074880000000000002
592 0.099839999999999998
593 0.099839999999999998
594 0.0
595 0.16639999999999999
596 0.099839999999999998
597 0.074880000000000002
598 0.091520000000000004
599 0.099839999999999998
600 0.049919999999999999
601 0.13311999999999999
602 0.099839999999999998
603 0.074880000000000002
604 0.083199999999999996
605 0.091520000000000004
606 0.091520000000000004
607 0.099839999999999998
608 0.049919999999999999
609 0.14144000000000001
610 0.099839999999999998
611 0.099839999999999998
612 0.099839999999999998
613 0.099839999999999998
614 0.049919999999999999
615 0.12479999999999999
616 0.099839999999999998
617 0.099839999999999998
618 0.099839999999999998
619 0.099839999999999998
620 0.099839999999999998
621 0.099839999999999998
622 0.0
623 0.19136
624 0.091520000000000004
625 0.083199999999999996
626 0.091520000000000004
627 0.099839999999999998
628 0.099839999999999998
629 0.033279999999999997
630 0.15808
631 0.099839999999999998
632 0.099839999999999998
633 0.083199999999999996
634 0.099839999999999998
635 0.099839999999999998
636 0.049919999999999999
637 0.13311999999999999
638 0.099839999999999998
639 0.099839999999999998
640 0.099839999999999998
641 0.099839999999999998
642 0.099839999999999998
643 0.05824
644 0.13311999999999999
645 0.099839999999999998
646 0.099839999999999998
647 0.099839999999999998
648 0.099839999999999998
649 0.099839999999999998
650 0.05824
651 0.13311999999999999
652 0.099839999999999998
653 0.099839999999999998
654 0.099839999999999998
655 0.099839999999999998
656 0.099839999999999998
657 0.05824
658 0.12479999999999999
659 0.099839999999999998
660 0.099839999999999998
661 0.091520000000000004
662 0.091520000000000004
663 0.099839999999999998
664 0.083199999999999996
665 0.11648
666 0.091520000000000004
667 0.099839999999999998
668 0.099839999999999998
669 0.099839999999999998
670 0.099839999999999998
671 0.083199999999999996
672 0.11648
673 0.083199999999999996
674 0.099839999999999998
675 0.10816000000000001
676 0.099839999999999998
677 0.099839999999999998
678 0.083199999999999996
679 0.11648
680 0.083199999999999996
681 0.099839999999999998
682 0.099839999999999998
683 0.099839999999999998
684 0.099839999999999998
685 0.091520000000000004
686 0.0
687 0.19968
688 0.099839999999999998
689 0.099839999999999998
690 0.099839999999999998
691 0.099839999999999998
692 0.091520000000000004
693 0.0
694 0.19136
695 0.099839999999999998
696 0.099839999999999998
697 0.099839999999999998
698 0.10816000000000001
699 0.091520000000000004
700 0.0
701 0.19136
702 0.099839999999999998
703 0.099839999999999998
704 0.099839999999999998
705 0.099839999999999998
706 0.099839999999999998
707 0.0
708 0.19136
709 0.099839999999999998
710 0.099839999999999998
711 0.099839999999999998
712 0.099839999999999998
713 0.099839999999999998
714 0.0
715 0.18304000000000001
716 0.099839999999999998
717 0.099839999999999998
718 0.099839999999999998
719 0.099839999999999998
720 0.099839999999999998
721 0.0083199999999999993
722 0.18304000000000001
723 0.099839999999999998
724 0.099839999999999998
725 0.099839999999999998
726 0.099839999999999998
727 0.099839999999999998
728 0.0083199999999999993
729 0.18304000000000001
730 0.099839999999999998
731 0.099839999999999998
732 0.099839999999999998
733 0.099839999999999998
734 0.099839999999999998
735 0.0083199999999999993
736 0.17471999999999999
737 0.099839999999999998
738 0.099839999999999998
739 0.099839999999999998
740 0.099839999999999998
741 0.099839999999999998
742 0.016639999999999999
743 0.17471999999999999
744 0.099839999999999998
745 0.099839999999999998
746 0.099839999999999998
747 0.099839999999999998
748 0.099839999999999998
749 0.016639999999999999
750 0.17471999999999999
751 0.099839999999999998
752 0.099839999999999998
753 0.099839999999999998
754 0.099839999999999998
755 0.099839999999999998
756 0.016639999999999999
757 0.16639999999999999
758 0.099839999999999998
759 0.074880000000000002
760 0.083199999999999996
761 0.091520000000000004
762 0.099839999999999998
763 0.074880000000000002
764 0.11648
765 0.099839999999999998
766 0.099839999999999998
767 0.091520000000000004
768 0.091520000000000004
769 0.099839999999999998
770 0.091520000000000004
771 0.0
772 0.19968
773 0.099839999999999998
774 0.099839999999999998
775 0.099839999999999998
776 0.099839999999999998
777 0.091520000000000004
778 0.0
779 0.19136
780 0.099839999999999998
781 0.099839999999999998
782 0.099839999999999998
783 0.099839999999999998
784 0.099839999999999998
785 0.0
786 0.19136
787 0.099839999999999998
788 0.099839999999999998
789 0.099839999999999998
790 0.099839999999999998
791 0.099839999999999998
792 0.0
793 0.16639999999999999
794 0.083199999999999996
795 0.074880000000000002
796 0.083199999999999996
797 0.083199999999999996
798 0.0
799 0.14976
800 0.041599999999999998
801 0.066559999999999994
802 0.074880000000000002
803 0.091520000000000004
804 0.091520000000000004
805 0.099839999999999998
806 0.099839999999999998
807 0.0
808 0.18304000000000001
809 0.083199999999999996
810 0.074880000000000002
811 0.083199999999999996
812 0.099839999999999998
813 0.066559999999999994
814 0.10816000000000001
815 0.099839999999999998
816 0.074880000000000002
817 0.083199999999999996
818 0.083199999999999996
819 0.091520000000000004
820 0.074880000000000002
821 0.10816000000000001
822 0.091520000000000004
823 0.083199999999999996
824 0.083199999999999996
825 0.083199999999999996
826 0.091520000000000004
827 0.074880000000000002
828 0.10816000000000001
829 0.091520000000000004
830 0.066559999999999994
831 0.074880000000000002
832 0.083199999999999996
833 0.083199999999999996
834 0.016639999999999999
835 0.12479999999999999
836 0.066559999999999994
837 0.049919999999999999
838 0.05824
839 0.083199999999999996
840 0.091520000000000004
841 0.091520000000000004
842 0.041599999999999998
843 0.14144000000000001
844 0.091520000000000004
845 0.083199999999999996
846 0.083199999999999996
847 0.083199999999999996
848 0.091520000000000004
849 0.041599999999999998
850 0.14144000000000001
851 0.099839999999999998
852 0.083199999999999996
853 0.074880000000000002
854 0.091520000000000004
855 0.091520000000000004
856 0.033279999999999997
857 0.15808
858 0.099839999999999998
859 0.074880000000000002
860 0.083199999999999996
861 0.091520000000000004
862 0.091520000000000004
863 0.016639999999999999
864 0.16639999999999999
865 0.091520000000000004
866 0.083199999999999996
867 0.083199999999999996
868 0.091520000000000004
869 0.091520000000000004
870 0.099839999999999998
871 0.016639999999999999
872 0.17471999999999999
873 0.099839999999999998
874 0.099839999999999998
875 0.099839999999999998
876 0.091520000000000004
877 0.02496
878 0.16639999999999999
879 0.099839999999999998
880 0.099839999999999998
881 0.099839999999999998
882 0.099839999999999998
883 0.099839999999999998
884 0.05824
885 0.12479999999999999
886 0.091520000000000004
887 0.083199999999999996
888 0.083199999999999996
889 0.091520000000000004
890 0.099839999999999998
891 0.099839999999999998
892 0.016639999999999999
893 0.17471999999999999
894 0.091520000000000004
895 0.083199999999999996
896 0.074880000000000002
897 0.099839999999999998
898 0.099839999999999998
899 0.066559999999999994
900 0.12479999999999999
901 0.099839999999999998
902 0.099839999999999998
903 0.099839999999999998
904 0.091520000000000004
905 0.099839999999999998
906 0.074880000000000002
907 0.11648
908 0.091520000000000004
909 0.099839999999999998
910 0.099839999999999998
911 0.099839999999999998
912 0.099839999999999998
913 0.083199999999999996
914 0.11648
915 0.091520000000000004
916 0.099839999999999998
917 0.099839999999999998
918 0.099839999999999998
919 0.091520000000000004
920 0.0
921 0.17471999999999999
922 0.10816000000000001
923 0.099839999999999998
924 0.099839999999999998
925 0.099839999999999998
926 0.099839999999999998
927 0.0
928 0.18304000000000001
929 0.099839999999999998
930 0.099839999999999998
931 0.099839999999999998
932 0.099839999999999998
933 0.099839999999999998
934 0.0083199999999999993
935 0.18304000000000001
936 0.099839999999999998
937 0.099839999999999998
938 0.099839999999999998
939 0.099839999999999998
940 0.099839999999999998
941 0.0083199999999999993
942 0.17471999999999999
943 0.099839999999999998
944 0.099839999999999998
945 0.099839999999999998
946 0.10816000000000001
947 0.099839999999999998
948 0.0083199999999999993
949 0.17471999999999999
950 0.074880000000000002
951 0.083199999999999996
952 0.083199999999999996
953 0.091520000000000004
954 0.099839999999999998
955 0.083199999999999996
956 0.11648
957 0.091520000000000004
958 0.074880000000000002
959 0.083199999999999996
960 0.091520000000000004
961 0.091520000000000004
962 0.099839999999999998
963 0.041599999999999998
964 0.14144000000000001
965 0.099839999999999998
966 0.099839999999999998
967 0.091520000000000004
968 0.091520000000000004
969 0.10816000000000001
970 0.05824
971 0.12479999999999999
972 0.099839999999999998
973 0.091520000000000004
974 0.083199999999999996
975 0.091520000000000004
976 0.091520000000000004
977 0.0083199999999999993
978 0.18304000000000001
979 0.099839999999999998
980 0.091520000000000004
981 0.083199999999999996
982 0.091520000000000004
983 0.099839999999999998
984 0.074880000000000002
985 0.11648
986 0.05824
987 0.074880000000000002
988 0.074880000000000002
989 0.083199999999999996
990 0.091520000000000004
991 0.099839999999999998
992 0.091520000000000004
993 0.0
994 0.19136
995 0.083199999999999996
996 0.083199999999999996
997 0.074880000000000002
998 0.099839999999999998
999 0.05824
