0 0.0
1 0.033599999999999998
2 0.02496
3 0.0
4 0.041599999999999998
5 0.049919999999999999
6 0.016639999999999999
7 0.0
8 0.066559999999999994
9 0.041599999999999998
10 0.049919999999999999
11 0.05824
12 0.0083199999999999993
13 0.083199999999999996
14 0.049919999999999999
15 0.049919999999999999
16 0.041599999999999998
17 0.074880000000000002
18 0.05824
19 0.083199999999999996
20 0.049919999999999999
21 0.074880000000000002
22 0.049919999999999999
23 0.033279999999999997
24 0.074880000000000002
25 0.05824
26 0.05824
27 0.041599999999999998
28 0.0083199999999999993
29 0.083199999999999996
30 0.05824
31 0.066559999999999994
32 0.02496
33 0.066559999999999994
34 0.02496
35 0.041599999999999998
36 0.0
37 0.066559999999999994
38 0.041599999999999998
39 0.033279999999999997
40 0.033279999999999997
41 0.074880000000000002
42 0.041599999999999998
43 0.033279999999999997
44 0.041599999999999998
45 0.041599999999999998
46 0.083199999999999996
47 0.02496
48 0.05824
49 0.05824
50 0.049919999999999999
51 0.074880000000000002
52 0.0083199999999999993
53 0.11648
54 0.066559999999999994
55 0.074880000000000002
56 0.033279999999999997
57 0.0
58 0.11648
59 0.066559999999999994
60 0.049919999999999999
61 0.0083199999999999993
62 0.083199999999999996
63 0.05824
64 0.041599999999999998
65 0.049919999999999999
66 0.066559999999999994
67 0.016639999999999999
68 0.02496
69 0.02496
70 0.066559999999999994
71 0.02496
72 0.049919999999999999
73 0.033279999999999997
74 0.05824
75 0.033279999999999997
76 0.049919999999999999
77 0.049919999999999999
78 0.041599999999999998
79 0.066559999999999994
80 0.041599999999999998
81 0.033279999999999997
82 0.049919999999999999
83 0.066559999999999994
84 0.074880000000000002
85 0.02496
86 0.099839999999999998
87 0.066559999999999994
88 0.066559999999999994
89 0.05824
90 0.0
91 0.099839999999999998
92 0.05824
93 0.066559999999999994
94 0.016639999999999999
95 0.066559999999999994
96 0.049919999999999999
97 0.066559999999999994
98 0.041599999999999998
99 0.0083199999999999993
100 0.083199999999999996
101 0.02496
102 0.02496
103 0.049919999999999999
104 0.033279999999999997
105 0.033279999999999997
106 0.049919999999999999
107 0.0083199999999999993
108 0.091520000000000004
109 0.02496
110 0.05824
111 0.05824
112 0.0
113 0.091520000000000004
114 0.049919999999999999
115 0.041599999999999998
116 0.049919999999999999
117 0.083199999999999996
118 0.041599999999999998
119 0.083199999999999996
120 0.05824
121 0.066559999999999994
122 0.05824
123 0.02496
124 0.083199999999999996
125 0.066559999999999994
126 0.041599999999999998
127 0.049919999999999999
128 0.066559999999999994
129 0.033279999999999997
130 0.05824
131 0.066559999999999994
132 0.0083199999999999993
133 0.066559999999999994
134 0.033279999999999997
135 0.033279999999999997
136 0.049919999999999999
137 0.033279999999999997
138 0.02496
139 0.033279999999999997
140 0.033279999999999997
141 0.074880000000000002
142 0.041599999999999998
143 0.033279999999999997
144 0.05824
145 0.02496
146 0.083199999999999996
147 0.041599999999999998
148 0.05824
149 0.041599999999999998
150 0.066559999999999994
151 0.066559999999999994
152 0.083199999999999996
153 0.049919999999999999
154 0.066559999999999994
155 0.05824
156 0.033279999999999997
157 0.074880000000000002
158 0.049919999999999999
159 0.066559999999999994
160 0.041599999999999998
161 0.0083199999999999993
162 0.083199999999999996
163 0.05824
164 0.05824
165 0.033279999999999997
166 0.066559999999999994
167 0.016639999999999999
168 0.033279999999999997
169 0.016639999999999999
170 0.066559999999999994
171 0.041599999999999998
172 0.033279999999999997
173 0.033279999999999997
174 0.05824
175 0.041599999999999998
176 0.049919999999999999
177 0.041599999999999998
178 0.041599999999999998
179 0.066559999999999994
180 0.041599999999999998
181 0.041599999999999998
182 0.05824
183 0.066559999999999994
184 0.05824
185 0.02496
186 0.099839999999999998
187 0.066559999999999994
188 0.083199999999999996
189 0.041599999999999998
190 0.0
191 0.11648
192 0.05824
193 0.05824
194 0.0083199999999999993
195 0.074880000000000002
196 0.05824
197 0.049919999999999999
198 0.049919999999999999
199 0.0
200 0.083199999999999996
201 0.02496
202 0.02496
203 0.05824
204 0.02496
205 0.049919999999999999
206 0.041599999999999998
207 0.0
208 0.091520000000000004
209 0.041599999999999998
210 0.05824
211 0.041599999999999998
212 0.066559999999999994
213 0.041599999999999998
214 0.033279999999999997
215 0.041599999999999998
216 0.066559999999999994
217 0.083199999999999996
218 0.02496
219 0.099839999999999998
220 0.05824
221 0.05824
222 0.066559999999999994
223 0.0083199999999999993
224 0.091520000000000004
225 0.05824
226 0.05824
227 0.033279999999999997
228 0.066559999999999994
229 0.041599999999999998
230 0.066559999999999994
231 0.049919999999999999
232 0.0083199999999999993
233 0.074880000000000002
234 0.033279999999999997
235 0.02496
236 0.049919999999999999
237 0.033279999999999997
238 0.02496
239 0.041599999999999998
240 0.02496
241 0.083199999999999996
242 0.033279999999999997
243 0.049919999999999999
244 0.05824
245 0.0083199999999999993
246 0.083199999999999996
247 0.05824
248 0.041599999999999998
249 0.041599999999999998
250 0.083199999999999996
251 0.049919999999999999
252 0.083199999999999996
253 0.049919999999999999
254 0.074880000000000002
255 0.049919999999999999
256 0.033279999999999997
257 0.074880000000000002
258 0.066559999999999994
259 0.049919999999999999
260 0.049919999999999999
261 0.0
262 0.091520000000000004
263 0.05824
264 0.066559999999999994
265 0.016639999999999999
266 0.066559999999999994
267 0.02496
268 0.041599999999999998
269 0.0
270 0.066559999999999994
271 0.041599999999999998
272 0.033279999999999997
273 0.033279999999999997
274 0.074880000000000002
275 0.041599999999999998
276 0.033279999999999997
277 0.041599999999999998
278 0.041599999999999998
279 0.083199999999999996
280 0.02496
281 0.05824
282 0.05824
283 0.049919999999999999
284 0.074880000000000002
285 0.0083199999999999993
286 0.11648
287 0.066559999999999994
288 0.074880000000000002
289 0.033279999999999997
290 0.0
291 0.11648
292 0.074880000000000002
293 0.041599999999999998
294 0.0083199999999999993
295 0.083199999999999996
296 0.05824
297 0.049919999999999999
298 0.041599999999999998
299 0.066559999999999994
300 0.016639999999999999
301 0.02496
302 0.02496
303 0.066559999999999994
304 0.033279999999999997
305 0.041599999999999998
306 0.033279999999999997
307 0.05824
308 0.033279999999999997
309 0.05824
310 0.041599999999999998
311 0.041599999999999998
312 0.066559999999999994
313 0.041599999999999998
314 0.033279999999999997
315 0.05824
316 0.066559999999999994
317 0.066559999999999994
318 0.02496
319 0.099839999999999998
320 0.066559999999999994
321 0.066559999999999994
322 0.05824
323 0.0
324 0.099839999999999998
325 0.05824
326 0.066559999999999994
327 0.016639999999999999
328 0.066559999999999994
329 0.049919999999999999
330 0.066559999999999994
331 0.041599999999999998
332 0.0083199999999999993
333 0.083199999999999996
334 0.02496
335 0.02496
336 0.049919999999999999
337 0.033279999999999997
338 0.033279999999999997
339 0.049919999999999999
340 0.0083199999999999993
341 0.091520000000000004
342 0.02496
343 0.05824
344 0.05824
345 0.0
346 0.099839999999999998
347 0.041599999999999998
348 0.041599999999999998
349 0.05824
350 0.083199999999999996
351 0.033279999999999997
352 0.091520000000000004
353 0.05824
354 0.05824
355 0.066559999999999994
356 0.016639999999999999
357 0.091520000000000004
358 0.05824
359 0.049919999999999999
360 0.041599999999999998
361 0.066559999999999994
362 0.041599999999999998
363 0.05824
364 0.05824
365 0.0083199999999999993
366 0.066559999999999994
367 0.041599999999999998
368 0.02496
369 0.049919999999999999
370 0.033279999999999997
371 0.02496
372 0.033279999999999997
373 0.033279999999999997
374 0.074880000000000002
375 0.041599999999999998
376 0.033279999999999997
377 0.05824
378 0.02496
379 0.083199999999999996
380 0.041599999999999998
381 0.05824
382 0.041599999999999998
383 0.066559999999999994
384 0.066559999999999994
385 0.083199999999999996
386 0.049919999999999999
387 0.066559999999999994
388 0.05824
389 0.033279999999999997
390 0.074880000000000002
391 0.049919999999999999
392 0.066559999999999994
393 0.041599999999999998
394 0.0083199999999999993
395 0.083199999999999996
396 0.05824
397 0.066559999999999994
398 0.02496
399 0.066559999999999994
400 0.016639999999999999
401 0.041599999999999998
402 0.0083199999999999993
403 0.066559999999999994
404 0.041599999999999998
405 0.033279999999999997
406 0.033279999999999997
407 0.066559999999999994
408 0.041599999999999998
409 0.041599999999999998
410 0.041599999999999998
411 0.041599999999999998
412 0.074880000000000002
413 0.033279999999999997
414 0.049919999999999999
415 0.05824
416 0.05824
417 0.066559999999999994
418 0.016639999999999999
419 0.10816000000000001
420 0.066559999999999994
421 0.074880000000000002
422 0.041599999999999998
423 0.0
424 0.11648
425 0.05824
426 0.05824
427 0.0083199999999999993
428 0.074880000000000002
429 0.05824
430 0.049919999999999999
431 0.049919999999999999
432 0.0
433 0.083199999999999996
434 0.02496
435 0.02496
436 0.05824
437 0.02496
438 0.049919999999999999
439 0.041599999999999998
440 0.0
441 0.091520000000000004
442 0.041599999999999998
443 0.05824
444 0.041599999999999998
445 0.066559999999999994
446 0.041599999999999998
447 0.033279999999999997
448 0.049919999999999999
449 0.066559999999999994
450 0.074880000000000002
451 0.02496
452 0.099839999999999998
453 0.066559999999999994
454 0.05824
455 0.066559999999999994
456 0.0
457 0.091520000000000004
458 0.05824
459 0.066559999999999994
460 0.02496
461 0.066559999999999994
462 0.041599999999999998
463 0.074880000000000002
464 0.041599999999999998
465 0.0083199999999999993
466 0.083199999999999996
467 0.02496
468 0.02496
469 0.049919999999999999
470 0.033279999999999997
471 0.02496
472 0.049919999999999999
473 0.016639999999999999
474 0.083199999999999996
475 0.033279999999999997
476 0.049919999999999999
477 0.05824
478 0.0083199999999999993
479 0.083199999999999996
480 0.05824
481 0.041599999999999998
482 0.041599999999999998
483 0.083199999999999996
484 0.049919999999999999
485 0.083199999999999996
486 0.049919999999999999
487 0.074880000000000002
488 0.049919999999999999
489 0.033279999999999997
490 0.074880000000000002
491 0.066559999999999994
492 0.049919999999999999
493 0.049919999999999999
494 0.0
495 0.091520000000000004
496 0.05824
497 0.066559999999999994
498 0.016639999999999999
499 0.066559999999999994
500 0.033279999999999997
501 0.033279999999999997
502 0.0
503 0.074880000000000002
504 0.033279999999999997
505 0.033279999999999997
506 0.033279999999999997
507 0.074880000000000002
508 0.041599999999999998
509 0.033279999999999997
510 0.049919999999999999
511 0.033279999999999997
512 0.083199999999999996
513 0.033279999999999997
514 0.05824
515 0.049919999999999999
516 0.05824
517 0.074880000000000002
518 0.0
519 0.12479999999999999
520 0.066559999999999994
521 0.066559999999999994
522 0.033279999999999997
523 0.074880000000000002
524 0.041599999999999998
525 0.074880000000000002
526 0.041599999999999998
527 0.0083199999999999993
528 0.083199999999999996
529 0.05824
530 0.049919999999999999
531 0.041599999999999998
532 0.066559999999999994
533 0.016639999999999999
534 0.02496
535 0.02496
536 0.066559999999999994
537 0.033279999999999997
538 0.041599999999999998
539 0.033279999999999997
540 0.05824
541 0.033279999999999997
542 0.05824
543 0.041599999999999998
544 0.041599999999999998
545 0.066559999999999994
546 0.041599999999999998
547 0.033279999999999997
548 0.05824
549 0.066559999999999994
550 0.066559999999999994
551 0.02496
552 0.099839999999999998
553 0.066559999999999994
554 0.074880000000000002
555 0.049919999999999999
556 0.0
557 0.10816000000000001
558 0.05824
559 0.066559999999999994
560 0.0083199999999999993
561 0.066559999999999994
562 0.05824
563 0.05824
564 0.041599999999999998
565 0.0083199999999999993
566 0.083199999999999996
567 0.02496
568 0.02496
569 0.049919999999999999
570 0.033279999999999997
571 0.041599999999999998
572 0.049919999999999999
573 0.0
574 0.091520000000000004
575 0.033279999999999997
576 0.05824
577 0.049919999999999999
578 0.0
579 0.099839999999999998
580 0.041599999999999998
581 0.041599999999999998
582 0.05824
583 0.083199999999999996
584 0.033279999999999997
585 0.091520000000000004
586 0.05824
587 0.05824
588 0.066559999999999994
589 0.016639999999999999
590 0.091520000000000004
591 0.05824
592 0.049919999999999999
593 0.041599999999999998
594 0.066559999999999994
595 0.041599999999999998
596 0.05824
597 0.05824
598 0.0083199999999999993
599 0.066559999999999994
600 0.041599999999999998
601 0.02496
602 0.049919999999999999
603 0.033279999999999997
604 0.02496
605 0.041599999999999998
606 0.02496
607 0.074880000000000002
608 0.041599999999999998
609 0.041599999999999998
610 0.05824
611 0.016639999999999999
612 0.083199999999999996
613 0.049919999999999999
614 0.049919999999999999
615 0.041599999999999998
616 0.074880000000000002
617 0.05824
618 0.083199999999999996
619 0.049919999999999999
620 0.074880000000000002
621 0.049919999999999999
622 0.033279999999999997
623 0.074880000000000002
624 0.05824
625 0.05824
626 0.041599999999999998
627 0.0083199999999999993
628 0.083199999999999996
629 0.05824
630 0.066559999999999994
631 0.02496
632 0.066559999999999994
633 0.016639999999999999
634 0.041599999999999998
635 0.0083199999999999993
636 0.066559999999999994
637 0.041599999999999998
638 0.033279999999999997
639 0.033279999999999997
640 0.066559999999999994
641 0.041599999999999998
642 0.041599999999999998
643 0.041599999999999998
644 0.041599999999999998
645 0.074880000000000002
646 0.033279999999999997
647 0.049919999999999999
648 0.05824
649 0.05824
650 0.066559999999999994
651 0.016639999999999999
652 0.10816000000000001
653 0.066559999999999994
654 0.074880000000000002
655 0.041599999999999998
656 0.0
657 0.11648
658 0.066559999999999994
659 0.049919999999999999
660 0.0083199999999999993
661 0.083199999999999996
662 0.05824
663 0.041599999999999998
664 0.049919999999999999
665 0.066559999999999994
666 0.016639999999999999
667 0.02496
668 0.02496
669 0.066559999999999994
670 0.02496
671 0.049919999999999999
672 0.033279999999999997
673 0.05824
674 0.033279999999999997
675 0.049919999999999999
676 0.049919999999999999
677 0.041599999999999998
678 0.066559999999999994
679 0.041599999999999998
680 0.033279999999999997
681 0.049919999999999999
682 0.066559999999999994
683 0.074880000000000002
684 0.02496
685 0.099839999999999998
686 0.066559999999999994
687 0.05824
688 0.066559999999999994
689 0.0
690 0.091520000000000004
691 0.05824
692 0.066559999999999994
693 0.02496
694 0.066559999999999994
695 0.041599999999999998
696 0.074880000000000002
697 0.041599999999999998
698 0.0083199999999999993
699 0.083199999999999996
700 0.02496
701 0.02496
702 0.049919999999999999
703 0.033279999999999997
704 0.02496
705 0.049919999999999999
706 0.016639999999999999
707 0.083199999999999996
708 0.033279999999999997
709 0.05824
710 0.05824
711 0.0
712 0.091520000000000004
713 0.049919999999999999
714 0.041599999999999998
715 0.049919999999999999
716 0.083199999999999996
717 0.041599999999999998
718 0.083199999999999996
719 0.05824
720 0.066559999999999994
721 0.05824
722 0.02496
723 0.083199999999999996
724 0.066559999999999994
725 0.041599999999999998
726 0.049919999999999999
727 0.066559999999999994
728 0.033279999999999997
729 0.05824
730 0.066559999999999994
731 0.0083199999999999993
732 0.066559999999999994
733 0.033279999999999997
734 0.033279999999999997
735 0.0
736 0.074880000000000002
737 0.033279999999999997
738 0.033279999999999997
739 0.033279999999999997
740 0.074880000000000002
741 0.041599999999999998
742 0.033279999999999997
743 0.049919999999999999
744 0.033279999999999997
745 0.083199999999999996
746 0.033279999999999997
747 0.05824
748 0.049919999999999999
749 0.05824
750 0.074880000000000002
751 0.0
752 0.12479999999999999
753 0.066559999999999994
754 0.066559999999999994
755 0.033279999999999997
756 0.074880000000000002
757 0.041599999999999998
758 0.074880000000000002
759 0.041599999999999998
760 0.0083199999999999993
761 0.083199999999999996
762 0.05824
763 0.05824
764 0.033279999999999997
765 0.066559999999999994
766 0.016639999999999999
767 0.033279999999999997
768 0.016639999999999999
769 0.066559999999999994
770 0.041599999999999998
771 0.033279999999999997
772 0.033279999999999997
773 0.05824
774 0.041599999999999998
775 0.049919999999999999
776 0.041599999999999998
777 0.041599999999999998
778 0.066559999999999994
779 0.041599999999999998
780 0.041599999999999998
781 0.05824
782 0.066559999999999994
783 0.05824
784 0.02496
785 0.099839999999999998
786 0.066559999999999994
787 0.074880000000000002
788 0.049919999999999999
789 0.0
790 0.10816000000000001
791 0.05824
792 0.066559999999999994
793 0.0083199999999999993
794 0.066559999999999994
795 0.05824
796 0.05824
797 0.041599999999999998
798 0.0083199999999999993
799 0.083199999999999996
800 0.02496
801 0.02496
802 0.049919999999999999
803 0.033279999999999997
804 0.041599999999999998
805 0.049919999999999999
806 0.0
807 0.091520000000000004
808 0.033279999999999997
809 0.05824
810 0.049919999999999999
811 0.0
812 0.10816000000000001
813 0.033279999999999997
814 0.041599999999999998
815 0.066559999999999994
816 0.083199999999999996
817 0.02496
818 0.099839999999999998
819 0.05824
820 0.05824
821 0.066559999999999994
822 0.0083199999999999993
823 0.091520000000000004
824 0.05824
825 0.05824
826 0.033279999999999997
827 0.066559999999999994
828 0.041599999999999998
829 0.066559999999999994
830 0.049919999999999999
831 0.0083199999999999993
832 0.074880000000000002
833 0.033279999999999997
834 0.02496
835 0.049919999999999999
836 0.033279999999999997
837 0.02496
838 0.041599999999999998
839 0.02496
840 0.074880000000000002
841 0.041599999999999998
842 0.041599999999999998
843 0.05824
844 0.016639999999999999
845 0.083199999999999996
846 0.049919999999999999
847 0.049919999999999999
848 0.041599999999999998
849 0.074880000000000002
850 0.05824
851 0.083199999999999996
852 0.049919999999999999
853 0.074880000000000002
854 0.049919999999999999
855 0.033279999999999997
856 0.074880000000000002
857 0.05824
858 0.05824
859 0.041599999999999998
860 0.0083199999999999993
861 0.083199999999999996
862 0.05824
863 0.066559999999999994
864 0.02496
865 0.066559999999999994
866 0.02496
867 0.041599999999999998
868 0.0
869 0.066559999999999994
870 0.041599999999999998
871 0.033279999999999997
872 0.033279999999999997
873 0.074880000000000002
874 0.041599999999999998
875 0.033279999999999997
876 0.041599999999999998
877 0.041599999999999998
878 0.083199999999999996
879 0.02496
880 0.05824
881 0.05824
882 0.049919999999999999
883 0.074880000000000002
884 0.0083199999999999993
885 0.11648
886 0.066559999999999994
887 0.074880000000000002
888 0.033279999999999997
889 0.0
890 0.11648
891 0.066559999999999994
892 0.049919999999999999
893 0.0083199999999999993
894 0.083199999999999996
895 0.05824
896 0.041599999999999998
897 0.049919999999999999
898 0.066559999999999994
899 0.016639999999999999
900 0.02496
901 0.02496
902 0.066559999999999994
903 0.02496
904 0.049919999999999999
905 0.033279999999999997
906 0.05824
907 0.033279999999999997
908 0.049919999999999999
909 0.049919999999999999
910 0.041599999999999998
911 0.066559999999999994
912 0.041599999999999998
913 0.033279999999999997
914 0.049919999999999999
915 0.066559999999999994
916 0.074880000000000002
917 0.02496
918 0.099839999999999998
919 0.066559999999999994
920 0.066559999999999994
921 0.05824
922 0.0
923 0.099839999999999998
924 0.05824
925 0.066559999999999994
926 0.016639999999999999
927 0.066559999999999994
928 0.049919999999999999
929 0.066559999999999994
930 0.041599999999999998
931 0.0083199999999999993
932 0.083199999999999996
933 0.02496
934 0.02496
935 0.049919999999999999
936 0.033279999999999997
937 0.033279999999999997
938 0.049919999999999999
939 0.0083199999999999993
940 0.091520000000000004
941 0.02496
942 0.05824
943 0.05824
944 0.0
945 0.091520000000000004
946 0.049919999999999999
947 0.041599999999999998
948 0.049919999999999999
949 0.083199999999999996
950 0.041599999999999998
951 0.083199999999999996
952 0.05824
953 0.066559999999999994
954 0.05824
955 0.02496
956 0.083199999999999996
957 0.066559999999999994
958 0.041599999999999998
959 0.049919999999999999
960 0.066559999999999994
961 0.033279999999999997
962 0.05824
963 0.066559999999999994
964 0.0083199999999999993
965 0.066559999999999994
966 0.033279999999999997
967 0.033279999999999997
968 0.049919999999999999
969 0.033279999999999997
970 0.02496
971 0.033279999999999997
972 0.033279999999999997
973 0.074880000000000002
974 0.041599999999999998
975 0.033279999999999997
976 0.05824
977 0.02496
978 0.083199999999999996
979 0.041599999999999998
980 0.05824
981 0.041599999999999998
982 0.066559999999999994
983 0.066559999999999994
984 0.083199999999999996
985 0.049919999999999999
986 0.066559999999999994
987 0.05824
988 0.033279999999999997
989 0.074880000000000002
990 0.049919999999999999
991 0.066559999999999994
992 0.041599999999999998
993 0.0083199999999999993
994 0.083199999999999996
995 0.05824
996 0.05824
997 0.033279999999999997
998 0.066559999999999994
999 0.016639999999999999
