0 0.0
1 0.033599999999999998
2 0.041599999999999998
3 0.033279999999999997
4 0.10816000000000001
5 0.066559999999999994
6 0.066559999999999994
7 0.074880000000000002
8 0.083199999999999996
9 0.083199999999999996
10 0.099839999999999998
11 0.099839999999999998
12 0.0
13 0.19136
14 0.091520000000000004
15 0.083199999999999996
16 0.091520000000000004
17 0.099839999999999998
18 0.099839999999999998
19 0.033279999999999997
20 0.15808
21 0.099839999999999998
22 0.091520000000000004
23 0.074880000000000002
24 0.099839999999999998
25 0.099839999999999998
26 0.0083199999999999993
27 0.16639999999999999
28 0.099839999999999998
29 0.099839999999999998
30 0.099839999999999998
31 0.091520000000000004
32 0.099839999999999998
33 0.02496
34 0.16639999999999999
35 0.099839999999999998
36 0.099839999999999998
37 0.099839999999999998
38 0.099839999999999998
39 0.099839999999999998
40 0.02496
41 0.16639999999999999
42 0.099839999999999998
43 0.099839999999999998
44 0.099839999999999998
45 0.099839999999999998
46 0.099839999999999998
47 0.02496
48 0.16639999999999999
49 0.099839999999999998
50 0.099839999999999998
51 0.099839999999999998
52 0.099839999999999998
53 0.099839999999999998
54 0.02496
55 0.16639999999999999
56 0.099839999999999998
57 0.091520000000000004
58 0.083199999999999996
59 0.091520000000000004
60 0.099839999999999998
61 0.05824
62 0.13311999999999999
63 0.099839999999999998
64 0.099839999999999998
65 0.099839999999999998
66 0.091520000000000004
67 0.099839999999999998
68 0.066559999999999994
69 0.12479999999999999
70 0.099839999999999998
71 0.099839999999999998
72 0.099839999999999998
73 0.099839999999999998
74 0.099839999999999998
75 0.066559999999999994
76 0.12479999999999999
77 0.066559999999999994
78 0.074880000000000002
79 0.074880000000000002
80 0.074880000000000002
81 0.099839999999999998
82 0.099839999999999998
83 0.074880000000000002
84 0.11648
85 0.099839999999999998
86 0.099839999999999998
87 0.091520000000000004
88 0.091520000000000004
89 0.099839999999999998
90 0.091520000000000004
91 0.0
92 0.19968
93 0.099839999999999998
94 0.099839999999999998
95 0.099839999999999998
96 0.091520000000000004
97 0.10816000000000001
98 0.083199999999999996
99 0.099839999999999998
100 0.099839999999999998
101 0.099839999999999998
102 0.10816000000000001
103 0.099839999999999998
104 0.02496
105 0.15808
106 0.099839999999999998
107 0.099839999999999998
108 0.10816000000000001
109 0.099839999999999998
110 0.099839999999999998
111 0.02496
112 0.14144000000000001
113 0.074880000000000002
114 0.05824
115 0.083199999999999996
116 0.091520000000000004
117 0.099839999999999998
118 0.074880000000000002
119 0.066559999999999994
120 0.13311999999999999
121 0.091520000000000004
122 0.083199999999999996
123 0.091520000000000004
124 0.099839999999999998
125 0.099839999999999998
126 0.016639999999999999
127 0.16639999999999999
128 0.066559999999999994
129 0.074880000000000002
130 0.083199999999999996
131 0.083199999999999996
132 0.016639999999999999
133 0.13311999999999999
134 0.05824
135 0.049919999999999999
136 0.074880000000000002
137 0.091520000000000004
138 0.091520000000000004
139 0.099839999999999998
140 0.099839999999999998
141 0.016639999999999999
142 0.17471999999999999
143 0.074880000000000002
144 0.083199999999999996
145 0.083199999999999996
146 0.091520000000000004
147 0.083199999999999996
148 0.10816000000000001
149 0.091520000000000004
150 0.091520000000000004
151 0.083199999999999996
152 0.083199999999999996
153 0.091520000000000004
154 0.066559999999999994
155 0.11648
156 0.099839999999999998
157 0.091520000000000004
158 0.083199999999999996
159 0.083199999999999996
160 0.091520000000000004
161 0.099839999999999998
162 0.05824
163 0.13311999999999999
164 0.05824
165 0.083199999999999996
166 0.066559999999999994
167 0.083199999999999996
168 0.099839999999999998
169 0.099839999999999998
170 0.066559999999999994
171 0.12479999999999999
172 0.066559999999999994
173 0.074880000000000002
174 0.074880000000000002
175 0.074880000000000002
176 0.099839999999999998
177 0.099839999999999998
178 0.074880000000000002
179 0.11648
180 0.066559999999999994
181 0.074880000000000002
182 0.074880000000000002
183 0.083199999999999996
184 0.091520000000000004
185 0.099839999999999998
186 0.016639999999999999
187 0.15808
188 0.099839999999999998
189 0.091520000000000004
190 0.083199999999999996
191 0.091520000000000004
192 0.05824
193 0.12479999999999999
194 0.099839999999999998
195 0.091520000000000004
196 0.083199999999999996
197 0.083199999999999996
198 0.091520000000000004
199 0.099839999999999998
200 0.049919999999999999
201 0.13311999999999999
202 0.066559999999999994
203 0.074880000000000002
204 0.066559999999999994
205 0.083199999999999996
206 0.099839999999999998
207 0.099839999999999998
208 0.066559999999999994
209 0.12479999999999999
210 0.066559999999999994
211 0.074880000000000002
212 0.074880000000000002
213 0.074880000000000002
214 0.099839999999999998
215 0.099839999999999998
216 0.0083199999999999993
217 0.16639999999999999
218 0.099839999999999998
219 0.091520000000000004
220 0.074880000000000002
221 0.099839999999999998
222 0.049919999999999999
223 0.13311999999999999
224 0.099839999999999998
225 0.091520000000000004
226 0.083199999999999996
227 0.083199999999999996
228 0.091520000000000004
229 0.099839999999999998
230 0.041599999999999998
231 0.13311999999999999
232 0.074880000000000002
233 0.066559999999999994
234 0.066559999999999994
235 0.091520000000000004
236 0.099839999999999998
237 0.099839999999999998
238 0.05824
239 0.13311999999999999
240 0.066559999999999994
241 0.074880000000000002
242 0.066559999999999994
243 0.083199999999999996
244 0.099839999999999998
245 0.099839999999999998
246 0.0
247 0.17471999999999999
248 0.099839999999999998
249 0.083199999999999996
250 0.083199999999999996
251 0.099839999999999998
252 0.041599999999999998
253 0.14144000000000001
254 0.099839999999999998
255 0.091520000000000004
256 0.066559999999999994
257 0.091520000000000004
258 0.099839999999999998
259 0.02496
260 0.15808
261 0.099839999999999998
262 0.074880000000000002
263 0.083199999999999996
264 0.091520000000000004
265 0.091520000000000004
266 0.016639999999999999
267 0.17471999999999999
268 0.091520000000000004
269 0.083199999999999996
270 0.066559999999999994
271 0.091520000000000004
272 0.091520000000000004
273 0.016639999999999999
274 0.17471999999999999
275 0.074880000000000002
276 0.083199999999999996
277 0.083199999999999996
278 0.091520000000000004
279 0.016639999999999999
280 0.11648
281 0.066559999999999994
282 0.05824
283 0.05824
284 0.074880000000000002
285 0.091520000000000004
286 0.099839999999999998
287 0.041599999999999998
288 0.14144000000000001
289 0.091520000000000004
290 0.083199999999999996
291 0.083199999999999996
292 0.091520000000000004
293 0.091520000000000004
294 0.033279999999999997
295 0.14144000000000001
296 0.099839999999999998
297 0.083199999999999996
298 0.083199999999999996
299 0.091520000000000004
300 0.091520000000000004
301 0.099839999999999998
302 0.033279999999999997
303 0.15808
304 0.099839999999999998
305 0.099839999999999998
306 0.099839999999999998
307 0.091520000000000004
308 0.041599999999999998
309 0.14976
310 0.099839999999999998
311 0.099839999999999998
312 0.099839999999999998
313 0.099839999999999998
314 0.099839999999999998
315 0.074880000000000002
316 0.11648
317 0.05824
318 0.074880000000000002
319 0.074880000000000002
320 0.083199999999999996
321 0.091520000000000004
322 0.099839999999999998
323 0.091520000000000004
324 0.0
325 0.19968
326 0.083199999999999996
327 0.074880000000000002
328 0.091520000000000004
329 0.099839999999999998
330 0.099839999999999998
331 0.041599999999999998
332 0.14976
333 0.091520000000000004
334 0.083199999999999996
335 0.083199999999999996
336 0.091520000000000004
337 0.099839999999999998
338 0.091520000000000004
339 0.0
340 0.19968
341 0.099839999999999998
342 0.099839999999999998
343 0.091520000000000004
344 0.099839999999999998
345 0.099839999999999998
346 0.0
347 0.19136
348 0.099839999999999998
349 0.099839999999999998
350 0.099839999999999998
351 0.099839999999999998
352 0.099839999999999998
353 0.0
354 0.19136
355 0.099839999999999998
356 0.099839999999999998
357 0.099839999999999998
358 0.091520000000000004
359 0.0083199999999999993
360 0.18304000000000001
361 0.099839999999999998
362 0.099839999999999998
363 0.099839999999999998
364 0.099839999999999998
365 0.099839999999999998
366 0.041599999999999998
367 0.14976
368 0.099839999999999998
369 0.099839999999999998
370 0.099839999999999998
371 0.099839999999999998
372 0.099839999999999998
373 0.041599999999999998
374 0.14976
375 0.099839999999999998
376 0.099839999999999998
377 0.099839999999999998
378 0.099839999999999998
379 0.099839999999999998
380 0.041599999999999998
381 0.14976
382 0.099839999999999998
383 0.099839999999999998
384 0.099839999999999998
385 0.099839999999999998
386 0.099839999999999998
387 0.041599999999999998
388 0.14976
389 0.099839999999999998
390 0.099839999999999998
391 0.099839999999999998
392 0.099839999999999998
393 0.099839999999999998
394 0.041599999999999998
395 0.14976
396 0.099839999999999998
397 0.099839999999999998
398 0.099839999999999998
399 0.099839999999999998
400 0.099839999999999998
401 0.041599999999999998
402 0.14976
403 0.099839999999999998
404 0.099839999999999998
405 0.099839999999999998
406 0.10816000000000001
407 0.099839999999999998
408 0.033279999999999997
409 0.14976
410 0.099839999999999998
411 0.099839999999999998
412 0.10816000000000001
413 0.099839999999999998
414 0.099839999999999998
415 0.033279999999999997
416 0.14976
417 0.10816000000000001
418 0.099839999999999998
419 0.099839999999999998
420 0.099839999999999998
421 0.099839999999999998
422 0.033279999999999997
423 0.15808
424 0.099839999999999998
425 0.099839999999999998
426 0.099839999999999998
427 0.099839999999999998
428 0.099839999999999998
429 0.033279999999999997
430 0.15808
431 0.099839999999999998
432 0.099839999999999998
433 0.099839999999999998
434 0.099839999999999998
435 0.099839999999999998
436 0.033279999999999997
437 0.15808
438 0.099839999999999998
439 0.099839999999999998
440 0.099839999999999998
441 0.099839999999999998
442 0.099839999999999998
443 0.033279999999999997
444 0.15808
445 0.091520000000000004
446 0.083199999999999996
447 0.083199999999999996
448 0.091520000000000004
449 0.099839999999999998
450 0.083199999999999996
451 0.11648
452 0.091520000000000004
453 0.099839999999999998
454 0.074880000000000002
455 0.091520000000000004
456 0.099839999999999998
457 0.099839999999999998
458 0.016639999999999999
459 0.17471999999999999
460 0.099839999999999998
461 0.099839999999999998
462 0.099839999999999998
463 0.091520000000000004
464 0.02496
465 0.16639999999999999
466 0.099839999999999998
467 0.099839999999999998
468 0.099839999999999998
469 0.099839999999999998
470 0.099839999999999998
471 0.05824
472 0.13311999999999999
473 0.099839999999999998
474 0.099839999999999998
475 0.099839999999999998
476 0.099839999999999998
477 0.099839999999999998
478 0.05824
479 0.13311999999999999
480 0.066559999999999994
481 0.074880000000000002
482 0.066559999999999994
483 0.083199999999999996
484 0.099839999999999998
485 0.099839999999999998
486 0.066559999999999994
487 0.12479999999999999
488 0.066559999999999994
489 0.074880000000000002
490 0.074880000000000002
491 0.074880000000000002
492 0.099839999999999998
493 0.099839999999999998
494 0.074880000000000002
495 0.11648
496 0.066559999999999994
497 0.074880000000000002
498 0.074880000000000002
499 0.083199999999999996
500 0.091520000000000004
501 0.099839999999999998
502 0.083199999999999996
503 0.11648
504 0.05824
505 0.074880000000000002
506 0.074880000000000002
507 0.083199999999999996
508 0.091520000000000004
509 0.099839999999999998
510 0.091520000000000004
511 0.0
512 0.16639999999999999
513 0.074880000000000002
514 0.074880000000000002
515 0.083199999999999996
516 0.091520000000000004
517 0.099839999999999998
518 0.099839999999999998
519 0.0
520 0.16639999999999999
521 0.066559999999999994
522 0.074880000000000002
523 0.083199999999999996
524 0.091520000000000004
525 0.099839999999999998
526 0.099839999999999998
527 0.0083199999999999993
528 0.16639999999999999
529 0.05824
530 0.074880000000000002
531 0.083199999999999996
532 0.091520000000000004
533 0.099839999999999998
534 0.099839999999999998
535 0.016639999999999999
536 0.15808
537 0.05824
538 0.083199999999999996
539 0.083199999999999996
540 0.091520000000000004
541 0.099839999999999998
542 0.099839999999999998
543 0.016639999999999999
544 0.15808
545 0.05824
546 0.074880000000000002
547 0.083199999999999996
548 0.091520000000000004
549 0.099839999999999998
550 0.099839999999999998
551 0.02496
552 0.14976
553 0.066559999999999994
554 0.066559999999999994
555 0.083199999999999996
556 0.091520000000000004
557 0.099839999999999998
558 0.099839999999999998
559 0.033279999999999997
560 0.14144000000000001
561 0.074880000000000002
562 0.05824
563 0.083199999999999996
564 0.091520000000000004
565 0.099839999999999998
566 0.099839999999999998
567 0.041599999999999998
568 0.13311999999999999
569 0.083199999999999996
570 0.05824
571 0.074880000000000002
572 0.091520000000000004
573 0.099839999999999998
574 0.099839999999999998
575 0.049919999999999999
576 0.13311999999999999
577 0.074880000000000002
578 0.066559999999999994
579 0.066559999999999994
580 0.091520000000000004
581 0.099839999999999998
582 0.099839999999999998
583 0.05824
584 0.13311999999999999
585 0.066559999999999994
586 0.074880000000000002
587 0.066559999999999994
588 0.083199999999999996
589 0.099839999999999998
590 0.099839999999999998
591 0.066559999999999994
592 0.12479999999999999
593 0.066559999999999994
594 0.074880000000000002
595 0.074880000000000002
596 0.074880000000000002
597 0.099839999999999998
598 0.099839999999999998
599 0.074880000000000002
600 0.11648
601 0.066559999999999994
602 0.074880000000000002
603 0.074880000000000002
604 0.083199999999999996
605 0.091520000000000004
606 0.099839999999999998
607 0.083199999999999996
608 0.11648
609 0.05824
610 0.074880000000000002
611 0.074880000000000002
612 0.083199999999999996
613 0.091520000000000004
614 0.10816000000000001
615 0.083199999999999996
616 0.11648
617 0.05824
618 0.074880000000000002
619 0.074880000000000002
620 0.083199999999999996
621 0.091520000000000004
622 0.099839999999999998
623 0.091520000000000004
624 0.0
625 0.16639999999999999
626 0.074880000000000002
627 0.074880000000000002
628 0.083199999999999996
629 0.091520000000000004
630 0.099839999999999998
631 0.099839999999999998
632 0.0
633 0.16639999999999999
634 0.066559999999999994
635 0.074880000000000002
636 0.083199999999999996
637 0.091520000000000004
638 0.099839999999999998
639 0.099839999999999998
640 0.0083199999999999993
641 0.16639999999999999
642 0.05824
643 0.074880000000000002
644 0.083199999999999996
645 0.091520000000000004
646 0.099839999999999998
647 0.099839999999999998
648 0.016639999999999999
649 0.15808
650 0.05824
651 0.074880000000000002
652 0.083199999999999996
653 0.091520000000000004
654 0.099839999999999998
655 0.099839999999999998
656 0.02496
657 0.14976
658 0.066559999999999994
659 0.066559999999999994
660 0.083199999999999996
661 0.091520000000000004
662 0.099839999999999998
663 0.099839999999999998
664 0.033279999999999997
665 0.14144000000000001
666 0.074880000000000002
667 0.05824
668 0.083199999999999996
669 0.091520000000000004
670 0.099839999999999998
671 0.099839999999999998
672 0.041599999999999998
673 0.13311999999999999
674 0.083199999999999996
675 0.05824
676 0.074880000000000002
677 0.091520000000000004
678 0.099839999999999998
679 0.099839999999999998
680 0.049919999999999999
681 0.13311999999999999
682 0.074880000000000002
683 0.066559999999999994
684 0.066559999999999994
685 0.091520000000000004
686 0.099839999999999998
687 0.099839999999999998
688 0.05824
689 0.13311999999999999
690 0.066559999999999994
691 0.074880000000000002
692 0.066559999999999994
693 0.091520000000000004
694 0.099839999999999998
695 0.099839999999999998
696 0.05824
697 0.13311999999999999
698 0.066559999999999994
699 0.074880000000000002
700 0.066559999999999994
701 0.083199999999999996
702 0.099839999999999998
703 0.099839999999999998
704 0.066559999999999994
705 0.12479999999999999
706 0.066559999999999994
707 0.074880000000000002
708 0.074880000000000002
709 0.074880000000000002
710 0.099839999999999998
711 0.099839999999999998
712 0.074880000000000002
713 0.11648
714 0.066559999999999994
715 0.074880000000000002
716 0.074880000000000002
717 0.083199999999999996
718 0.091520000000000004
719 0.099839999999999998
720 0.083199999999999996
721 0.11648
722 0.05824
723 0.074880000000000002
724 0.074880000000000002
725 0.083199999999999996
726 0.091520000000000004
727 0.099839999999999998
728 0.091520000000000004
729 0.0
730 0.16639999999999999
731 0.074880000000000002
732 0.074880000000000002
733 0.083199999999999996
734 0.091520000000000004
735 0.099839999999999998
736 0.099839999999999998
737 0.0
738 0.16639999999999999
739 0.066559999999999994
740 0.074880000000000002
741 0.083199999999999996
742 0.091520000000000004
743 0.099839999999999998
744 0.099839999999999998
745 0.0083199999999999993
746 0.16639999999999999
747 0.05824
748 0.074880000000000002
749 0.083199999999999996
750 0.091520000000000004
751 0.099839999999999998
752 0.099839999999999998
753 0.016639999999999999
754 0.15808
755 0.05824
756 0.074880000000000002
757 0.083199999999999996
758 0.091520000000000004
759 0.099839999999999998
760 0.099839999999999998
761 0.02496
762 0.14976
763 0.066559999999999994
764 0.066559999999999994
765 0.083199999999999996
766 0.091520000000000004
767 0.10816000000000001
768 0.099839999999999998
769 0.02496
770 0.14976
771 0.066559999999999994
772 0.066559999999999994
773 0.083199999999999996
774 0.091520000000000004
775 0.099839999999999998
776 0.099839999999999998
777 0.033279999999999997
778 0.14144000000000001
779 0.074880000000000002
780 0.05824
781 0.083199999999999996
782 0.091520000000000004
783 0.099839999999999998
784 0.099839999999999998
785 0.041599999999999998
786 0.13311999999999999
787 0.083199999999999996
788 0.05824
789 0.074880000000000002
790 0.091520000000000004
791 0.099839999999999998
792 0.099839999999999998
793 0.049919999999999999
794 0.13311999999999999
795 0.074880000000000002
796 0.066559999999999994
797 0.066559999999999994
798 0.091520000000000004
799 0.099839999999999998
800 0.099839999999999998
801 0.05824
802 0.13311999999999999
803 0.066559999999999994
804 0.074880000000000002
805 0.066559999999999994
806 0.083199999999999996
807 0.099839999999999998
808 0.099839999999999998
809 0.066559999999999994
810 0.12479999999999999
811 0.066559999999999994
812 0.074880000000000002
813 0.074880000000000002
814 0.074880000000000002
815 0.099839999999999998
816 0.099839999999999998
817 0.074880000000000002
818 0.11648
819 0.066559999999999994
820 0.074880000000000002
821 0.074880000000000002
822 0.083199999999999996
823 0.091520000000000004
824 0.099839999999999998
825 0.083199999999999996
826 0.11648
827 0.05824
828 0.074880000000000002
829 0.074880000000000002
830 0.083199999999999996
831 0.091520000000000004
832 0.099839999999999998
833 0.091520000000000004
834 0.0
835 0.16639999999999999
836 0.074880000000000002
837 0.074880000000000002
838 0.083199999999999996
839 0.091520000000000004
840 0.099839999999999998
841 0.099839999999999998
842 0.0
843 0.16639999999999999
844 0.066559999999999994
845 0.083199999999999996
846 0.083199999999999996
847 0.091520000000000004
848 0.099839999999999998
849 0.099839999999999998
850 0.0
851 0.16639999999999999
852 0.066559999999999994
853 0.074880000000000002
854 0.083199999999999996
855 0.091520000000000004
856 0.099839999999999998
857 0.099839999999999998
858 0.0083199999999999993
859 0.16639999999999999
860 0.05824
861 0.074880000000000002
862 0.083199999999999996
863 0.091520000000000004
864 0.099839999999999998
865 0.099839999999999998
866 0.016639999999999999
867 0.15808
868 0.05824
869 0.074880000000000002
870 0.083199999999999996
871 0.091520000000000004
872 0.099839999999999998
873 0.099839999999999998
874 0.02496
875 0.14976
876 0.066559999999999994
877 0.066559999999999994
878 0.083199999999999996
879 0.091520000000000004
880 0.099839999999999998
881 0.099839999999999998
882 0.033279999999999997
883 0.14144000000000001
884 0.074880000000000002
885 0.05824
886 0.083199999999999996
887 0.091520000000000004
888 0.099839999999999998
889 0.099839999999999998
890 0.041599999999999998
891 0.13311999999999999
892 0.083199999999999996
893 0.05824
894 0.074880000000000002
895 0.091520000000000004
896 0.099839999999999998
897 0.099839999999999998
898 0.049919999999999999
899 0.13311999999999999
900 0.074880000000000002
901 0.066559999999999994
902 0.066559999999999994
903 0.091520000000000004
904 0.099839999999999998
905 0.099839999999999998
906 0.05824
907 0.13311999999999999
908 0.066559999999999994
909 0.074880000000000002
910 0.066559999999999994
911 0.083199999999999996
912 0.099839999999999998
913 0.099839999999999998
914 0.066559999999999994
915 0.12479999999999999
916 0.066559999999999994
917 0.074880000000000002
918 0.074880000000000002
919 0.074880000000000002
920 0.099839999999999998
921 0.10816000000000001
922 0.066559999999999994
923 0.12479999999999999
924 0.066559999999999994
925 0.074880000000000002
926 0.074880000000000002
927 0.074880000000000002
928 0.099839999999999998
929 0.099839999999999998
930 0.074880000000000002
931 0.11648
932 0.066559999999999994
933 0.074880000000000002
934 0.074880000000000002
935 0.083199999999999996
936 0.091520000000000004
937 0.099839999999999998
938 0.083199999999999996
939 0.11648
940 0.05824
941 0.074880000000000002
942 0.074880000000000002
943 0.083199999999999996
944 0.091520000000000004
945 0.099839999999999998
946 0.091520000000000004
947 0.0
948 0.16639999999999999
949 0.074880000000000002
950 0.074880000000000002
951 0.083199999999999996
952 0.091520000000000004
953 0.099839999999999998
954 0.099839999999999998
955 0.0
956 0.16639999999999999
957 0.066559999999999994
958 0.074880000000000002
959 0.083199999999999996
960 0.091520000000000004
961 0.099839999999999998
962 0.099839999999999998
963 0.0083199999999999993
964 0.16639999999999999
965 0.05824
966 0.074880000000000002
967 0.083199999999999996
968 0.091520000000000004
969 0.099839999999999998
970 0.099839999999999998
971 0.016639999999999999
972 0.15808
973 0.05824
974 0.074880000000000002
975 0.083199999999999996
976 0.091520000000000004
977 0.099839999999999998
978 0.099839999999999998
979 0.02496
980 0.14976
981 0.066559999999999994
982 0.066559999999999994
983 0.083199999999999996
984 0.091520000000000004
985 0.099839999999999998
986 0.099839999999999998
987 0.033279999999999997
988 0.14144000000000001
989 0.074880000000000002
990 0.05824
991 0.083199999999999996
992 0.091520000000000004
993 0.099839999999999998
994 0.099839999999999998
995 0.041599999999999998
996 0.13311999999999999
997 0.083199999999999996
998 0.05824
999 0.083199999999999996
