0 0.0
1 0.02528
2 0.02496
3 0.05824
4 0.033279999999999997
5 0.05824
6 0.0
7 0.099839999999999998
8 0.041599999999999998
9 0.05824
10 0.033279999999999997
11 0.066559999999999994
12 0.041599999999999998
13 0.066559999999999994
14 0.049919999999999999
15 0.0083199999999999993
16 0.083199999999999996
17 0.05824
18 0.041599999999999998
19 0.041599999999999998
20 0.0083199999999999993
21 0.099839999999999998
22 0.041599999999999998
23 0.05824
24 0.033279999999999997
25 0.066559999999999994
26 0.041599999999999998
27 0.066559999999999994
28 0.049919999999999999
29 0.0083199999999999993
30 0.083199999999999996
31 0.05824
32 0.041599999999999998
33 0.041599999999999998
34 0.0083199999999999993
35 0.10816000000000001
36 0.041599999999999998
37 0.05824
38 0.02496
39 0.066559999999999994
40 0.049919999999999999
41 0.066559999999999994
42 0.041599999999999998
43 0.0083199999999999993
44 0.083199999999999996
45 0.05824
46 0.041599999999999998
47 0.049919999999999999
48 0.0
49 0.10816000000000001
50 0.041599999999999998
51 0.05824
52 0.02496
53 0.066559999999999994
54 0.049919999999999999
55 0.066559999999999994
56 0.041599999999999998
57 0.0083199999999999993
58 0.083199999999999996
59 0.05824
60 0.041599999999999998
61 0.049919999999999999
62 0.0
63 0.10816000000000001
64 0.041599999999999998
65 0.05824
66 0.02496
67 0.066559999999999994
68 0.049919999999999999
69 0.066559999999999994
70 0.041599999999999998
71 0.0083199999999999993
72 0.083199999999999996
73 0.05824
74 0.041599999999999998
75 0.049919999999999999
76 0.0
77 0.10816000000000001
78 0.041599999999999998
79 0.05824
80 0.02496
81 0.066559999999999994
82 0.049919999999999999
83 0.066559999999999994
84 0.041599999999999998
85 0.0083199999999999993
86 0.083199999999999996
87 0.05824
88 0.041599999999999998
89 0.049919999999999999
90 0.066559999999999994
91 0.041599999999999998
92 0.049919999999999999
93 0.05824
94 0.016639999999999999
95 0.066559999999999994
96 0.05824
97 0.05824
98 0.041599999999999998
99 0.0083199999999999993
100 0.083199999999999996
101 0.05824
102 0.041599999999999998
103 0.049919999999999999
104 0.066559999999999994
105 0.041599999999999998
106 0.049919999999999999
107 0.05824
108 0.016639999999999999
109 0.066559999999999994
110 0.05824
111 0.05824
112 0.041599999999999998
113 0.0083199999999999993
114 0.083199999999999996
115 0.05824
116 0.041599999999999998
117 0.049919999999999999
118 0.066559999999999994
119 0.041599999999999998
120 0.049919999999999999
121 0.05824
122 0.016639999999999999
123 0.066559999999999994
124 0.05824
125 0.05824
126 0.041599999999999998
127 0.0083199999999999993
128 0.083199999999999996
129 0.05824
130 0.041599999999999998
131 0.049919999999999999
132 0.066559999999999994
133 0.041599999999999998
134 0.049919999999999999
135 0.05824
136 0.016639999999999999
137 0.066559999999999994
138 0.066559999999999994
139 0.049919999999999999
140 0.041599999999999998
141 0.0083199999999999993
142 0.091520000000000004
143 0.049919999999999999
144 0.049919999999999999
145 0.041599999999999998
146 0.066559999999999994
147 0.041599999999999998
148 0.05824
149 0.05824
150 0.0083199999999999993
151 0.074880000000000002
152 0.05824
153 0.049919999999999999
154 0.041599999999999998
155 0.0083199999999999993
156 0.091520000000000004
157 0.049919999999999999
158 0.049919999999999999
159 0.041599999999999998
160 0.066559999999999994
161 0.041599999999999998
162 0.05824
163 0.05824
164 0.0083199999999999993
165 0.074880000000000002
166 0.05824
167 0.049919999999999999
168 0.041599999999999998
169 0.0083199999999999993
170 0.091520000000000004
171 0.049919999999999999
172 0.049919999999999999
173 0.041599999999999998
174 0.066559999999999994
175 0.041599999999999998
176 0.05824
177 0.05824
178 0.0083199999999999993
179 0.074880000000000002
180 0.05824
181 0.049919999999999999
182 0.041599999999999998
183 0.0083199999999999993
184 0.091520000000000004
185 0.049919999999999999
186 0.049919999999999999
187 0.041599999999999998
188 0.066559999999999994
189 0.041599999999999998
190 0.066559999999999994
191 0.049919999999999999
192 0.0083199999999999993
193 0.083199999999999996
194 0.05824
195 0.041599999999999998
196 0.041599999999999998
197 0.0083199999999999993
198 0.099839999999999998
199 0.041599999999999998
200 0.05824
201 0.033279999999999997
202 0.066559999999999994
203 0.041599999999999998
204 0.066559999999999994
205 0.049919999999999999
206 0.0083199999999999993
207 0.083199999999999996
208 0.05824
209 0.041599999999999998
210 0.041599999999999998
211 0.0083199999999999993
212 0.099839999999999998
213 0.041599999999999998
214 0.05824
215 0.033279999999999997
216 0.066559999999999994
217 0.041599999999999998
218 0.066559999999999994
219 0.049919999999999999
220 0.0083199999999999993
221 0.083199999999999996
222 0.05824
223 0.041599999999999998
224 0.041599999999999998
225 0.0083199999999999993
226 0.099839999999999998
227 0.041599999999999998
228 0.05824
229 0.033279999999999997
230 0.066559999999999994
231 0.041599999999999998
232 0.066559999999999994
233 0.049919999999999999
234 0.0083199999999999993
235 0.083199999999999996
236 0.05824
237 0.041599999999999998
238 0.041599999999999998
239 0.0083199999999999993
240 0.099839999999999998
241 0.041599999999999998
242 0.066559999999999994
243 0.02496
244 0.066559999999999994
245 0.049919999999999999
246 0.066559999999999994
247 0.041599999999999998
248 0.0083199999999999993
249 0.083199999999999996
250 0.05824
251 0.041599999999999998
252 0.049919999999999999
253 0.0
254 0.10816000000000001
255 0.041599999999999998
256 0.05824
257 0.02496
258 0.066559999999999994
259 0.049919999999999999
260 0.066559999999999994
261 0.041599999999999998
262 0.0083199999999999993
263 0.083199999999999996
264 0.05824
265 0.041599999999999998
266 0.049919999999999999
267 0.0
268 0.10816000000000001
269 0.041599999999999998
270 0.05824
271 0.02496
272 0.066559999999999994
273 0.049919999999999999
274 0.066559999999999994
275 0.041599999999999998
276 0.0083199999999999993
277 0.083199999999999996
278 0.05824
279 0.041599999999999998
280 0.049919999999999999
281 0.0
282 0.10816000000000001
283 0.041599999999999998
284 0.05824
285 0.02496
286 0.066559999999999994
287 0.049919999999999999
288 0.066559999999999994
289 0.041599999999999998
290 0.0083199999999999993
291 0.083199999999999996
292 0.05824
293 0.041599999999999998
294 0.049919999999999999
295 0.066559999999999994
296 0.041599999999999998
297 0.049919999999999999
298 0.05824
299 0.016639999999999999
300 0.066559999999999994
301 0.05824
302 0.05824
303 0.041599999999999998
304 0.0083199999999999993
305 0.083199999999999996
306 0.05824
307 0.041599999999999998
308 0.049919999999999999
309 0.066559999999999994
310 0.041599999999999998
311 0.049919999999999999
312 0.05824
313 0.016639999999999999
314 0.066559999999999994
315 0.05824
316 0.05824
317 0.041599999999999998
318 0.0083199999999999993
319 0.083199999999999996
320 0.05824
321 0.041599999999999998
322 0.049919999999999999
323 0.066559999999999994
324 0.041599999999999998
325 0.049919999999999999
326 0.05824
327 0.016639999999999999
328 0.066559999999999994
329 0.05824
330 0.05824
331 0.041599999999999998
332 0.0083199999999999993
333 0.083199999999999996
334 0.05824
335 0.041599999999999998
336 0.049919999999999999
337 0.066559999999999994
338 0.041599999999999998
339 0.049919999999999999
340 0.05824
341 0.016639999999999999
342 0.066559999999999994
343 0.05824
344 0.05824
345 0.041599999999999998
346 0.0083199999999999993
347 0.091520000000000004
348 0.049919999999999999
349 0.049919999999999999
350 0.041599999999999998
351 0.066559999999999994
352 0.041599999999999998
353 0.05824
354 0.05824
355 0.0083199999999999993
356 0.074880000000000002
357 0.05824
358 0.049919999999999999
359 0.041599999999999998
360 0.0083199999999999993
361 0.091520000000000004
362 0.049919999999999999
363 0.049919999999999999
364 0.041599999999999998
365 0.066559999999999994
366 0.041599999999999998
367 0.05824
368 0.05824
369 0.0083199999999999993
370 0.074880000000000002
371 0.05824
372 0.049919999999999999
373 0.041599999999999998
374 0.0083199999999999993
375 0.091520000000000004
376 0.049919999999999999
377 0.049919999999999999
378 0.041599999999999998
379 0.066559999999999994
380 0.041599999999999998
381 0.05824
382 0.05824
383 0.0083199999999999993
384 0.074880000000000002
385 0.05824
386 0.049919999999999999
387 0.041599999999999998
388 0.0083199999999999993
389 0.091520000000000004
390 0.049919999999999999
391 0.049919999999999999
392 0.041599999999999998
393 0.066559999999999994
394 0.041599999999999998
395 0.05824
396 0.05824
397 0.0083199999999999993
398 0.083199999999999996
399 0.05824
400 0.041599999999999998
401 0.041599999999999998
402 0.0083199999999999993
403 0.099839999999999998
404 0.041599999999999998
405 0.05824
406 0.033279999999999997
407 0.066559999999999994
408 0.041599999999999998
409 0.066559999999999994
410 0.049919999999999999
411 0.0083199999999999993
412 0.083199999999999996
413 0.05824
414 0.041599999999999998
415 0.041599999999999998
416 0.0083199999999999993
417 0.099839999999999998
418 0.041599999999999998
419 0.05824
420 0.033279999999999997
421 0.066559999999999994
422 0.041599999999999998
423 0.066559999999999994
424 0.049919999999999999
425 0.0083199999999999993
426 0.083199999999999996
427 0.05824
428 0.041599999999999998
429 0.041599999999999998
430 0.0083199999999999993
431 0.099839999999999998
432 0.041599999999999998
433 0.05824
434 0.033279999999999997
435 0.066559999999999994
436 0.041599999999999998
437 0.066559999999999994
438 0.049919999999999999
439 0.0083199999999999993
440 0.083199999999999996
441 0.05824
442 0.041599999999999998
443 0.041599999999999998
444 0.0083199999999999993
445 0.099839999999999998
446 0.041599999999999998
447 0.05824
448 0.033279999999999997
449 0.066559999999999994
450 0.049919999999999999
451 0.066559999999999994
452 0.041599999999999998
453 0.0083199999999999993
454 0.083199999999999996
455 0.05824
456 0.041599999999999998
457 0.049919999999999999
458 0.0
459 0.10816000000000001
460 0.041599999999999998
461 0.05824
462 0.02496
463 0.066559999999999994
464 0.049919999999999999
465 0.066559999999999994
466 0.041599999999999998
467 0.0083199999999999993
468 0.083199999999999996
469 0.05824
470 0.041599999999999998
471 0.049919999999999999
472 0.0
473 0.10816000000000001
474 0.041599999999999998
475 0.05824
476 0.02496
477 0.066559999999999994
478 0.049919999999999999
479 0.066559999999999994
480 0.041599999999999998
481 0.0083199999999999993
482 0.083199999999999996
483 0.05824
484 0.041599999999999998
485 0.049919999999999999
486 0.0
487 0.10816000000000001
488 0.041599999999999998
489 0.05824
490 0.02496
491 0.066559999999999994
492 0.049919999999999999
493 0.066559999999999994
494 0.041599999999999998
495 0.0083199999999999993
496 0.083199999999999996
497 0.05824
498 0.041599999999999998
499 0.049919999999999999
500 0.0
501 0.10816000000000001
502 0.049919999999999999
503 0.05824
504 0.016639999999999999
505 0.066559999999999994
506 0.05824
507 0.05824
508 0.041599999999999998
509 0.0083199999999999993
510 0.083199999999999996
511 0.05824
512 0.041599999999999998
513 0.049919999999999999
514 0.066559999999999994
515 0.041599999999999998
516 0.049919999999999999
517 0.05824
518 0.016639999999999999
519 0.066559999999999994
520 0.05824
521 0.05824
522 0.041599999999999998
523 0.0083199999999999993
524 0.083199999999999996
525 0.05824
526 0.041599999999999998
527 0.049919999999999999
528 0.066559999999999994
529 0.041599999999999998
530 0.049919999999999999
531 0.05824
532 0.016639999999999999
533 0.066559999999999994
534 0.05824
535 0.05824
536 0.041599999999999998
537 0.0083199999999999993
538 0.083199999999999996
539 0.05824
540 0.041599999999999998
541 0.049919999999999999
542 0.066559999999999994
543 0.041599999999999998
544 0.049919999999999999
545 0.05824
546 0.016639999999999999
547 0.066559999999999994
548 0.05824
549 0.05824
550 0.041599999999999998
551 0.0083199999999999993
552 0.083199999999999996
553 0.05824
554 0.049919999999999999
555 0.041599999999999998
556 0.066559999999999994
557 0.041599999999999998
558 0.05824
559 0.05824
560 0.0083199999999999993
561 0.074880000000000002
562 0.05824
563 0.049919999999999999
564 0.041599999999999998
565 0.0083199999999999993
566 0.091520000000000004
567 0.049919999999999999
568 0.049919999999999999
569 0.041599999999999998
570 0.066559999999999994
571 0.041599999999999998
572 0.05824
573 0.05824
574 0.0083199999999999993
575 0.074880000000000002
576 0.05824
577 0.049919999999999999
578 0.041599999999999998
579 0.0083199999999999993
580 0.091520000000000004
581 0.049919999999999999
582 0.049919999999999999
583 0.041599999999999998
584 0.066559999999999994
585 0.041599999999999998
586 0.05824
587 0.05824
588 0.0083199999999999993
589 0.074880000000000002
590 0.05824
591 0.049919999999999999
592 0.041599999999999998
593 0.0083199999999999993
594 0.091520000000000004
595 0.049919999999999999
596 0.049919999999999999
597 0.041599999999999998
598 0.066559999999999994
599 0.041599999999999998
600 0.05824
601 0.05824
602 0.0083199999999999993
603 0.074880000000000002
604 0.05824
605 0.049919999999999999
606 0.041599999999999998
607 0.0083199999999999993
608 0.099839999999999998
609 0.041599999999999998
610 0.05824
611 0.033279999999999997
612 0.066559999999999994
613 0.041599999999999998
614 0.066559999999999994
615 0.049919999999999999
616 0.0083199999999999993
617 0.083199999999999996
618 0.05824
619 0.041599999999999998
620 0.041599999999999998
621 0.0083199999999999993
622 0.099839999999999998
623 0.041599999999999998
624 0.05824
625 0.033279999999999997
626 0.066559999999999994
627 0.041599999999999998
628 0.066559999999999994
629 0.049919999999999999
630 0.0083199999999999993
631 0.083199999999999996
632 0.05824
633 0.041599999999999998
634 0.041599999999999998
635 0.0083199999999999993
636 0.099839999999999998
637 0.041599999999999998
638 0.05824
639 0.033279999999999997
640 0.066559999999999994
641 0.041599999999999998
642 0.066559999999999994
643 0.049919999999999999
644 0.0083199999999999993
645 0.083199999999999996
646 0.05824
647 0.041599999999999998
648 0.041599999999999998
649 0.0083199999999999993
650 0.099839999999999998
651 0.041599999999999998
652 0.05824
653 0.033279999999999997
654 0.066559999999999994
655 0.041599999999999998
656 0.066559999999999994
657 0.049919999999999999
658 0.0083199999999999993
659 0.083199999999999996
660 0.05824
661 0.041599999999999998
662 0.049919999999999999
663 0.0
664 0.10816000000000001
665 0.041599999999999998
666 0.05824
667 0.02496
668 0.066559999999999994
669 0.049919999999999999
670 0.066559999999999994
671 0.041599999999999998
672 0.0083199999999999993
673 0.083199999999999996
674 0.05824
675 0.041599999999999998
676 0.049919999999999999
677 0.0
678 0.10816000000000001
679 0.041599999999999998
680 0.05824
681 0.02496
682 0.066559999999999994
683 0.049919999999999999
684 0.066559999999999994
685 0.041599999999999998
686 0.0083199999999999993
687 0.083199999999999996
688 0.05824
689 0.041599999999999998
690 0.049919999999999999
691 0.0
692 0.10816000000000001
693 0.041599999999999998
694 0.05824
695 0.02496
696 0.066559999999999994
697 0.049919999999999999
698 0.066559999999999994
699 0.041599999999999998
700 0.0083199999999999993
701 0.083199999999999996
702 0.05824
703 0.041599999999999998
704 0.049919999999999999
705 0.0
706 0.10816000000000001
707 0.041599999999999998
708 0.05824
709 0.02496
710 0.066559999999999994
711 0.05824
712 0.05824
713 0.041599999999999998
714 0.0083199999999999993
715 0.083199999999999996
716 0.05824
717 0.041599999999999998
718 0.049919999999999999
719 0.066559999999999994
720 0.041599999999999998
721 0.049919999999999999
722 0.05824
723 0.016639999999999999
724 0.066559999999999994
725 0.05824
726 0.05824
727 0.041599999999999998
728 0.0083199999999999993
729 0.083199999999999996
730 0.05824
731 0.041599999999999998
732 0.049919999999999999
733 0.066559999999999994
734 0.041599999999999998
735 0.049919999999999999
736 0.05824
737 0.016639999999999999
738 0.066559999999999994
739 0.05824
740 0.05824
741 0.041599999999999998
742 0.0083199999999999993
743 0.083199999999999996
744 0.05824
745 0.041599999999999998
746 0.049919999999999999
747 0.066559999999999994
748 0.041599999999999998
749 0.049919999999999999
750 0.05824
751 0.016639999999999999
752 0.066559999999999994
753 0.05824
754 0.05824
755 0.041599999999999998
756 0.0083199999999999993
757 0.083199999999999996
758 0.05824
759 0.041599999999999998
760 0.049919999999999999
761 0.066559999999999994
762 0.041599999999999998
763 0.05824
764 0.05824
765 0.0083199999999999993
766 0.074880000000000002
767 0.05824
768 0.049919999999999999
769 0.041599999999999998
770 0.0083199999999999993
771 0.091520000000000004
772 0.049919999999999999
773 0.049919999999999999
774 0.041599999999999998
775 0.066559999999999994
776 0.041599999999999998
777 0.05824
778 0.05824
779 0.0083199999999999993
780 0.074880000000000002
781 0.05824
782 0.049919999999999999
783 0.041599999999999998
784 0.0083199999999999993
785 0.091520000000000004
786 0.049919999999999999
787 0.049919999999999999
788 0.041599999999999998
789 0.066559999999999994
790 0.041599999999999998
791 0.05824
792 0.05824
793 0.0083199999999999993
794 0.074880000000000002
795 0.05824
796 0.049919999999999999
797 0.041599999999999998
798 0.0083199999999999993
799 0.091520000000000004
800 0.049919999999999999
801 0.049919999999999999
802 0.041599999999999998
803 0.066559999999999994
804 0.041599999999999998
805 0.05824
806 0.05824
807 0.0083199999999999993
808 0.074880000000000002
809 0.05824
810 0.049919999999999999
811 0.041599999999999998
812 0.0083199999999999993
813 0.091520000000000004
814 0.049919999999999999
815 0.05824
816 0.033279999999999997
817 0.066559999999999994
818 0.041599999999999998
819 0.066559999999999994
820 0.049919999999999999
821 0.0083199999999999993
822 0.083199999999999996
823 0.05824
824 0.041599999999999998
825 0.041599999999999998
826 0.0083199999999999993
827 0.099839999999999998
828 0.041599999999999998
829 0.05824
830 0.033279999999999997
831 0.066559999999999994
832 0.041599999999999998
833 0.066559999999999994
834 0.049919999999999999
835 0.0083199999999999993
836 0.083199999999999996
837 0.05824
838 0.041599999999999998
839 0.041599999999999998
840 0.0083199999999999993
841 0.099839999999999998
842 0.041599999999999998
843 0.05824
844 0.033279999999999997
845 0.066559999999999994
846 0.041599999999999998
847 0.066559999999999994
848 0.049919999999999999
849 0.0083199999999999993
850 0.083199999999999996
851 0.05824
852 0.041599999999999998
853 0.041599999999999998
854 0.0083199999999999993
855 0.099839999999999998
856 0.041599999999999998
857 0.05824
858 0.033279999999999997
859 0.066559999999999994
860 0.041599999999999998
861 0.066559999999999994
862 0.049919999999999999
863 0.0083199999999999993
864 0.083199999999999996
865 0.05824
866 0.041599999999999998
867 0.049919999999999999
868 0.0
869 0.10816000000000001
870 0.041599999999999998
871 0.05824
872 0.02496
873 0.066559999999999994
874 0.049919999999999999
875 0.066559999999999994
876 0.041599999999999998
877 0.0083199999999999993
878 0.083199999999999996
879 0.05824
880 0.041599999999999998
881 0.049919999999999999
882 0.0
883 0.10816000000000001
884 0.041599999999999998
885 0.05824
886 0.02496
887 0.066559999999999994
888 0.049919999999999999
889 0.066559999999999994
890 0.041599999999999998
891 0.0083199999999999993
892 0.083199999999999996
893 0.05824
894 0.041599999999999998
895 0.049919999999999999
896 0.0
897 0.10816000000000001
898 0.041599999999999998
899 0.05824
900 0.02496
901 0.066559999999999994
902 0.049919999999999999
903 0.066559999999999994
904 0.041599999999999998
905 0.0083199999999999993
906 0.083199999999999996
907 0.05824
908 0.041599999999999998
909 0.049919999999999999
910 0.0
911 0.10816000000000001
912 0.041599999999999998
913 0.05824
914 0.02496
915 0.066559999999999994
916 0.049919999999999999
917 0.066559999999999994
918 0.041599999999999998
919 0.0083199999999999993
920 0.083199999999999996
921 0.05824
922 0.041599999999999998
923 0.049919999999999999
924 0.066559999999999994
925 0.041599999999999998
926 0.049919999999999999
927 0.05824
928 0.016639999999999999
929 0.066559999999999994
930 0.05824
931 0.05824
932 0.041599999999999998
933 0.0083199999999999993
934 0.083199999999999996
935 0.05824
936 0.041599999999999998
937 0.049919999999999999
938 0.066559999999999994
939 0.041599999999999998
940 0.049919999999999999
941 0.05824
942 0.016639999999999999
943 0.066559999999999994
944 0.05824
945 0.05824
946 0.041599999999999998
947 0.0083199999999999993
948 0.083199999999999996
949 0.05824
950 0.041599999999999998
951 0.049919999999999999
952 0.066559999999999994
953 0.041599999999999998
954 0.049919999999999999
955 0.05824
956 0.016639999999999999
957 0.066559999999999994
958 0.05824
959 0.05824
960 0.041599999999999998
961 0.0083199999999999993
962 0.083199999999999996
963 0.05824
964 0.041599999999999998
965 0.049919999999999999
966 0.066559999999999994
967 0.041599999999999998
968 0.049919999999999999
969 0.05824
970 0.016639999999999999
971 0.074880000000000002
972 0.05824
973 0.049919999999999999
974 0.041599999999999998
975 0.0083199999999999993
976 0.091520000000000004
977 0.049919999999999999
978 0.049919999999999999
979 0.041599999999999998
980 0.066559999999999994
981 0.041599999999999998
982 0.05824
983 0.05824
984 0.0083199999999999993
985 0.074880000000000002
986 0.05824
987 0.049919999999999999
988 0.041599999999999998
989 0.0083199999999999993
990 0.091520000000000004
991 0.049919999999999999
992 0.049919999999999999
993 0.041599999999999998
994 0.066559999999999994
995 0.041599999999999998
996 0.05824
997 0.05824
998 0.0083199999999999993
999 0.074880000000000002
