0 0.0
1 0.033599999999999998
2 0.02496
3 0.016639999999999999
4 0.074880000000000002
5 0.016639999999999999
6 0.0083199999999999993
7 0.066559999999999994
8 0.05824
9 0.041599999999999998
10 0.041599999999999998
11 0.066559999999999994
12 0.041599999999999998
13 0.041599999999999998
14 0.05824
15 0.02496
16 0.083199999999999996
17 0.041599999999999998
18 0.05824
19 0.041599999999999998
20 0.0083199999999999993
21 0.091520000000000004
22 0.049919999999999999
23 0.041599999999999998
24 0.049919999999999999
25 0.066559999999999994
26 0.041599999999999998
27 0.041599999999999998
28 0.05824
29 0.02496
30 0.083199999999999996
31 0.041599999999999998
32 0.05824
33 0.041599999999999998
34 0.0083199999999999993
35 0.099839999999999998
36 0.041599999999999998
37 0.041599999999999998
38 0.049919999999999999
39 0.066559999999999994
40 0.041599999999999998
41 0.049919999999999999
42 0.05824
43 0.016639999999999999
44 0.083199999999999996
45 0.049919999999999999
46 0.049919999999999999
47 0.041599999999999998
48 0.0083199999999999993
49 0.099839999999999998
50 0.041599999999999998
51 0.041599999999999998
52 0.049919999999999999
53 0.066559999999999994
54 0.041599999999999998
55 0.049919999999999999
56 0.05824
57 0.016639999999999999
58 0.083199999999999996
59 0.049919999999999999
60 0.049919999999999999
61 0.041599999999999998
62 0.0083199999999999993
63 0.099839999999999998
64 0.041599999999999998
65 0.041599999999999998
66 0.049919999999999999
67 0.066559999999999994
68 0.041599999999999998
69 0.049919999999999999
70 0.05824
71 0.016639999999999999
72 0.083199999999999996
73 0.049919999999999999
74 0.049919999999999999
75 0.041599999999999998
76 0.0083199999999999993
77 0.099839999999999998
78 0.041599999999999998
79 0.041599999999999998
80 0.049919999999999999
81 0.066559999999999994
82 0.041599999999999998
83 0.049919999999999999
84 0.05824
85 0.016639999999999999
86 0.083199999999999996
87 0.05824
88 0.041599999999999998
89 0.041599999999999998
90 0.0083199999999999993
91 0.10816000000000001
92 0.033279999999999997
93 0.049919999999999999
94 0.041599999999999998
95 0.066559999999999994
96 0.041599999999999998
97 0.05824
98 0.05824
99 0.0083199999999999993
100 0.083199999999999996
101 0.05824
102 0.041599999999999998
103 0.041599999999999998
104 0.0083199999999999993
105 0.10816000000000001
106 0.033279999999999997
107 0.049919999999999999
108 0.041599999999999998
109 0.066559999999999994
110 0.041599999999999998
111 0.05824
112 0.05824
113 0.0083199999999999993
114 0.083199999999999996
115 0.05824
116 0.041599999999999998
117 0.041599999999999998
118 0.0083199999999999993
119 0.10816000000000001
120 0.033279999999999997
121 0.049919999999999999
122 0.041599999999999998
123 0.066559999999999994
124 0.041599999999999998
125 0.05824
126 0.05824
127 0.0083199999999999993
128 0.083199999999999996
129 0.05824
130 0.041599999999999998
131 0.041599999999999998
132 0.0083199999999999993
133 0.10816000000000001
134 0.033279999999999997
135 0.049919999999999999
136 0.041599999999999998
137 0.066559999999999994
138 0.041599999999999998
139 0.066559999999999994
140 0.049919999999999999
141 0.0083199999999999993
142 0.083199999999999996
143 0.05824
144 0.041599999999999998
145 0.041599999999999998
146 0.0083199999999999993
147 0.10816000000000001
148 0.033279999999999997
149 0.05824
150 0.033279999999999997
151 0.074880000000000002
152 0.041599999999999998
153 0.05824
154 0.049919999999999999
155 0.0083199999999999993
156 0.083199999999999996
157 0.05824
158 0.041599999999999998
159 0.041599999999999998
160 0.0083199999999999993
161 0.10816000000000001
162 0.033279999999999997
163 0.05824
164 0.033279999999999997
165 0.074880000000000002
166 0.041599999999999998
167 0.05824
168 0.049919999999999999
169 0.0083199999999999993
170 0.083199999999999996
171 0.05824
172 0.041599999999999998
173 0.041599999999999998
174 0.0083199999999999993
175 0.10816000000000001
176 0.033279999999999997
177 0.05824
178 0.033279999999999997
179 0.074880000000000002
180 0.041599999999999998
181 0.05824
182 0.049919999999999999
183 0.0083199999999999993
184 0.083199999999999996
185 0.05824
186 0.041599999999999998
187 0.041599999999999998
188 0.0083199999999999993
189 0.10816000000000001
190 0.033279999999999997
191 0.066559999999999994
192 0.02496
193 0.083199999999999996
194 0.041599999999999998
195 0.05824
196 0.041599999999999998
197 0.0083199999999999993
198 0.091520000000000004
199 0.049919999999999999
200 0.041599999999999998
201 0.049919999999999999
202 0.066559999999999994
203 0.041599999999999998
204 0.041599999999999998
205 0.05824
206 0.02496
207 0.083199999999999996
208 0.041599999999999998
209 0.05824
210 0.041599999999999998
211 0.0083199999999999993
212 0.091520000000000004
213 0.049919999999999999
214 0.041599999999999998
215 0.049919999999999999
216 0.066559999999999994
217 0.041599999999999998
218 0.041599999999999998
219 0.05824
220 0.02496
221 0.083199999999999996
222 0.041599999999999998
223 0.05824
224 0.041599999999999998
225 0.0083199999999999993
226 0.091520000000000004
227 0.049919999999999999
228 0.041599999999999998
229 0.049919999999999999
230 0.066559999999999994
231 0.041599999999999998
232 0.041599999999999998
233 0.05824
234 0.02496
235 0.083199999999999996
236 0.041599999999999998
237 0.05824
238 0.041599999999999998
239 0.0083199999999999993
240 0.091520000000000004
241 0.049919999999999999
242 0.041599999999999998
243 0.049919999999999999
244 0.066559999999999994
245 0.041599999999999998
246 0.049919999999999999
247 0.05824
248 0.016639999999999999
249 0.083199999999999996
250 0.049919999999999999
251 0.049919999999999999
252 0.041599999999999998
253 0.0083199999999999993
254 0.099839999999999998
255 0.041599999999999998
256 0.041599999999999998
257 0.049919999999999999
258 0.066559999999999994
259 0.041599999999999998
260 0.049919999999999999
261 0.05824
262 0.016639999999999999
263 0.083199999999999996
264 0.049919999999999999
265 0.049919999999999999
266 0.041599999999999998
267 0.0083199999999999993
268 0.099839999999999998
269 0.041599999999999998
270 0.041599999999999998
271 0.049919999999999999
272 0.066559999999999994
273 0.041599999999999998
274 0.049919999999999999
275 0.05824
276 0.016639999999999999
277 0.083199999999999996
278 0.049919999999999999
279 0.049919999999999999
280 0.041599999999999998
281 0.0083199999999999993
282 0.099839999999999998
283 0.041599999999999998
284 0.041599999999999998
285 0.049919999999999999
286 0.066559999999999994
287 0.041599999999999998
288 0.049919999999999999
289 0.05824
290 0.016639999999999999
291 0.083199999999999996
292 0.049919999999999999
293 0.049919999999999999
294 0.041599999999999998
295 0.0083199999999999993
296 0.10816000000000001
297 0.033279999999999997
298 0.049919999999999999
299 0.041599999999999998
300 0.066559999999999994
301 0.041599999999999998
302 0.05824
303 0.05824
304 0.0083199999999999993
305 0.083199999999999996
306 0.05824
307 0.041599999999999998
308 0.041599999999999998
309 0.0083199999999999993
310 0.10816000000000001
311 0.033279999999999997
312 0.049919999999999999
313 0.041599999999999998
314 0.066559999999999994
315 0.041599999999999998
316 0.05824
317 0.05824
318 0.0083199999999999993
319 0.083199999999999996
320 0.05824
321 0.041599999999999998
322 0.041599999999999998
323 0.0083199999999999993
324 0.10816000000000001
325 0.033279999999999997
326 0.049919999999999999
327 0.041599999999999998
328 0.066559999999999994
329 0.041599999999999998
330 0.05824
331 0.05824
332 0.0083199999999999993
333 0.083199999999999996
334 0.05824
335 0.041599999999999998
336 0.041599999999999998
337 0.0083199999999999993
338 0.10816000000000001
339 0.033279999999999997
340 0.049919999999999999
341 0.041599999999999998
342 0.066559999999999994
343 0.041599999999999998
344 0.05824
345 0.05824
346 0.0083199999999999993
347 0.083199999999999996
348 0.05824
349 0.041599999999999998
350 0.041599999999999998
351 0.0083199999999999993
352 0.10816000000000001
353 0.033279999999999997
354 0.05824
355 0.033279999999999997
356 0.074880000000000002
357 0.041599999999999998
358 0.05824
359 0.049919999999999999
360 0.0083199999999999993
361 0.083199999999999996
362 0.05824
363 0.041599999999999998
364 0.041599999999999998
365 0.0083199999999999993
366 0.10816000000000001
367 0.033279999999999997
368 0.05824
369 0.033279999999999997
370 0.074880000000000002
371 0.041599999999999998
372 0.05824
373 0.049919999999999999
374 0.0083199999999999993
375 0.083199999999999996
376 0.05824
377 0.041599999999999998
378 0.041599999999999998
379 0.0083199999999999993
380 0.10816000000000001
381 0.033279999999999997
382 0.05824
383 0.033279999999999997
384 0.074880000000000002
385 0.041599999999999998
386 0.05824
387 0.049919999999999999
388 0.0083199999999999993
389 0.083199999999999996
390 0.05824
391 0.041599999999999998
392 0.041599999999999998
393 0.0083199999999999993
394 0.10816000000000001
395 0.033279999999999997
396 0.05824
397 0.033279999999999997
398 0.074880000000000002
399 0.049919999999999999
400 0.05824
401 0.041599999999999998
402 0.0083199999999999993
403 0.091520000000000004
404 0.049919999999999999
405 0.041599999999999998
406 0.049919999999999999
407 0.066559999999999994
408 0.041599999999999998
409 0.041599999999999998
410 0.05824
411 0.02496
412 0.083199999999999996
413 0.041599999999999998
414 0.05824
415 0.041599999999999998
416 0.0083199999999999993
417 0.091520000000000004
418 0.049919999999999999
419 0.041599999999999998
420 0.049919999999999999
421 0.066559999999999994
422 0.041599999999999998
423 0.041599999999999998
424 0.05824
425 0.02496
426 0.083199999999999996
427 0.041599999999999998
428 0.05824
429 0.041599999999999998
430 0.0083199999999999993
431 0.091520000000000004
432 0.049919999999999999
433 0.041599999999999998
434 0.049919999999999999
435 0.066559999999999994
436 0.041599999999999998
437 0.041599999999999998
438 0.05824
439 0.02496
440 0.083199999999999996
441 0.041599999999999998
442 0.05824
443 0.041599999999999998
444 0.0083199999999999993
445 0.091520000000000004
446 0.049919999999999999
447 0.041599999999999998
448 0.049919999999999999
449 0.066559999999999994
450 0.041599999999999998
451 0.049919999999999999
452 0.05824
453 0.016639999999999999
454 0.083199999999999996
455 0.049919999999999999
456 0.049919999999999999
457 0.041599999999999998
458 0.0083199999999999993
459 0.099839999999999998
460 0.041599999999999998
461 0.041599999999999998
462 0.049919999999999999
463 0.066559999999999994
464 0.041599999999999998
465 0.049919999999999999
466 0.05824
467 0.016639999999999999
468 0.083199999999999996
469 0.049919999999999999
470 0.049919999999999999
471 0.041599999999999998
472 0.0083199999999999993
473 0.099839999999999998
474 0.041599999999999998
475 0.041599999999999998
476 0.049919999999999999
477 0.066559999999999994
478 0.041599999999999998
479 0.049919999999999999
480 0.05824
481 0.016639999999999999
482 0.083199999999999996
483 0.049919999999999999
484 0.049919999999999999
485 0.041599999999999998
486 0.0083199999999999993
487 0.099839999999999998
488 0.041599999999999998
489 0.041599999999999998
490 0.049919999999999999
491 0.066559999999999994
492 0.041599999999999998
493 0.049919999999999999
494 0.05824
495 0.016639999999999999
496 0.083199999999999996
497 0.049919999999999999
498 0.049919999999999999
499 0.041599999999999998
500 0.0083199999999999993
501 0.099839999999999998
502 0.041599999999999998
503 0.049919999999999999
504 0.041599999999999998
505 0.066559999999999994
506 0.041599999999999998
507 0.05824
508 0.05824
509 0.0083199999999999993
510 0.083199999999999996
511 0.05824
512 0.041599999999999998
513 0.041599999999999998
514 0.0083199999999999993
515 0.10816000000000001
516 0.033279999999999997
517 0.049919999999999999
518 0.041599999999999998
519 0.066559999999999994
520 0.041599999999999998
521 0.05824
522 0.05824
523 0.0083199999999999993
524 0.083199999999999996
525 0.05824
526 0.041599999999999998
527 0.041599999999999998
528 0.0083199999999999993
529 0.10816000000000001
530 0.033279999999999997
531 0.049919999999999999
532 0.041599999999999998
533 0.066559999999999994
534 0.041599999999999998
535 0.05824
536 0.05824
537 0.0083199999999999993
538 0.083199999999999996
539 0.05824
540 0.041599999999999998
541 0.041599999999999998
542 0.0083199999999999993
543 0.10816000000000001
544 0.033279999999999997
545 0.049919999999999999
546 0.041599999999999998
547 0.066559999999999994
548 0.041599999999999998
549 0.05824
550 0.05824
551 0.0083199999999999993
552 0.083199999999999996
553 0.05824
554 0.041599999999999998
555 0.041599999999999998
556 0.0083199999999999993
557 0.10816000000000001
558 0.033279999999999997
559 0.05824
560 0.033279999999999997
561 0.074880000000000002
562 0.041599999999999998
563 0.05824
564 0.049919999999999999
565 0.0083199999999999993
566 0.083199999999999996
567 0.05824
568 0.041599999999999998
569 0.041599999999999998
570 0.0083199999999999993
571 0.10816000000000001
572 0.033279999999999997
573 0.05824
574 0.033279999999999997
575 0.074880000000000002
576 0.041599999999999998
577 0.05824
578 0.049919999999999999
579 0.0083199999999999993
580 0.083199999999999996
581 0.05824
582 0.041599999999999998
583 0.041599999999999998
584 0.0083199999999999993
585 0.10816000000000001
586 0.033279999999999997
587 0.05824
588 0.033279999999999997
589 0.074880000000000002
590 0.041599999999999998
591 0.05824
592 0.049919999999999999
593 0.0083199999999999993
594 0.083199999999999996
595 0.05824
596 0.041599999999999998
597 0.041599999999999998
598 0.0083199999999999993
599 0.10816000000000001
600 0.033279999999999997
601 0.05824
602 0.033279999999999997
603 0.074880000000000002
604 0.041599999999999998
605 0.05824
606 0.049919999999999999
607 0.0083199999999999993
608 0.091520000000000004
609 0.049919999999999999
610 0.041599999999999998
611 0.049919999999999999
612 0.066559999999999994
613 0.041599999999999998
614 0.041599999999999998
615 0.05824
616 0.02496
617 0.083199999999999996
618 0.041599999999999998
619 0.05824
620 0.041599999999999998
621 0.0083199999999999993
622 0.091520000000000004
623 0.049919999999999999
624 0.041599999999999998
625 0.049919999999999999
626 0.066559999999999994
627 0.041599999999999998
628 0.041599999999999998
629 0.05824
630 0.02496
631 0.083199999999999996
632 0.041599999999999998
633 0.05824
634 0.041599999999999998
635 0.0083199999999999993
636 0.091520000000000004
637 0.049919999999999999
638 0.041599999999999998
639 0.049919999999999999
640 0.066559999999999994
641 0.041599999999999998
642 0.041599999999999998
643 0.05824
644 0.02496
645 0.083199999999999996
646 0.041599999999999998
647 0.05824
648 0.041599999999999998
649 0.0083199999999999993
650 0.091520000000000004
651 0.049919999999999999
652 0.041599999999999998
653 0.049919999999999999
654 0.066559999999999994
655 0.041599999999999998
656 0.041599999999999998
657 0.05824
658 0.02496
659 0.083199999999999996
660 0.049919999999999999
661 0.049919999999999999
662 0.041599999999999998
663 0.0083199999999999993
664 0.099839999999999998
665 0.041599999999999998
666 0.041599999999999998
667 0.049919999999999999
668 0.066559999999999994
669 0.041599999999999998
670 0.049919999999999999
671 0.05824
672 0.016639999999999999
673 0.083199999999999996
674 0.049919999999999999
675 0.049919999999999999
676 0.041599999999999998
677 0.0083199999999999993
678 0.099839999999999998
679 0.041599999999999998
680 0.041599999999999998
681 0.049919999999999999
682 0.066559999999999994
683 0.041599999999999998
684 0.049919999999999999
685 0.05824
686 0.016639999999999999
687 0.083199999999999996
688 0.049919999999999999
689 0.049919999999999999
690 0.041599999999999998
691 0.0083199999999999993
692 0.099839999999999998
693 0.041599999999999998
694 0.041599999999999998
695 0.049919999999999999
696 0.066559999999999994
697 0.041599999999999998
698 0.049919999999999999
699 0.05824
700 0.016639999999999999
701 0.083199999999999996
702 0.049919999999999999
703 0.049919999999999999
704 0.041599999999999998
705 0.0083199999999999993
706 0.099839999999999998
707 0.041599999999999998
708 0.041599999999999998
709 0.049919999999999999
710 0.066559999999999994
711 0.041599999999999998
712 0.05824
713 0.05824
714 0.0083199999999999993
715 0.083199999999999996
716 0.05824
717 0.041599999999999998
718 0.041599999999999998
719 0.0083199999999999993
720 0.10816000000000001
721 0.033279999999999997
722 0.049919999999999999
723 0.041599999999999998
724 0.066559999999999994
725 0.041599999999999998
726 0.05824
727 0.05824
728 0.0083199999999999993
729 0.083199999999999996
730 0.05824
731 0.041599999999999998
732 0.041599999999999998
733 0.0083199999999999993
734 0.10816000000000001
735 0.033279999999999997
736 0.049919999999999999
737 0.041599999999999998
738 0.066559999999999994
739 0.041599999999999998
740 0.05824
741 0.05824
742 0.0083199999999999993
743 0.083199999999999996
744 0.05824
745 0.041599999999999998
746 0.041599999999999998
747 0.0083199999999999993
748 0.10816000000000001
749 0.033279999999999997
750 0.049919999999999999
751 0.041599999999999998
752 0.066559999999999994
753 0.041599999999999998
754 0.05824
755 0.05824
756 0.0083199999999999993
757 0.083199999999999996
758 0.05824
759 0.041599999999999998
760 0.041599999999999998
761 0.0083199999999999993
762 0.10816000000000001
763 0.033279999999999997
764 0.05824
765 0.033279999999999997
766 0.074880000000000002
767 0.041599999999999998
768 0.05824
769 0.049919999999999999
770 0.0083199999999999993
771 0.083199999999999996
772 0.05824
773 0.041599999999999998
774 0.041599999999999998
775 0.0083199999999999993
776 0.10816000000000001
777 0.033279999999999997
778 0.05824
779 0.033279999999999997
780 0.074880000000000002
781 0.041599999999999998
782 0.05824
783 0.049919999999999999
784 0.0083199999999999993
785 0.083199999999999996
786 0.05824
787 0.041599999999999998
788 0.041599999999999998
789 0.0083199999999999993
790 0.10816000000000001
791 0.033279999999999997
792 0.05824
793 0.033279999999999997
794 0.074880000000000002
795 0.041599999999999998
796 0.05824
797 0.049919999999999999
798 0.0083199999999999993
799 0.083199999999999996
800 0.05824
801 0.041599999999999998
802 0.041599999999999998
803 0.0083199999999999993
804 0.10816000000000001
805 0.033279999999999997
806 0.05824
807 0.033279999999999997
808 0.074880000000000002
809 0.041599999999999998
810 0.05824
811 0.049919999999999999
812 0.0083199999999999993
813 0.083199999999999996
814 0.05824
815 0.041599999999999998
816 0.049919999999999999
817 0.066559999999999994
818 0.041599999999999998
819 0.041599999999999998
820 0.05824
821 0.02496
822 0.083199999999999996
823 0.041599999999999998
824 0.05824
825 0.041599999999999998
826 0.0083199999999999993
827 0.091520000000000004
828 0.049919999999999999
829 0.041599999999999998
830 0.049919999999999999
831 0.066559999999999994
832 0.041599999999999998
833 0.041599999999999998
834 0.05824
835 0.02496
836 0.083199999999999996
837 0.041599999999999998
838 0.05824
839 0.041599999999999998
840 0.0083199999999999993
841 0.091520000000000004
842 0.049919999999999999
843 0.041599999999999998
844 0.049919999999999999
845 0.066559999999999994
846 0.041599999999999998
847 0.041599999999999998
848 0.05824
849 0.02496
850 0.083199999999999996
851 0.041599999999999998
852 0.05824
853 0.041599999999999998
854 0.0083199999999999993
855 0.091520000000000004
856 0.049919999999999999
857 0.041599999999999998
858 0.049919999999999999
859 0.066559999999999994
860 0.041599999999999998
861 0.041599999999999998
862 0.05824
863 0.02496
864 0.083199999999999996
865 0.041599999999999998
866 0.05824
867 0.041599999999999998
868 0.0083199999999999993
869 0.099839999999999998
870 0.041599999999999998
871 0.041599999999999998
872 0.049919999999999999
873 0.066559999999999994
874 0.041599999999999998
875 0.049919999999999999
876 0.05824
877 0.016639999999999999
878 0.083199999999999996
879 0.049919999999999999
880 0.049919999999999999
881 0.041599999999999998
882 0.0083199999999999993
883 0.099839999999999998
884 0.041599999999999998
885 0.041599999999999998
886 0.049919999999999999
887 0.066559999999999994
888 0.041599999999999998
889 0.049919999999999999
890 0.05824
891 0.016639999999999999
892 0.083199999999999996
893 0.049919999999999999
894 0.049919999999999999
895 0.041599999999999998
896 0.0083199999999999993
897 0.099839999999999998
898 0.041599999999999998
899 0.041599999999999998
900 0.049919999999999999
901 0.066559999999999994
902 0.041599999999999998
903 0.049919999999999999
904 0.05824
905 0.016639999999999999
906 0.083199999999999996
907 0.049919999999999999
908 0.049919999999999999
909 0.041599999999999998
910 0.0083199999999999993
911 0.099839999999999998
912 0.041599999999999998
913 0.041599999999999998
914 0.049919999999999999
915 0.066559999999999994
916 0.041599999999999998
917 0.049919999999999999
918 0.05824
919 0.016639999999999999
920 0.083199999999999996
921 0.05824
922 0.041599999999999998
923 0.041599999999999998
924 0.0083199999999999993
925 0.10816000000000001
926 0.033279999999999997
927 0.049919999999999999
928 0.041599999999999998
929 0.066559999999999994
930 0.041599999999999998
931 0.05824
932 0.05824
933 0.0083199999999999993
934 0.083199999999999996
935 0.05824
936 0.041599999999999998
937 0.041599999999999998
938 0.0083199999999999993
939 0.10816000000000001
940 0.033279999999999997
941 0.049919999999999999
942 0.041599999999999998
943 0.066559999999999994
944 0.041599999999999998
945 0.05824
946 0.05824
947 0.0083199999999999993
948 0.083199999999999996
949 0.05824
950 0.041599999999999998
951 0.041599999999999998
952 0.0083199999999999993
953 0.10816000000000001
954 0.033279999999999997
955 0.049919999999999999
956 0.041599999999999998
957 0.066559999999999994
958 0.041599999999999998
959 0.05824
960 0.05824
961 0.0083199999999999993
962 0.083199999999999996
963 0.05824
964 0.041599999999999998
965 0.041599999999999998
966 0.0083199999999999993
967 0.10816000000000001
968 0.033279999999999997
969 0.049919999999999999
970 0.041599999999999998
971 0.074880000000000002
972 0.041599999999999998
973 0.05824
974 0.049919999999999999
975 0.0083199999999999993
976 0.083199999999999996
977 0.05824
978 0.041599999999999998
979 0.041599999999999998
980 0.0083199999999999993
981 0.10816000000000001
982 0.033279999999999997
983 0.05824
984 0.033279999999999997
985 0.074880000000000002
986 0.041599999999999998
987 0.05824
988 0.049919999999999999
989 0.0083199999999999993
990 0.083199999999999996
991 0.05824
992 0.041599999999999998
993 0.041599999999999998
994 0.0083199999999999993
995 0.10816000000000001
996 0.033279999999999997
997 0.05824
998 0.033279999999999997
999 0.074880000000000002
