0 0.0
1 0.033599999999999998
2 0.041599999999999998
3 0.033279999999999997
4 0.10816000000000001
5 0.066559999999999994
6 0.066559999999999994
7 0.074880000000000002
8 0.083199999999999996
9 0.083199999999999996
10 0.099839999999999998
11 0.099839999999999998
12 0.0
13 0.19136
14 0.091520000000000004
15 0.083199999999999996
16 0.091520000000000004
17 0.099839999999999998
18 0.099839999999999998
19 0.033279999999999997
20 0.15808
21 0.099839999999999998
22 0.091520000000000004
23 0.074880000000000002
24 0.099839999999999998
25 0.099839999999999998
26 0.0083199999999999993
27 0.16639999999999999
28 0.099839999999999998
29 0.099839999999999998
30 0.099839999999999998
31 0.091520000000000004
32 0.099839999999999998
33 0.02496
34 0.16639999999999999
35 0.099839999999999998
36 0.099839999999999998
37 0.099839999999999998
38 0.099839999999999998
39 0.099839999999999998
40 0.02496
41 0.16639999999999999
42 0.099839999999999998
43 0.099839999999999998
44 0.099839999999999998
45 0.10816000000000001
46 0.099839999999999998
47 0.016639999999999999
48 0.17471999999999999
49 0.099839999999999998
50 0.099839999999999998
51 0.099839999999999998
52 0.099839999999999998
53 0.099839999999999998
54 0.016639999999999999
55 0.17471999999999999
56 0.099839999999999998
57 0.091520000000000004
58 0.074880000000000002
59 0.099839999999999998
60 0.099839999999999998
61 0.049919999999999999
62 0.14144000000000001
63 0.099839999999999998
64 0.099839999999999998
65 0.099839999999999998
66 0.091520000000000004
67 0.099839999999999998
68 0.05824
69 0.13311999999999999
70 0.099839999999999998
71 0.099839999999999998
72 0.099839999999999998
73 0.099839999999999998
74 0.099839999999999998
75 0.05824
76 0.13311999999999999
77 0.066559999999999994
78 0.074880000000000002
79 0.066559999999999994
80 0.083199999999999996
81 0.099839999999999998
82 0.099839999999999998
83 0.066559999999999994
84 0.12479999999999999
85 0.099839999999999998
86 0.099839999999999998
87 0.091520000000000004
88 0.091520000000000004
89 0.099839999999999998
90 0.083199999999999996
91 0.11648
92 0.091520000000000004
93 0.099839999999999998
94 0.099839999999999998
95 0.099839999999999998
96 0.083199999999999996
97 0.10816000000000001
98 0.091520000000000004
99 0.099839999999999998
100 0.099839999999999998
101 0.099839999999999998
102 0.099839999999999998
103 0.099839999999999998
104 0.02496
105 0.16639999999999999
106 0.099839999999999998
107 0.099839999999999998
108 0.099839999999999998
109 0.099839999999999998
110 0.099839999999999998
111 0.02496
112 0.14976
113 0.066559999999999994
114 0.066559999999999994
115 0.083199999999999996
116 0.091520000000000004
117 0.099839999999999998
118 0.099839999999999998
119 0.033279999999999997
120 0.14144000000000001
121 0.074880000000000002
122 0.05824
123 0.083199999999999996
124 0.091520000000000004
125 0.099839999999999998
126 0.099839999999999998
127 0.041599999999999998
128 0.13311999999999999
129 0.083199999999999996
130 0.05824
131 0.074880000000000002
132 0.091520000000000004
133 0.099839999999999998
134 0.099839999999999998
135 0.049919999999999999
136 0.13311999999999999
137 0.074880000000000002
138 0.066559999999999994
139 0.066559999999999994
140 0.091520000000000004
141 0.099839999999999998
142 0.10816000000000001
143 0.049919999999999999
144 0.13311999999999999
145 0.074880000000000002
146 0.066559999999999994
147 0.066559999999999994
148 0.091520000000000004
149 0.099839999999999998
150 0.099839999999999998
151 0.05824
152 0.13311999999999999
153 0.066559999999999994
154 0.074880000000000002
155 0.066559999999999994
156 0.083199999999999996
157 0.099839999999999998
158 0.099839999999999998
159 0.066559999999999994
160 0.12479999999999999
161 0.066559999999999994
162 0.074880000000000002
163 0.074880000000000002
164 0.074880000000000002
165 0.099839999999999998
166 0.099839999999999998
167 0.074880000000000002
168 0.11648
169 0.066559999999999994
170 0.074880000000000002
171 0.074880000000000002
172 0.083199999999999996
173 0.091520000000000004
174 0.099839999999999998
175 0.083199999999999996
176 0.11648
177 0.05824
178 0.074880000000000002
179 0.074880000000000002
180 0.083199999999999996
181 0.091520000000000004
182 0.099839999999999998
183 0.091520000000000004
184 0.0
185 0.16639999999999999
186 0.074880000000000002
187 0.074880000000000002
188 0.083199999999999996
189 0.091520000000000004
190 0.099839999999999998
191 0.099839999999999998
192 0.0
193 0.16639999999999999
194 0.066559999999999994
195 0.074880000000000002
196 0.083199999999999996
197 0.091520000000000004
198 0.099839999999999998
199 0.099839999999999998
200 0.0083199999999999993
201 0.16639999999999999
202 0.05824
203 0.074880000000000002
204 0.091520000000000004
205 0.091520000000000004
206 0.099839999999999998
207 0.099839999999999998
208 0.0083199999999999993
209 0.16639999999999999
210 0.05824
211 0.074880000000000002
212 0.083199999999999996
213 0.091520000000000004
214 0.099839999999999998
215 0.099839999999999998
216 0.016639999999999999
217 0.15808
218 0.05824
219 0.074880000000000002
220 0.083199999999999996
221 0.091520000000000004
222 0.099839999999999998
223 0.099839999999999998
224 0.02496
225 0.14976
226 0.066559999999999994
227 0.066559999999999994
228 0.083199999999999996
229 0.091520000000000004
230 0.099839999999999998
231 0.099839999999999998
232 0.033279999999999997
233 0.14144000000000001
234 0.074880000000000002
235 0.05824
236 0.083199999999999996
237 0.091520000000000004
238 0.099839999999999998
239 0.099839999999999998
240 0.041599999999999998
241 0.13311999999999999
242 0.083199999999999996
243 0.05824
244 0.074880000000000002
245 0.091520000000000004
246 0.099839999999999998
247 0.099839999999999998
248 0.049919999999999999
249 0.13311999999999999
250 0.074880000000000002
251 0.066559999999999994
252 0.066559999999999994
253 0.091520000000000004
254 0.099839999999999998
255 0.099839999999999998
256 0.05824
257 0.13311999999999999
258 0.066559999999999994
259 0.074880000000000002
260 0.066559999999999994
261 0.083199999999999996
262 0.099839999999999998
263 0.099839999999999998
264 0.066559999999999994
265 0.12479999999999999
266 0.066559999999999994
267 0.083199999999999996
268 0.066559999999999994
269 0.083199999999999996
270 0.099839999999999998
271 0.099839999999999998
272 0.066559999999999994
273 0.12479999999999999
274 0.066559999999999994
275 0.074880000000000002
276 0.074880000000000002
277 0.074880000000000002
278 0.099839999999999998
279 0.099839999999999998
280 0.074880000000000002
281 0.11648
282 0.066559999999999994
283 0.074880000000000002
284 0.074880000000000002
285 0.083199999999999996
286 0.091520000000000004
287 0.099839999999999998
288 0.083199999999999996
289 0.11648
290 0.05824
291 0.074880000000000002
292 0.074880000000000002
293 0.083199999999999996
294 0.091520000000000004
295 0.099839999999999998
296 0.091520000000000004
297 0.0
298 0.16639999999999999
299 0.074880000000000002
300 0.074880000000000002
301 0.083199999999999996
302 0.091520000000000004
303 0.099839999999999998
304 0.099839999999999998
305 0.0
306 0.16639999999999999
307 0.066559999999999994
308 0.074880000000000002
309 0.083199999999999996
310 0.091520000000000004
311 0.099839999999999998
312 0.099839999999999998
313 0.0083199999999999993
314 0.16639999999999999
315 0.05824
316 0.074880000000000002
317 0.083199999999999996
318 0.091520000000000004
319 0.099839999999999998
320 0.099839999999999998
321 0.016639999999999999
322 0.15808
323 0.05824
324 0.074880000000000002
325 0.083199999999999996
326 0.091520000000000004
327 0.099839999999999998
328 0.099839999999999998
329 0.02496
330 0.15808
331 0.05824
332 0.074880000000000002
333 0.083199999999999996
334 0.091520000000000004
335 0.099839999999999998
336 0.099839999999999998
337 0.02496
338 0.14976
339 0.066559999999999994
340 0.066559999999999994
341 0.083199999999999996
342 0.091520000000000004
343 0.099839999999999998
344 0.099839999999999998
345 0.033279999999999997
346 0.14144000000000001
347 0.074880000000000002
348 0.05824
349 0.083199999999999996
350 0.091520000000000004
351 0.099839999999999998
352 0.099839999999999998
353 0.041599999999999998
354 0.13311999999999999
355 0.083199999999999996
356 0.05824
357 0.074880000000000002
358 0.091520000000000004
359 0.099839999999999998
360 0.099839999999999998
361 0.049919999999999999
362 0.13311999999999999
363 0.074880000000000002
364 0.066559999999999994
365 0.066559999999999994
366 0.091520000000000004
367 0.099839999999999998
368 0.099839999999999998
369 0.05824
370 0.13311999999999999
371 0.066559999999999994
372 0.074880000000000002
373 0.066559999999999994
374 0.083199999999999996
375 0.099839999999999998
376 0.099839999999999998
377 0.066559999999999994
378 0.12479999999999999
379 0.066559999999999994
380 0.074880000000000002
381 0.074880000000000002
382 0.074880000000000002
383 0.099839999999999998
384 0.099839999999999998
385 0.074880000000000002
386 0.11648
387 0.066559999999999994
388 0.074880000000000002
389 0.074880000000000002
390 0.083199999999999996
391 0.091520000000000004
392 0.10816000000000001
393 0.074880000000000002
394 0.11648
395 0.066559999999999994
396 0.074880000000000002
397 0.074880000000000002
398 0.083199999999999996
399 0.091520000000000004
400 0.099839999999999998
401 0.083199999999999996
402 0.11648
403 0.05824
404 0.074880000000000002
405 0.074880000000000002
406 0.083199999999999996
407 0.091520000000000004
408 0.099839999999999998
409 0.091520000000000004
410 0.0
411 0.16639999999999999
412 0.074880000000000002
413 0.074880000000000002
414 0.083199999999999996
415 0.091520000000000004
416 0.099839999999999998
417 0.099839999999999998
418 0.0
419 0.16639999999999999
420 0.066559999999999994
421 0.074880000000000002
422 0.083199999999999996
423 0.091520000000000004
424 0.099839999999999998
425 0.099839999999999998
426 0.0083199999999999993
427 0.16639999999999999
428 0.05824
429 0.074880000000000002
430 0.083199999999999996
431 0.091520000000000004
432 0.099839999999999998
433 0.099839999999999998
434 0.016639999999999999
435 0.15808
436 0.05824
437 0.074880000000000002
438 0.083199999999999996
439 0.091520000000000004
440 0.099839999999999998
441 0.099839999999999998
442 0.02496
443 0.14976
444 0.066559999999999994
445 0.066559999999999994
446 0.083199999999999996
447 0.091520000000000004
448 0.099839999999999998
449 0.099839999999999998
450 0.033279999999999997
451 0.14144000000000001
452 0.074880000000000002
453 0.05824
454 0.083199999999999996
455 0.099839999999999998
456 0.099839999999999998
457 0.099839999999999998
458 0.033279999999999997
459 0.14144000000000001
460 0.074880000000000002
461 0.05824
462 0.083199999999999996
463 0.091520000000000004
464 0.099839999999999998
465 0.099839999999999998
466 0.041599999999999998
467 0.13311999999999999
468 0.083199999999999996
469 0.05824
470 0.074880000000000002
471 0.091520000000000004
472 0.099839999999999998
473 0.099839999999999998
474 0.049919999999999999
475 0.13311999999999999
476 0.074880000000000002
477 0.066559999999999994
478 0.066559999999999994
479 0.091520000000000004
480 0.099839999999999998
481 0.099839999999999998
482 0.05824
483 0.13311999999999999
484 0.066559999999999994
485 0.074880000000000002
486 0.066559999999999994
487 0.083199999999999996
488 0.099839999999999998
489 0.099839999999999998
490 0.066559999999999994
491 0.12479999999999999
492 0.066559999999999994
493 0.074880000000000002
494 0.074880000000000002
495 0.074880000000000002
496 0.099839999999999998
497 0.099839999999999998
498 0.074880000000000002
499 0.11648
500 0.066559999999999994
501 0.074880000000000002
502 0.074880000000000002
503 0.083199999999999996
504 0.091520000000000004
505 0.099839999999999998
506 0.083199999999999996
507 0.11648
508 0.05824
509 0.074880000000000002
510 0.074880000000000002
511 0.083199999999999996
512 0.091520000000000004
513 0.099839999999999998
514 0.091520000000000004
515 0.0
516 0.16639999999999999
517 0.083199999999999996
518 0.074880000000000002
519 0.083199999999999996
520 0.091520000000000004
521 0.099839999999999998
522 0.091520000000000004
523 0.0
524 0.16639999999999999
525 0.074880000000000002
526 0.074880000000000002
527 0.083199999999999996
528 0.091520000000000004
529 0.099839999999999998
530 0.099839999999999998
531 0.0
532 0.16639999999999999
533 0.066559999999999994
534 0.074880000000000002
535 0.083199999999999996
536 0.091520000000000004
537 0.099839999999999998
538 0.099839999999999998
539 0.0083199999999999993
540 0.16639999999999999
541 0.05824
542 0.074880000000000002
543 0.083199999999999996
544 0.091520000000000004
545 0.099839999999999998
546 0.099839999999999998
547 0.016639999999999999
548 0.15808
549 0.05824
550 0.074880000000000002
551 0.083199999999999996
552 0.091520000000000004
553 0.099839999999999998
554 0.099839999999999998
555 0.02496
556 0.14976
557 0.066559999999999994
558 0.066559999999999994
559 0.083199999999999996
560 0.091520000000000004
561 0.099839999999999998
562 0.099839999999999998
563 0.033279999999999997
564 0.14144000000000001
565 0.074880000000000002
566 0.05824
567 0.083199999999999996
568 0.091520000000000004
569 0.099839999999999998
570 0.099839999999999998
571 0.041599999999999998
572 0.13311999999999999
573 0.083199999999999996
574 0.05824
575 0.074880000000000002
576 0.091520000000000004
577 0.099839999999999998
578 0.099839999999999998
579 0.049919999999999999
580 0.13311999999999999
581 0.083199999999999996
582 0.05824
583 0.074880000000000002
584 0.091520000000000004
585 0.099839999999999998
586 0.099839999999999998
587 0.049919999999999999
588 0.13311999999999999
589 0.074880000000000002
590 0.066559999999999994
591 0.066559999999999994
592 0.091520000000000004
593 0.099839999999999998
594 0.099839999999999998
595 0.05824
596 0.13311999999999999
597 0.066559999999999994
598 0.074880000000000002
599 0.066559999999999994
600 0.083199999999999996
601 0.099839999999999998
602 0.099839999999999998
603 0.066559999999999994
604 0.12479999999999999
605 0.066559999999999994
606 0.074880000000000002
607 0.074880000000000002
608 0.074880000000000002
609 0.099839999999999998
610 0.099839999999999998
611 0.074880000000000002
612 0.11648
613 0.066559999999999994
614 0.074880000000000002
615 0.074880000000000002
616 0.083199999999999996
617 0.091520000000000004
618 0.099839999999999998
619 0.083199999999999996
620 0.11648
621 0.05824
622 0.074880000000000002
623 0.074880000000000002
624 0.083199999999999996
625 0.091520000000000004
626 0.099839999999999998
627 0.091520000000000004
628 0.0
629 0.16639999999999999
630 0.074880000000000002
631 0.074880000000000002
632 0.083199999999999996
633 0.091520000000000004
634 0.099839999999999998
635 0.099839999999999998
636 0.0
637 0.16639999999999999
638 0.066559999999999994
639 0.074880000000000002
640 0.083199999999999996
641 0.091520000000000004
642 0.10816000000000001
643 0.099839999999999998
644 0.0
645 0.16639999999999999
646 0.066559999999999994
647 0.074880000000000002
648 0.083199999999999996
649 0.091520000000000004
650 0.099839999999999998
651 0.099839999999999998
652 0.0083199999999999993
653 0.16639999999999999
654 0.05824
655 0.074880000000000002
656 0.083199999999999996
657 0.091520000000000004
658 0.099839999999999998
659 0.099839999999999998
660 0.016639999999999999
661 0.15808
662 0.05824
663 0.074880000000000002
664 0.083199999999999996
665 0.091520000000000004
666 0.099839999999999998
667 0.099839999999999998
668 0.02496
669 0.14976
670 0.066559999999999994
671 0.066559999999999994
672 0.083199999999999996
673 0.091520000000000004
674 0.099839999999999998
675 0.099839999999999998
676 0.033279999999999997
677 0.14144000000000001
678 0.074880000000000002
679 0.05824
680 0.083199999999999996
681 0.091520000000000004
682 0.099839999999999998
683 0.099839999999999998
684 0.041599999999999998
685 0.13311999999999999
686 0.083199999999999996
687 0.05824
688 0.074880000000000002
689 0.091520000000000004
690 0.099839999999999998
691 0.099839999999999998
692 0.049919999999999999
693 0.13311999999999999
694 0.074880000000000002
695 0.066559999999999994
696 0.066559999999999994
697 0.091520000000000004
698 0.099839999999999998
699 0.099839999999999998
700 0.05824
701 0.13311999999999999
702 0.066559999999999994
703 0.074880000000000002
704 0.066559999999999994
705 0.091520000000000004
706 0.099839999999999998
707 0.099839999999999998
708 0.05824
709 0.13311999999999999
710 0.066559999999999994
711 0.074880000000000002
712 0.066559999999999994
713 0.083199999999999996
714 0.099839999999999998
715 0.099839999999999998
716 0.066559999999999994
717 0.12479999999999999
718 0.066559999999999994
719 0.074880000000000002
720 0.074880000000000002
721 0.074880000000000002
722 0.099839999999999998
723 0.099839999999999998
724 0.074880000000000002
725 0.11648
726 0.066559999999999994
727 0.074880000000000002
728 0.074880000000000002
729 0.083199999999999996
730 0.091520000000000004
731 0.099839999999999998
732 0.083199999999999996
733 0.11648
734 0.05824
735 0.074880000000000002
736 0.074880000000000002
737 0.083199999999999996
738 0.091520000000000004
739 0.099839999999999998
740 0.091520000000000004
741 0.0
742 0.16639999999999999
743 0.074880000000000002
744 0.074880000000000002
745 0.083199999999999996
746 0.091520000000000004
747 0.099839999999999998
748 0.099839999999999998
749 0.0
750 0.16639999999999999
751 0.066559999999999994
752 0.074880000000000002
753 0.083199999999999996
754 0.091520000000000004
755 0.099839999999999998
756 0.099839999999999998
757 0.0083199999999999993
758 0.16639999999999999
759 0.05824
760 0.074880000000000002
761 0.083199999999999996
762 0.091520000000000004
763 0.099839999999999998
764 0.099839999999999998
765 0.016639999999999999
766 0.15808
767 0.05824
768 0.083199999999999996
769 0.083199999999999996
770 0.091520000000000004
771 0.099839999999999998
772 0.099839999999999998
773 0.016639999999999999
774 0.15808
775 0.05824
776 0.074880000000000002
777 0.083199999999999996
778 0.091520000000000004
779 0.099839999999999998
780 0.099839999999999998
781 0.02496
782 0.14976
783 0.066559999999999994
784 0.066559999999999994
785 0.083199999999999996
786 0.091520000000000004
787 0.099839999999999998
788 0.099839999999999998
789 0.033279999999999997
790 0.14144000000000001
791 0.074880000000000002
792 0.05824
793 0.083199999999999996
794 0.091520000000000004
795 0.099839999999999998
796 0.099839999999999998
797 0.041599999999999998
798 0.13311999999999999
799 0.083199999999999996
800 0.05824
801 0.074880000000000002
802 0.091520000000000004
803 0.099839999999999998
804 0.099839999999999998
805 0.049919999999999999
806 0.13311999999999999
807 0.074880000000000002
808 0.066559999999999994
809 0.066559999999999994
810 0.091520000000000004
811 0.099839999999999998
812 0.099839999999999998
813 0.05824
814 0.13311999999999999
815 0.066559999999999994
816 0.074880000000000002
817 0.066559999999999994
818 0.083199999999999996
819 0.099839999999999998
820 0.099839999999999998
821 0.066559999999999994
822 0.12479999999999999
823 0.066559999999999994
824 0.074880000000000002
825 0.074880000000000002
826 0.074880000000000002
827 0.099839999999999998
828 0.099839999999999998
829 0.074880000000000002
830 0.12479999999999999
831 0.066559999999999994
832 0.074880000000000002
833 0.074880000000000002
834 0.074880000000000002
835 0.099839999999999998
836 0.099839999999999998
837 0.074880000000000002
838 0.11648
839 0.066559999999999994
840 0.074880000000000002
841 0.074880000000000002
842 0.083199999999999996
843 0.091520000000000004
844 0.099839999999999998
845 0.083199999999999996
846 0.11648
847 0.05824
848 0.074880000000000002
849 0.074880000000000002
850 0.083199999999999996
851 0.091520000000000004
852 0.099839999999999998
853 0.091520000000000004
854 0.0
855 0.16639999999999999
856 0.074880000000000002
857 0.074880000000000002
858 0.083199999999999996
859 0.091520000000000004
860 0.099839999999999998
861 0.099839999999999998
862 0.0
863 0.16639999999999999
864 0.066559999999999994
865 0.074880000000000002
866 0.083199999999999996
867 0.091520000000000004
868 0.099839999999999998
869 0.099839999999999998
870 0.0083199999999999993
871 0.16639999999999999
872 0.05824
873 0.074880000000000002
874 0.083199999999999996
875 0.091520000000000004
876 0.099839999999999998
877 0.099839999999999998
878 0.016639999999999999
879 0.15808
880 0.05824
881 0.074880000000000002
882 0.083199999999999996
883 0.091520000000000004
884 0.099839999999999998
885 0.099839999999999998
886 0.02496
887 0.14976
888 0.066559999999999994
889 0.066559999999999994
890 0.083199999999999996
891 0.091520000000000004
892 0.10816000000000001
893 0.099839999999999998
894 0.02496
895 0.14976
896 0.066559999999999994
897 0.066559999999999994
898 0.083199999999999996
899 0.091520000000000004
900 0.099839999999999998
901 0.099839999999999998
902 0.033279999999999997
903 0.14144000000000001
904 0.074880000000000002
905 0.05824
906 0.083199999999999996
907 0.091520000000000004
908 0.099839999999999998
909 0.099839999999999998
910 0.041599999999999998
911 0.13311999999999999
912 0.083199999999999996
913 0.05824
914 0.074880000000000002
915 0.091520000000000004
916 0.099839999999999998
917 0.099839999999999998
918 0.049919999999999999
919 0.13311999999999999
920 0.074880000000000002
921 0.066559999999999994
922 0.066559999999999994
923 0.091520000000000004
924 0.099839999999999998
925 0.099839999999999998
926 0.05824
927 0.13311999999999999
928 0.066559999999999994
929 0.074880000000000002
930 0.066559999999999994
931 0.083199999999999996
932 0.099839999999999998
933 0.099839999999999998
934 0.066559999999999994
935 0.12479999999999999
936 0.066559999999999994
937 0.074880000000000002
938 0.074880000000000002
939 0.074880000000000002
940 0.099839999999999998
941 0.099839999999999998
942 0.074880000000000002
943 0.11648
944 0.066559999999999994
945 0.074880000000000002
946 0.074880000000000002
947 0.083199999999999996
948 0.091520000000000004
949 0.099839999999999998
950 0.083199999999999996
951 0.11648
952 0.05824
953 0.074880000000000002
954 0.074880000000000002
955 0.091520000000000004
956 0.091520000000000004
957 0.099839999999999998
958 0.083199999999999996
959 0.11648
960 0.05824
961 0.074880000000000002
962 0.074880000000000002
963 0.083199999999999996
964 0.091520000000000004
965 0.099839999999999998
966 0.091520000000000004
967 0.0
968 0.16639999999999999
969 0.074880000000000002
970 0.074880000000000002
971 0.083199999999999996
972 0.091520000000000004
973 0.099839999999999998
974 0.099839999999999998
975 0.0
976 0.16639999999999999
977 0.066559999999999994
978 0.074880000000000002
979 0.083199999999999996
980 0.091520000000000004
981 0.099839999999999998
982 0.099839999999999998
983 0.0083199999999999993
984 0.16639999999999999
985 0.05824
986 0.074880000000000002
987 0.083199999999999996
988 0.091520000000000004
989 0.099839999999999998
990 0.099839999999999998
991 0.016639999999999999
992 0.15808
993 0.05824
994 0.074880000000000002
995 0.083199999999999996
996 0.091520000000000004
997 0.099839999999999998
998 0.099839999999999998
999 0.02496
