1 0.025280000000000004
2 0.0208
3 0.045759999999999995
4 0.03161599999999999
5 0.045759999999999995
6 0.018303999999999997
7 0.052416
8 0.060736
9 0.045759999999999995
10 0.043264
11 0.0624
12 0.023296
13 0.07487999999999999
14 0.05408
15 0.024959999999999996
16 0.06239999999999999
17 0.07071999999999999
18 0.04576
19 0.0624
20 0.029119999999999997
21 0.08736000000000001
22 0.04576
23 0.045759999999999995
24 0.054079999999999996
25 0.06655999999999998
26 0.04576
27 0.059072
28 0.024128
29 0.04992
30 0.07071999999999998
31 0.064064
32 0.027455999999999998
33 0.057407999999999994
34 0.016640000000000002
35 0.071552
36 0.0208
37 0.06656000000000001
38 0.029119999999999997
39 0.04991999999999999
40 0.0416
41 0.07072
42 0.04159999999999999
43 0.0208
44 0.06656
45 0.045759999999999995
46 0.0624
47 0.0416
48 0.02912
49 0.07904
50 0.04992
51 0.06656000000000001
52 0.01248
53 0.09568
54 0.05823999999999999
55 0.06655999999999998
56 0.037439999999999994
57 0.0416
58 0.06239999999999999
59 0.06656000000000001
60 0.04159999999999999
61 0.029119999999999997
62 0.0416
63 0.0832
64 0.04576
65 0.049920000000000006
66 0.04576
67 0.0416
68 0.03744
69 0.045759999999999995
70 0.054079999999999996
71 0.0208
72 0.06239999999999999
73 0.045759999999999995
74 0.04992
75 0.0416
76 0.02912
77 0.07488
78 0.04159999999999999
79 0.06323199999999998
80 0.032448
81 0.04991999999999999
82 0.057408
83 0.064896
84 0.052416
85 0.01664
86 0.09152
87 0.0624
88 0.057408
89 0.050752000000000005
90 0.03328
91 0.07488
92 0.05408
93 0.0624
94 0.012479999999999998
95 0.06655999999999998
96 0.05824
97 0.05824
98 0.04159999999999999
99 0.008319999999999998
100 0.08319999999999998
101 0.0416
102 0.03328
103 0.049920000000000006
104 0.04991999999999999
105 0.04159999999999999
106 0.049920000000000006
107 0.02912
108 0.054079999999999996
109 0.04991999999999999
110 0.05824
111 0.05408
112 0.0208
113 0.054079999999999996
114 0.06239999999999999
115 0.049920000000000006
116 0.04992
117 0.06656
118 0.04991999999999999
119 0.06656000000000001
120 0.05408
121 0.05824
122 0.0416
123 0.0416
124 0.07488
125 0.05824
126 0.04576
127 0.024959999999999996
128 0.07487999999999999
129 0.049920000000000006
130 0.04992
131 0.05408
132 0.037439999999999994
133 0.054079999999999996
134 0.04908800000000001
135 0.0416
136 0.029951999999999996
137 0.053248
138 0.042432
139 0.044927999999999996
140 0.034111999999999996
141 0.0416
142 0.06656000000000001
143 0.045759999999999995
144 0.05408
145 0.029119999999999997
146 0.07487999999999999
147 0.04576
148 0.05408
149 0.049920000000000006
150 0.0416
151 0.06656
152 0.07071999999999999
153 0.049920000000000006
154 0.05824
155 0.029119999999999997
156 0.0624
157 0.0624
158 0.05408
159 0.04992
160 0.054079999999999996
161 0.02496
162 0.07071999999999999
163 0.05824
164 0.037439999999999994
165 0.04992
166 0.0624
167 0.03328
168 0.04159999999999999
169 0.008319999999999998
170 0.07904
171 0.045759999999999995
172 0.0416
173 0.037439999999999994
174 0.06655999999999998
175 0.04159999999999999
176 0.049920000000000006
177 0.049920000000000006
178 0.024959999999999996
179 0.07488000000000002
180 0.045759999999999995
181 0.049920000000000006
182 0.04992
183 0.03328
184 0.081536
185 0.030784
186 0.08236800000000001
187 0.052416
188 0.07155199999999999
189 0.03910399999999999
190 0.03328
191 0.08320000000000001
192 0.036607999999999995
193 0.06739199999999998
194 0.03328
195 0.0624
196 0.04992
197 0.024959999999999996
198 0.07488
199 0.054079999999999996
200 0.03744
201 0.02912
202 0.045759999999999995
203 0.054079999999999996
204 0.045759999999999995
205 0.049920000000000006
206 0.0208
207 0.07071999999999998
208 0.045759999999999995
209 0.04576
210 0.04576
211 0.024959999999999996
212 0.0832
213 0.04159999999999999
214 0.045759999999999995
215 0.0416
216 0.06655999999999998
217 0.05824
218 0.045759999999999995
219 0.07488
220 0.037439999999999994
221 0.07071999999999998
222 0.0624
223 0.0208
224 0.06656000000000001
225 0.03328
226 0.0832
227 0.03328
228 0.0624
229 0.037439999999999994
230 0.07072
231 0.04159999999999999
232 0.037439999999999994
233 0.06656
234 0.01664
235 0.054079999999999996
236 0.05408
237 0.037439999999999994
238 0.036607999999999995
239 0.027455999999999998
240 0.059904
241 0.065728
242 0.043264
243 0.040768000000000006
244 0.0624
245 0.025792
246 0.07904
247 0.04576
248 0.024959999999999996
249 0.06656
250 0.07071999999999999
251 0.04159999999999999
252 0.06656
253 0.02912
254 0.08736
255 0.04992
256 0.0416
257 0.054079999999999996
258 0.06655999999999998
259 0.045759999999999995
260 0.05824
261 0.054079999999999996
262 0.0208
263 0.07071999999999998
264 0.0624
265 0.02496
266 0.05823999999999999
267 0.01664
268 0.07072
269 0.0208
270 0.06656000000000001
271 0.029119999999999997
272 0.04991999999999999
273 0.0416
274 0.07072
275 0.04159999999999999
276 0.0208
277 0.06656
278 0.045759999999999995
279 0.0624
280 0.0416
281 0.02912
282 0.07904
283 0.04992
284 0.06656000000000001
285 0.01248
286 0.09568
287 0.05907199999999999
288 0.06572799999999998
289 0.037439999999999994
290 0.0416
291 0.06406399999999998
292 0.06489600000000001
293 0.04159999999999999
294 0.029119999999999997
295 0.07487999999999999
296 0.04992
297 0.05408
298 0.045759999999999995
299 0.0416
300 0.0416
301 0.045759999999999995
302 0.03744
303 0.054079999999999996
304 0.024959999999999996
305 0.05823999999999999
306 0.045759999999999995
307 0.04992
308 0.045759999999999995
309 0.05824
310 0.04159999999999999
311 0.045759999999999995
312 0.0624
313 0.029119999999999997
314 0.054079999999999996
315 0.05824
316 0.0624
317 0.04992
318 0.01664
319 0.09152
320 0.0624
321 0.05824
322 0.049920000000000006
323 0.03328
324 0.07488
325 0.05408
326 0.0624
327 0.012479999999999998
328 0.06655999999999998
329 0.05824
330 0.05824
331 0.04159999999999999
332 0.008319999999999998
333 0.08319999999999998
334 0.0416
335 0.03328
336 0.049920000000000006
337 0.04991999999999999
338 0.04159999999999999
339 0.050752000000000005
340 0.030784
341 0.051584
342 0.053248
343 0.059904
344 0.04908800000000001
345 0.047424
346 0.030784
347 0.063232
348 0.045759999999999995
349 0.05823999999999999
350 0.0624
351 0.045759999999999995
352 0.07072
353 0.05824
354 0.05824
355 0.037439999999999994
356 0.0416
357 0.07488
358 0.05408
359 0.04992
360 0.0208
361 0.07904
362 0.045759999999999995
363 0.05823999999999999
364 0.04576
365 0.037439999999999994
366 0.05824
367 0.045759999999999995
368 0.0416
369 0.029119999999999997
370 0.054079999999999996
371 0.0416
372 0.045759999999999995
373 0.03328
374 0.0416
375 0.06656000000000001
376 0.045759999999999995
377 0.05408
378 0.029119999999999997
379 0.07487999999999999
380 0.04576
381 0.05408
382 0.049920000000000006
383 0.0416
384 0.06656
385 0.07071999999999999
386 0.049920000000000006
387 0.05824
388 0.029119999999999997
389 0.0624
390 0.0624
391 0.054912
392 0.049088
393 0.054079999999999996
394 0.02496
395 0.07571199999999997
396 0.055743999999999995
397 0.038272
398 0.050752
399 0.0624
400 0.032448
401 0.042432000000000004
402 0.00416
403 0.0832
404 0.04159999999999999
405 0.045759999999999995
406 0.03327999999999999
407 0.07072
408 0.04159999999999999
409 0.04991999999999999
410 0.045759999999999995
411 0.024959999999999996
412 0.08319999999999998
413 0.0416
414 0.04992
415 0.04992
416 0.029119999999999997
417 0.08736000000000001
418 0.02496
419 0.08736000000000001
420 0.04992
421 0.07072
422 0.037439999999999994
423 0.03328
424 0.08320000000000001
425 0.037439999999999994
426 0.06656
427 0.03328
428 0.0624
429 0.04992
430 0.024959999999999996
431 0.07488
432 0.054079999999999996
433 0.03744
434 0.02912
435 0.045759999999999995
436 0.054079999999999996
437 0.045759999999999995
438 0.049920000000000006
439 0.0208
440 0.07071999999999998
441 0.045759999999999995
442 0.04576
443 0.046592
444 0.024127999999999997
445 0.086528
446 0.04159999999999999
447 0.045759999999999995
448 0.040768
449 0.06739199999999998
450 0.05907199999999999
451 0.045759999999999995
452 0.07072
453 0.037439999999999994
454 0.07487999999999999
455 0.05824
456 0.0208
457 0.07488
458 0.02912
459 0.08736
460 0.029119999999999997
461 0.0624
462 0.03744
463 0.06655999999999998
464 0.045759999999999995
465 0.037439999999999994
466 0.0624
467 0.01664
468 0.054079999999999996
469 0.05408
470 0.037439999999999994
471 0.0416
472 0.02496
473 0.05824
474 0.06656000000000001
475 0.0416
476 0.041600000000000005
477 0.0624
478 0.02496
479 0.07904
480 0.04576
481 0.024959999999999996
482 0.06656
483 0.07071999999999999
484 0.04159999999999999
485 0.06656
486 0.02912
487 0.08736
488 0.04992
489 0.0416
490 0.054079999999999996
491 0.06655999999999998
492 0.045759999999999995
493 0.05824
494 0.054079999999999996
495 0.0208
496 0.07071999999999998
497 0.0624
498 0.02496
499 0.05823999999999999
500 0.045759999999999995
501 0.04159999999999999
502 0.04492800000000001
503 0.04992
504 0.021632
505 0.04991999999999999
506 0.045759999999999995
507 0.06656000000000001
508 0.04159999999999999
509 0.0208
510 0.07071999999999998
511 0.0416
512 0.0624
513 0.045759999999999995
514 0.0624
515 0.04159999999999999
516 0.05823999999999999
517 0.0624
518 0.04991999999999999
519 0.05824
520 0.0624
521 0.05824
522 0.037439999999999994
523 0.0416
524 0.06656
525 0.0624
526 0.04159999999999999
527 0.029119999999999997
528 0.07487999999999999
529 0.04992
530 0.05408
531 0.045759999999999995
532 0.0416
533 0.0416
534 0.045759999999999995
535 0.03744
536 0.054079999999999996
537 0.024959999999999996
538 0.05823999999999999
539 0.045759999999999995
540 0.04992
541 0.045759999999999995
542 0.05824
543 0.04159999999999999
544 0.045759999999999995
545 0.0624
546 0.029119999999999997
547 0.054911999999999996
548 0.059904
549 0.05990399999999999
550 0.04992
551 0.01664
552 0.09734400000000001
553 0.059904
554 0.0624
555 0.042432000000000004
556 0.03328
557 0.07904
558 0.05824
559 0.05824
560 0.008319999999999998
561 0.07488000000000002
562 0.05824
563 0.049920000000000006
564 0.04576
565 0.00416
566 0.08736
567 0.03744
568 0.03744
569 0.04992
570 0.045759999999999995
571 0.04576
572 0.049920000000000006
573 0.02912
574 0.04992
575 0.05824
576 0.05824
577 0.045759999999999995
578 0.054079999999999996
579 0.024959999999999996
580 0.0624
581 0.045759999999999995
582 0.05823999999999999
583 0.0624
584 0.045759999999999995
585 0.07072
586 0.05824
587 0.05824
588 0.037439999999999994
589 0.0416
590 0.07488
591 0.05408
592 0.04992
593 0.0208
594 0.07904
595 0.045759999999999995
596 0.05823999999999999
597 0.04576
598 0.037439999999999994
599 0.05824
600 0.04825599999999999
601 0.039104
602 0.029119999999999997
603 0.057407999999999994
604 0.0416
605 0.04576
606 0.029952
607 0.044927999999999996
608 0.067392
609 0.04576
610 0.05824
611 0.0208
612 0.07487999999999999
613 0.04992
614 0.054079999999999996
615 0.045759999999999995
616 0.045759999999999995
617 0.06656
618 0.07071999999999999
619 0.04576
620 0.05824
621 0.029119999999999997
622 0.06656
623 0.05824
624 0.0624
625 0.0416
626 0.05824
627 0.0208
628 0.07904
629 0.05408
630 0.037439999999999994
631 0.04992
632 0.0624
633 0.03328
634 0.04159999999999999
635 0.00416
636 0.0832
637 0.04159999999999999
638 0.045759999999999995
639 0.03327999999999999
640 0.07072
641 0.04159999999999999
642 0.04991999999999999
643 0.045759999999999995
644 0.024959999999999996
645 0.08319999999999998
646 0.0416
647 0.04992
648 0.04992
649 0.029119999999999997
650 0.08736000000000001
651 0.025792
652 0.089024
653 0.047424
654 0.07072
655 0.040768
656 0.055744
657 0.057407999999999994
658 0.040768
659 0.063232
660 0.03328
661 0.0624
662 0.05408
663 0.02496
664 0.07488
665 0.054079999999999996
666 0.03744
667 0.024960000000000003
668 0.045759999999999995
669 0.05823999999999999
670 0.04991999999999999
671 0.04159999999999999
672 0.0208
673 0.07071999999999998
674 0.045759999999999995
675 0.04992
676 0.045759999999999995
677 0.0208
678 0.08736
679 0.04159999999999999
680 0.045759999999999995
681 0.041600000000000005
682 0.06655999999999998
683 0.05823999999999999
684 0.045759999999999995
685 0.07072
686 0.037439999999999994
687 0.07487999999999999
688 0.05824
689 0.0208
690 0.07488
691 0.02912
692 0.08736
693 0.029119999999999997
694 0.0624
695 0.03744
696 0.06655999999999998
697 0.045759999999999995
698 0.037439999999999994
699 0.0624
700 0.01664
701 0.054079999999999996
702 0.05408
703 0.037439999999999994
704 0.0416
705 0.051584000000000005
706 0.031616
707 0.069888
708 0.044095999999999996
709 0.039104
710 0.059072
711 0.02912
712 0.078208
713 0.042432000000000004
714 0.024959999999999996
715 0.07071999999999998
716 0.07071999999999999
717 0.037439999999999994
718 0.07072
719 0.0624
720 0.04992
721 0.05823999999999999
722 0.03744
723 0.054079999999999996
724 0.0624
725 0.05408
726 0.049920000000000006
727 0.054079999999999996
728 0.024959999999999996
729 0.07071999999999998
730 0.05824
731 0.02496
732 0.05823999999999999
733 0.054079999999999996
734 0.03328
735 0.049920000000000006
736 0.045759999999999995
737 0.0208
738 0.04991999999999999
739 0.045759999999999995
740 0.06656000000000001
741 0.04159999999999999
742 0.0208
743 0.07071999999999998
744 0.0416
745 0.0624
746 0.045759999999999995
747 0.0624
748 0.04159999999999999
749 0.05823999999999999
750 0.0624
751 0.04991999999999999
752 0.05824
753 0.0624
754 0.05824
755 0.037439999999999994
756 0.0416
757 0.06988799999999999
758 0.05907199999999999
759 0.044927999999999996
760 0.025792
761 0.07487999999999999
762 0.04992
763 0.061568
764 0.042432
765 0.037439999999999994
766 0.04576
767 0.049920000000000006
768 0.029119999999999997
769 0.054079999999999996
770 0.024959999999999996
771 0.0624
772 0.0416
773 0.05823999999999999
774 0.04159999999999999
775 0.054079999999999996
776 0.04159999999999999
777 0.049920000000000006
778 0.06656000000000001
779 0.0208
780 0.06240000000000001
781 0.05824
782 0.05408
783 0.054079999999999996
784 0.01248
785 0.09984000000000001
786 0.05823999999999999
787 0.0624
788 0.04159999999999999
789 0.03328
790 0.07904
791 0.05824
792 0.05824
793 0.008319999999999998
794 0.07488000000000002
795 0.05824
796 0.049920000000000006
797 0.04576
798 0.00416
799 0.08736
800 0.03744
801 0.03744
802 0.04992
803 0.045759999999999995
804 0.04576
805 0.049920000000000006
806 0.02912
807 0.04992
808 0.06073599999999999
809 0.059072
810 0.04243199999999999
811 0.054079999999999996
812 0.024959999999999996
813 0.065728
814 0.04576
815 0.0624
816 0.054911999999999996
817 0.045759999999999995
818 0.07072
819 0.06655999999999998
820 0.05408
821 0.037439999999999994
822 0.0416
823 0.07488
824 0.04992
825 0.054079999999999996
826 0.01664
827 0.0832
828 0.04159999999999999
829 0.06656000000000001
830 0.037439999999999994
831 0.037439999999999994
832 0.0624
833 0.045759999999999995
834 0.03744
835 0.029119999999999997
836 0.05823999999999999
837 0.0416
838 0.04576
839 0.029119999999999997
840 0.045759999999999995
841 0.06656
842 0.04576
843 0.05824
844 0.0208
845 0.07487999999999999
846 0.04992
847 0.054079999999999996
848 0.045759999999999995
849 0.045759999999999995
850 0.06656
851 0.07071999999999999
852 0.04576
853 0.05824
854 0.029119999999999997
855 0.06656
856 0.05824
857 0.0624
858 0.0416
859 0.05824
860 0.023295999999999997
861 0.07987200000000001
862 0.050752
863 0.039104
864 0.04825599999999999
865 0.0624
866 0.036607999999999995
867 0.042432
868 0.0
869 0.09152000000000002
870 0.037439999999999994
871 0.045759999999999995
872 0.029119999999999997
873 0.07072
874 0.045759999999999995
875 0.04991999999999999
876 0.04576
877 0.0208
878 0.08319999999999998
879 0.045759999999999995
880 0.04992
881 0.049920000000000006
882 0.02912
883 0.09152000000000002
884 0.0208
885 0.09152
886 0.04576
887 0.06655999999999998
888 0.0416
889 0.07072
890 0.04159999999999999
891 0.0416
892 0.06239999999999999
893 0.03328
894 0.0624
895 0.05408
896 0.02496
897 0.07488
898 0.054079999999999996
899 0.03744
900 0.024960000000000003
901 0.045759999999999995
902 0.05823999999999999
903 0.04991999999999999
904 0.04159999999999999
905 0.0208
906 0.07071999999999998
907 0.045759999999999995
908 0.04992
909 0.045759999999999995
910 0.0208
911 0.08736
912 0.04409599999999999
913 0.046591999999999995
914 0.038272
915 0.06822399999999999
916 0.059904
917 0.042432
918 0.07072
919 0.037439999999999994
920 0.07820799999999999
921 0.054912
922 0.0208
923 0.07904000000000001
924 0.0624
925 0.054079999999999996
926 0.029119999999999997
927 0.0624
928 0.03744
929 0.0624
930 0.049920000000000006
931 0.03328
932 0.0624
933 0.01664
934 0.054079999999999996
935 0.05408
936 0.037439999999999994
937 0.045759999999999995
938 0.05824
939 0.0208
940 0.07072
941 0.045759999999999995
942 0.03744
943 0.05824
944 0.02912
945 0.07904
946 0.04159999999999999
947 0.024959999999999996
948 0.07071999999999998
949 0.07071999999999999
950 0.037439999999999994
951 0.07072
952 0.0624
953 0.04992
954 0.05823999999999999
955 0.03744
956 0.054079999999999996
957 0.0624
958 0.05408
959 0.049920000000000006
960 0.054079999999999996
961 0.024959999999999996
962 0.07071999999999998
963 0.05824
964 0.027455999999999998
965 0.055743999999999995
966 0.054079999999999996
967 0.03328
968 0.053248000000000004
969 0.045759999999999995
970 0.017471999999999998
971 0.057407999999999994
972 0.042432
973 0.0624
974 0.04159999999999999
975 0.024959999999999996
976 0.07488
977 0.03328
978 0.06656
979 0.04576
980 0.05824
981 0.04159999999999999
982 0.06656000000000001
983 0.05824
984 0.045759999999999995
985 0.06240000000000001
986 0.06656000000000001
987 0.049920000000000006
988 0.037439999999999994
989 0.0416
990 0.07488
991 0.05408
992 0.045759999999999995
993 0.02496
994 0.07487999999999999
995 0.04992
996 0.0624
997 0.0416
998 0.037439999999999994
999 0.04576
