0 1
1 6
2 11
3 1
4 4
5 5.93074
6 6.73066
7 7.70967
8 8.80756
9 9.88378
10 10.9449
11 11.9951
12 1
13 6.16667
14 7.89158
15 9.29742
16 10.419
17 11.5177
18 12.5196
19 1
20 6
21 7.76276
22 9.18859
23 10.419
24 11.5177
25 1
26 2
27 7.08293
28 8.62359
29 9.92511
30 11.0733
31 12.1123
32 12.914
33 2
34 7.08293
35 8.62359
36 9.92511
37 11.0733
38 12.1123
39 12.914
40 2
41 6.93882
42 8.26582
43 9.40498
44 10.419
45 11.4302
46 12.4392
47 1
48 4
49 7.36254
50 8.62359
51 9.72043
52 10.7978
53 11.8611
54 12.8361
55 1
56 6.64099
57 8.26582
58 9.51131
59 10.6101
60 11.6907
61 12.6789
62 1
63 6.16667
64 7.89158
65 9.40498
66 10.6101
67 11.6907
68 12.6789
69 1
70 6.16667
71 7.89158
72 9.29742
73 10.515
74 11.5177
75 1
76 5.39231
77 7.30649
78 8.80756
79 10.0851
80 11.2168
81 12.2435
82 1
83 2
84 7.08293
85 8.62359
86 9.92511
87 11.0733
88 12.1949
89 1
90 2
91 7.08293
92 8.62359
93 9.92511
94 11.0733
95 12.1123
96 12.914
97 2
98 7.08293
99 8.62359
100 9.92511
101 11.0733
102 12.1123
103 12.914
104 2
105 6.93882
106 8.50603
107 9.82331
108 10.9822
109 12.0292
110 12.914
111 1
112 6.93882
113 8.50603
114 9.82331
115 10.9822
116 12.0292
117 12.914
118 1
119 6.93882
120 8.50603
121 9.82331
122 10.9822
123 12.0292
124 12.914
125 1
126 6.79157
127 8.3868
128 9.72043
129 10.8904
130 11.9455
131 12.914
132 1
133 6.79157
134 8.3868
135 9.72043
136 10.8904
137 11.9455
138 12.914
139 1
140 6.79157
141 8.3868
142 9.72043
143 10.8904
144 11.9455
145 12.914
146 1
147 6.64099
148 8.26582
149 9.61645
150 10.7978
151 11.8611
152 12.8361
153 1
154 6.64099
155 8.26582
156 9.61645
157 10.7978
158 11.8611
159 1
160 5
161 7.63173
162 9.07844
163 10.3222
164 11.4302
165 12.4392
166 1
167 4
168 7.49836
169 8.96692
170 10.2244
171 11.342
172 12.3583
173 1
174 4
175 7.49836
176 8.96692
177 10.2244
178 11.342
179 12.3583
180 1
181 4
182 7.49836
183 8.96692
184 10.2244
185 11.342
186 12.3583
187 1
188 3
189 7.36254
190 8.85398
191 10.1256
192 11.2532
193 12.2769
194 1
195 3
196 7.36254
197 8.85398
198 10.1256
199 11.2532
200 12.2769
201 1
202 3
203 7.22412
204 8.73956
205 10.1256
206 11.2532
207 12.2769
208 1
209 2
210 7.22412
211 8.73956
212 10.0259
213 11.1636
214 12.1949
215 1
216 2
217 7.22412
218 8.73956
219 10.0259
220 11.0733
221 12.1123
222 12.914
223 2
224 6.93882
225 8.50603
226 9.82331
227 10.9822
228 12.0292
229 12.914
230 2
231 6.93882
232 8.50603
233 9.82331
234 10.9822
235 12.0292
236 12.914
237 1
238 6.93882
239 8.50603
240 9.82331
241 10.9822
242 12.0292
243 12.914
244 1
245 6.79157
246 8.3868
247 9.72043
248 10.8904
249 11.9455
250 12.914
251 1
252 6.79157
253 8.3868
254 9.72043
255 10.8904
256 11.9455
257 12.914
258 1
259 6.79157
260 8.3868
261 9.72043
262 10.8904
263 11.9455
264 12.914
265 1
266 6.64099
267 8.26582
268 9.61645
269 10.7978
270 11.8611
271 12.8361
272 1
273 6.64099
274 8.26582
275 9.61645
276 10.7978
277 11.8611
278 12.8361
279 1
280 6.32883
281 7.36254
282 8.50603
283 9.61645
284 10.7044
285 11.7762
286 1
287 4
288 7.49836
289 8.85398
290 9.92511
291 10.9822
292 11.9455
293 1
294 6.09935
295 7.83937
296 9.14389
297 10.1843
298 11.2168
299 12.2435
300 1
301 2
302 7.08293
303 8.3868
304 9.51131
305 10.419
306 11.5177
307 1
308 5
309 7.0246
310 8.57591
311 9.67822
312 10.7599
313 11.8266
314 12.8043
315 1
316 6.16667
317 7.63173
318 8.62359
319 9.61645
320 10.7044
321 1
322 4
323 6.42297
324 7.30649
325 8.21603
326 9.46815
327 10.5715
328 11.6557
329 12.6466
330 1
331 5
332 7.22412
333 8.14301
334 9.29742
335 10.419
336 11.5177
337 12.5196
338 1
339 4
340 7.22412
341 8.14301
342 9.18859
343 10.3222
344 11.4302
345 12.4392
346 1
347 4
348 7.08293
349 8.14301
350 9.07844
351 10.2244
352 11.342
353 12.3583
354 1
355 4
356 6.93882
357 8.14301
358 9.07844
359 10.1256
360 11.2532
361 12.1949
362 1
363 6.79157
364 8.26582
365 9.40498
366 10.515
367 11.5177
368 1
369 5.2
370 7.16696
371 8.33774
372 9.46815
373 10.5715
374 11.5692
375 1
376 5.57776
377 7.44335
378 8.57591
379 9.67822
380 10.7599
381 11.7415
382 1
383 5.93074
384 7.70967
385 8.80756
386 9.88378
387 10.9449
388 11.9112
389 1
390 6.09935
391 7.70967
392 8.9211
393 9.98495
394 11.0363
395 11.9112
396 2
397 6.42297
398 7.96694
399 8.9211
400 9.98495
401 11.0363
402 11.9112
403 2
404 6.09935
405 7.5777
406 8.80756
407 9.67822
408 10.6661
409 1
410 5
411 6.42297
412 7.30649
413 8.33774
414 9.57377
415 10.6661
416 11.7415
417 12.7257
418 1
419 6
420 7.22412
421 8.26582
422 9.40498
423 10.515
424 11.6045
425 12.5995
426 1
427 4
428 7.22412
429 8.14301
430 9.18859
431 10.3222
432 11.5177
433 12.2769
434 2
435 6.93882
436 8.50603
437 9.51131
438 10.6101
439 11.6907
440 1
441 5.57776
442 7.44335
443 8.80756
444 9.67822
445 10.7599
446 11.8266
447 12.8043
448 1
449 6.16667
450 7.22412
451 8.26582
452 9.40498
453 10.515
454 11.6045
455 12.5995
456 1
457 5
458 7.22412
459 8.14301
460 9.29742
461 10.419
462 11.5177
463 12.5196
464 1
465 4
466 7.08293
467 8.14301
468 9.18859
469 10.3222
470 11.4302
471 12.4392
472 1
473 4
474 6.93882
475 8.14301
476 9.07844
477 10.1256
478 11.2532
479 12.2769
480 1
481 3
482 6.79157
483 8.0183
484 9.07844
485 10.0259
486 11.1636
487 12.1949
488 1
489 6.64099
490 8.26582
491 9.29742
492 10.419
493 11.5177
494 1
495 5.2
496 7.16696
497 8.33774
498 9.46815
499 10.5715
500 11.5692
501 1
502 5.39231
503 7.30649
504 8.45768
505 9.57377
506 10.6661
507 11.6557
508 1
509 5.75704
510 7.5777
511 8.69252
512 9.78154
513 10.8528
514 11.8266
515 1
516 6.09935
517 7.70967
518 8.9211
519 9.98495
520 11.0363
521 11.9112
522 2
523 6.26331
524 7.5777
525 8.80756
526 9.88378
527 10.9449
528 11.9112
529 1
530 6.09935
531 7.30649
532 8.45768
533 9.57377
534 10.5715
535 1
536 4
537 6.09935
538 7.16696
539 8.21603
540 9.14389
541 10.2825
542 11.3944
543 1
544 5
545 7.0246
546 8.21603
547 9.36133
548 10.476
549 11.4821
550 1
551 5.2
552 7.16696
553 8.33774
554 9.46815
555 10.5715
556 11.5692
557 1
558 5.57776
559 7.44335
560 8.57591
561 9.67822
562 10.7599
563 11.7415
564 1
565 5.93074
566 7.5777
567 8.80756
568 9.67822
569 10.7599
570 11.7415
571 1
572 5.75704
573 7.30649
574 8.45768
575 9.57377
576 10.6661
577 11.6557
578 1
579 5.57776
580 6.87924
581 8.09245
582 9.14389
583 10.0851
584 11.2168
585 12.2435
586 1
587 2
588 6.64099
589 7.89158
590 8.96692
591 10.0259
592 11.0733
593 12.1123
594 1
595 6.48684
596 8.14301
597 9.18859
598 10.3222
599 11.4302
600 1
601 4
602 6.87924
603 8.09245
604 9.25326
605 10.3797
606 11.3944
607 12.4063
608 1
609 4
610 7.49836
611 8.96692
612 10.2244
613 11.342
614 1
615 4
616 6.87924
617 8.45768
618 9.78154
619 10.9449
620 11.9951
621 12.96
622 1
623 6.64099
624 8.26582
625 9.29742
626 10.419
627 11.5177
628 12.5196
629 1
630 6
631 7.76276
632 9.18859
633 10.3222
634 11.342
635 12.3583
636 1
637 4
638 7.49836
639 8.96692
640 10.2244
641 11.342
642 12.3583
643 1
644 3
645 7.36254
646 8.85398
647 10.1256
648 11.2532
649 12.2769
650 1
651 3
652 7.36254
653 8.85398
654 10.1256
655 11.2532
656 12.2769
657 1
658 3
659 7.36254
660 8.85398
661 10.0259
662 11.0733
663 12.1123
664 12.914
665 2
666 6.93882
667 8.50603
668 9.82331
669 10.9822
670 12.0292
671 12.914
672 1
673 6.93882
674 8.50603
675 9.82331
676 10.9822
677 12.0292
678 12.914
679 1
680 6.79157
681 8.50603
682 9.82331
683 10.9822
684 12.0292
685 12.914
686 1
687 6.79157
688 8.3868
689 9.72043
690 10.8904
691 11.9455
692 12.914
693 1
694 6.79157
695 8.3868
696 9.72043
697 10.8904
698 11.9455
699 12.914
700 1
701 6.64099
702 8.26582
703 9.61645
704 10.7978
705 11.9455
706 12.914
707 1
708 6.64099
709 8.26582
710 9.61645
711 10.7978
712 11.8611
713 12.8361
714 1
715 6.64099
716 8.26582
717 9.61645
718 10.7978
719 11.8611
720 12.8361
721 1
722 6.48684
723 8.14301
724 9.51131
725 10.7044
726 11.7762
727 12.7577
728 1
729 6.48684
730 8.14301
731 9.51131
732 10.7044
733 11.7762
734 12.7577
735 1
736 6.48684
737 8.14301
738 9.51131
739 10.7044
740 11.7762
741 12.7577
742 1
743 6.32883
744 8.0183
745 9.40498
746 10.6101
747 11.6907
748 12.6789
749 1
750 6.32883
751 8.0183
752 9.40498
753 10.6101
754 11.6907
755 12.6789
756 1
757 6.32883
758 8.0183
759 9.07844
760 10.1256
761 11.1636
762 12.1949
763 1
764 2
765 7.08293
766 8.62359
767 9.82331
768 10.8904
769 11.9455
770 12.914
771 1
772 6.79157
773 8.3868
774 9.72043
775 10.8904
776 11.9455
777 12.914
778 1
779 6.79157
780 8.3868
781 9.72043
782 10.8904
783 11.9455
784 12.914
785 1
786 6.64099
787 8.26582
788 9.61645
789 10.7978
790 11.8611
791 12.8361
792 1
793 6.32883
794 7.63173
795 8.73956
796 9.82331
797 10.7978
798 1
799 5.39231
800 6.42297
801 7.44335
802 8.57591
803 9.78154
804 10.8528
805 11.9112
806 12.8824
807 1
808 6.48684
809 7.89158
810 9.07844
811 10.0259
812 11.1636
813 11.9455
814 2
815 6.57866
816 7.83937
817 9.03319
818 10.0851
819 11.1269
820 11.9112
821 2
822 6.42297
823 7.70967
824 8.9211
825 9.98495
826 11.0363
827 11.9112
828 2
829 6.26331
830 7.44335
831 8.57591
832 9.67822
833 10.6661
834 1
835 4
836 6.26331
837 7.30649
838 8.21603
839 9.25326
840 10.3797
841 11.3944
842 1
843 5.2
844 7.0246
845 8.33774
846 9.46815
847 10.476
848 11.4821
849 1
850 5
851 7.0246
852 8.45768
853 9.36133
854 10.476
855 11.5692
856 1
857 5.39231
858 7.30649
859 8.45768
860 9.57377
861 10.6661
862 11.6557
863 1
864 5.75704
865 7.44335
866 8.69252
867 9.78154
868 10.8528
869 11.8266
870 12.8043
871 1
872 6.32883
873 8.0183
874 9.40498
875 10.6101
876 11.6045
877 1
878 5.57776
879 7.44335
880 8.9211
881 10.1843
882 11.3059
883 12.3252
884 1
885 3
886 7.22412
887 8.50603
888 9.61645
889 10.7044
890 11.7762
891 12.7577
892 1
893 6.32883
894 7.89158
895 9.07844
896 10.1256
897 11.1636
898 12.1949
899 1
900 2
901 7.22412
902 8.73956
903 10.0259
904 11.0733
905 12.1123
906 12.914
907 2
908 7.08293
909 8.62359
910 9.92511
911 11.0733
912 12.1123
913 12.914
914 2
915 6.93882
916 8.50603
917 9.82331
918 10.9822
919 12.0292
920 1
921 6.64099
922 8.26582
923 9.61645
924 10.7978
925 11.8611
926 12.8361
927 1
928 6.48684
929 8.26582
930 9.61645
931 10.7978
932 11.8611
933 12.8361
934 1
935 6.48684
936 8.14301
937 9.51131
938 10.7044
939 11.7762
940 12.7577
941 1
942 6.48684
943 8.14301
944 9.51131
945 10.7044
946 11.7762
947 12.7577
948 1
949 6.32883
950 7.63173
951 8.85398
952 10.0259
953 11.0733
954 12.1123
955 12.914
956 2
957 6.93882
958 8.14301
959 9.29742
960 10.419
961 11.4302
962 12.4392
963 1
964 5
965 7.63173
966 9.07844
967 10.2244
968 11.2532
969 12.2769
970 1
971 3
972 7.22412
973 8.62359
974 9.72043
975 10.7978
976 11.8611
977 1
978 5.93074
979 7.70967
980 9.03319
981 10.0851
982 11.1269
983 12.1613
984 12.96
985 2
986 6.32883
987 7.63173
988 8.85398
989 9.92511
990 10.9822
991 12.0292
992 12.914
993 1
994 6.64099
995 8.0183
996 9.18859
997 10.2244
998 11.2532
999 1
