0 1
1 2.5
2 3.55301
3 1
4 2.5
5 4.09525
6 4.78871
7 1
8 2.9
9 4.33944
10 5.57555
11 6.72885
12 1
13 3.33333
14 4.84749
15 5.97588
16 6.77034
17 8.00038
18 8.83778
19 2
20 4.92064
21 6.51909
22 7.3909
23 1
24 2
25 4.63158
26 5.97588
27 6.77034
28 1
29 3.33333
30 5.05378
31 6.46458
32 1
33 2
34 3.33333
35 4.63158
36 1
37 2.9
38 4.33944
39 5.19763
40 5.92867
41 2.5
42 4.09525
43 5.19763
44 6.09735
45 6.87746
46 3
47 4.16441
48 5.44207
49 6.61927
50 7.61288
51 8.60696
52 1
53 4.25
54 5.86441
55 7.25303
56 7.91801
57 1
58 4.16441
59 5.80357
60 6.77034
61 1
62 3.33333
63 5.05378
64 5.97588
65 6.91805
66 2
67 3.33333
68 4.16441
69 4.84749
70 2.9
71 3.83446
72 5.19763
73 5.92867
74 2
75 3.55301
76 4.99753
77 6.09735
78 6.87746
79 2
80 4.16441
81 5.05378
82 6.14322
83 7.343
84 8.48916
85 1
86 4
87 5.68862
88 6.82236
89 7.91801
90 1
91 3.33333
92 5.05378
93 6.46458
94 1
95 2
96 4.16441
97 5.97588
98 6.77034
99 1
100 3.33333
101 4.16441
102 4.84749
103 2
104 3.55301
105 4.33944
106 5.57555
107 1
108 3.24483
109 4.33944
110 5.75491
111 6.87746
112 1
113 3.63333
114 5.05378
115 5.97588
116 6.91805
117 8.24844
118 1
119 2
120 5.12386
121 6.51909
122 7.5262
123 1
124 3
125 5.05378
126 5.97588
127 6.91805
128 2
129 3.90856
130 5.44207
131 6.77034
132 1
133 2
134 3.90856
135 4.84749
136 1
137 3.24483
138 4.33944
139 5.19763
140 5.92867
141 2.9
142 4.33944
143 5.19763
144 6.26135
145 1
146 3.33333
147 4.40454
148 5.80357
149 6.77034
150 7.74424
151 8.83778
152 1
153 4.70824
154 6.20063
155 7.3909
156 7.91801
157 2
158 4.16441
159 5.97588
160 6.77034
161 1
162 3.33333
163 5.05378
164 6.306
165 1
166 2
167 3.33333
168 4.40454
169 1
170 2.9
171 4.33944
172 5.19763
173 5.92867
174 2
175 3.83446
176 5.19763
177 6.09735
178 6.87746
179 2
180 4.16441
181 5.25165
182 6.46458
183 7.61288
184 8.48916
185 1
186 4
187 5.68862
188 7.11243
189 7.91801
190 1
191 3.90856
192 5.44207
193 6.77034
194 1
195 2
196 4.63158
197 5.97588
198 6.77034
199 1
200 3.33333
201 4.16441
202 4.84749
203 2
204 3.55301
205 4.78871
206 5.92867
207 1
208 3.55301
209 4.56988
210 5.92867
211 6.87746
212 1
213 3.90856
214 5.05378
215 5.97588
216 7.20419
217 8.48916
218 1
219 4
220 5.50703
221 6.67249
222 7.78963
223 1
224 3.33333
225 5.05378
226 6.306
227 1
228 2
229 4.16441
230 5.80357
231 6.77034
232 1
233 3
234 4.16441
235 4.84749
236 2
237 3.55301
238 4.33944
239 5.39003
240 1
241 2.9
242 4.33944
243 5.39003
244 6.5768
245 1
246 3.33333
247 4.84749
248 5.97588
249 6.77034
250 8.00038
251 8.83778
252 2
253 4.92064
254 6.51909
255 7.3909
256 1
257 2
258 4.63158
259 5.97588
260 6.77034
261 1
262 3.33333
263 5.05378
264 6.46458
265 1
266 2
267 3.63333
268 4.84749
269 1
270 2.9
271 4.33944
272 5.19763
273 5.92867
274 2.9
275 4.33944
276 5.19763
277 6.09735
278 1
279 3.33333
280 4.16441
281 5.62582
282 6.77034
283 7.61288
284 8.72314
285 1
286 4.48529
287 6.03493
288 7.3909
289 7.91801
290 1
291 4.16441
292 5.80357
293 6.77034
294 1
295 3.33333
296 5.05378
297 5.97588
298 6.91805
299 2
300 3.33333
301 4.16441
302 4.84749
303 2.9
304 3.83446
305 5.19763
306 5.92867
307 2
308 3.55301
309 4.99753
310 6.09735
311 6.87746
312 2
313 4.16441
314 5.05378
315 6.14322
316 7.343
317 8.48916
318 1
319 4
320 5.68862
321 6.96893
322 7.91801
323 1
324 3.63333
325 5.25165
326 6.61927
327 1
328 2
329 4.40454
330 5.97588
331 6.77034
332 1
333 3.33333
334 4.16441
335 4.84749
336 2
337 3.55301
338 4.56988
339 5.75491
340 1
341 3.55301
342 4.33944
343 5.75491
344 6.87746
345 1
346 3.63333
347 5.05378
348 5.97588
349 6.91805
350 8.24844
351 1
352 2
353 5.12386
354 6.51909
355 7.5262
356 1
357 3
358 5.05378
359 5.97588
360 6.91805
361 2
362 3.90856
363 5.44207
364 6.77034
365 1
366 2
367 3.90856
368 4.84749
369 1
370 3.55301
371 4.33944
372 5.19763
373 5.92867
374 2.9
375 4.33944
376 5.19763
377 6.42106
378 1
379 3.33333
380 4.63158
381 5.97588
382 6.77034
383 7.87337
384 8.83778
385 2
386 4.92064
387 6.36191
388 7.3909
389 7.91801
390 2
391 4.40454
392 5.97588
393 6.77034
394 1
395 3.33333
396 5.05378
397 6.306
398 1
399 2
400 3.33333
401 4.40454
402 1
403 2.9
404 4.33944
405 5.19763
406 5.92867
407 2
408 3.83446
409 5.19763
410 6.09735
411 6.87746
412 2
413 4.16441
414 5.25165
415 6.46458
416 7.61288
417 8.48916
418 1
419 4
420 5.68862
421 7.11243
422 7.91801
423 1
424 4.16441
425 5.62582
426 6.77034
427 1
428 3
429 4.84749
430 5.97588
431 6.91805
432 1
433 3.33333
434 4.16441
435 4.84749
436 2.5
437 3.55301
438 4.99753
439 5.92867
440 1
441 3.55301
442 4.78871
443 6.09735
444 6.87746
445 2
446 4.16441
447 5.05378
448 5.97588
449 7.20419
450 8.48916
451 1
452 4
453 5.50703
454 6.67249
455 7.78963
456 1
457 3.33333
458 5.05378
459 6.306
460 1
461 2
462 4.16441
463 5.80357
464 6.77034
465 1
466 3
467 4.16441
468 4.84749
469 2
470 3.55301
471 4.33944
472 5.39003
473 1
474 3.24483
475 4.33944
476 5.57555
477 6.72885
478 1
479 3.33333
480 5.05378
481 5.97588
482 6.77034
483 8.12537
484 1
485 2
486 4.92064
487 6.51909
488 7.3909
489 1
490 2
491 4.84749
492 5.97588
493 6.91805
494 1
495 3.63333
496 5.25165
497 6.61927
498 1
499 2
500 3.63333
501 4.84749
502 1
503 2.9
504 4.33944
505 5.19763
506 5.92867
507 2.9
508 4.33944
509 5.19763
510 6.09735
511 1
512 3.33333
513 4.16441
514 5.62582
515 6.77034
516 7.61288
517 8.72314
518 1
519 4.48529
520 6.03493
521 7.3909
522 7.91801
523 1
524 4.16441
525 5.80357
526 6.77034
527 1
528 3.33333
529 5.05378
530 6.14322
531 6.91805
532 2
533 3.33333
534 4.16441
535 1
536 2.9
537 4.09525
538 5.19763
539 5.92867
540 2
541 3.55301
542 5.19763
543 6.09735
544 6.87746
545 2
546 4.16441
547 5.05378
548 6.306
549 7.47918
550 8.48916
551 1
552 4
553 5.68862
554 6.96893
555 7.91801
556 1
557 3.63333
558 5.25165
559 6.61927
560 1
561 2
562 4.40454
563 5.97588
564 6.77034
565 1
566 3.33333
567 4.16441
568 4.84749
569 2
570 3.55301
571 4.56988
572 5.75491
573 1
574 3.55301
575 4.33944
576 5.75491
577 6.87746
578 1
579 3.90856
580 5.05378
581 5.97588
582 7.0626
583 8.36968
584 1
585 3
586 5.31903
587 6.51909
588 7.65907
589 1
590 3.33333
591 5.05378
592 6.14322
593 6.91805
594 2
595 4.16441
596 5.62582
597 6.77034
598 1
599 2
600 4.16441
601 4.84749
602 2
603 3.55301
604 4.33944
605 5.19763
606 5.92867
607 2.9
608 4.33944
609 5.19763
610 6.42106
611 1
612 3.33333
613 4.63158
614 5.97588
615 6.77034
616 7.87337
617 8.83778
618 2
619 4.92064
620 6.36191
621 7.3909
622 7.91801
623 2
624 4.40454
625 5.97588
626 6.77034
627 1
628 3.33333
629 5.05378
630 6.46458
631 1
632 2
633 3.33333
634 4.63158
635 1
636 2.9
637 4.33944
638 5.19763
639 5.92867
640 2.5
641 4.09525
642 5.19763
643 6.09735
644 6.87746
645 3
646 4.16441
647 5.44207
648 6.61927
649 7.61288
650 8.60696
651 1
652 4.25
653 5.86441
654 7.25303
655 7.91801
656 1
657 4.16441
658 5.62582
659 6.77034
660 1
661 3
662 4.84749
663 5.97588
664 6.91805
665 1
666 3.33333
667 4.16441
668 4.84749
669 2.5
670 3.55301
671 4.99753
672 5.92867
673 1
674 3.55301
675 4.78871
676 6.09735
677 6.87746
678 2
679 4.16441
680 5.05378
681 5.97588
682 7.343
683 8.48916
684 1
685 4
686 5.68862
687 6.82236
688 7.91801
689 1
690 3.33333
691 5.05378
692 6.46458
693 1
694 2
695 4.16441
696 5.97588
697 6.77034
698 1
699 3.33333
700 4.16441
701 4.84749
702 2
703 3.55301
704 4.33944
705 5.57555
706 1
707 3.24483
708 4.33944
709 5.57555
710 6.72885
711 1
712 3.33333
713 5.05378
714 5.97588
715 6.77034
716 8.12537
717 1
718 2
719 4.92064
720 6.51909
721 7.3909
722 1
723 2
724 4.84749
725 5.97588
726 6.91805
727 1
728 3.63333
729 5.25165
730 6.61927
731 1
732 2
733 3.63333
734 4.84749
735 1
736 3.24483
737 4.33944
738 5.19763
739 5.92867
740 2.9
741 4.33944
742 5.19763
743 6.26135
744 1
745 3.33333
746 4.40454
747 5.80357
748 6.77034
749 7.74424
750 8.83778
751 1
752 4.70824
753 6.20063
754 7.3909
755 7.91801
756 2
757 4.16441
758 5.97588
759 6.77034
760 1
761 3.33333
762 5.05378
763 6.14322
764 6.91805
765 2
766 3.33333
767 4.16441
768 1
769 2.9
770 4.09525
771 5.19763
772 5.92867
773 2
774 3.55301
775 5.19763
776 6.09735
777 6.87746
778 2
779 4.16441
780 5.05378
781 6.306
782 7.47918
783 8.48916
784 1
785 4
786 5.68862
787 7.11243
788 7.91801
789 1
790 3.90856
791 5.44207
792 6.77034
793 1
794 2
795 4.63158
796 5.97588
797 6.77034
798 1
799 3.33333
800 4.16441
801 4.84749
802 2
803 3.55301
804 4.78871
805 5.92867
806 1
807 3.55301
808 4.56988
809 5.92867
810 6.87746
811 1
812 3.90856
813 5.05378
814 5.97588
815 7.0626
816 8.36968
817 1
818 3
819 5.31903
820 6.51909
821 7.65907
822 1
823 3.33333
824 5.05378
825 6.14322
826 6.91805
827 2
828 4.16441
829 5.62582
830 6.77034
831 1
832 2
833 4.16441
834 4.84749
835 2
836 3.55301
837 4.33944
838 5.39003
839 1
840 2.9
841 4.33944
842 5.39003
843 6.5768
844 1
845 3.33333
846 4.84749
847 5.97588
848 6.77034
849 8.00038
850 8.83778
851 2
852 4.92064
853 6.51909
854 7.3909
855 1
856 2
857 4.63158
858 5.97588
859 6.77034
860 1
861 3.33333
862 5.05378
863 6.46458
864 1
865 2
866 3.33333
867 4.63158
868 1
869 2.9
870 4.33944
871 5.19763
872 5.92867
873 2.5
874 4.09525
875 5.19763
876 6.09735
877 6.87746
878 3
879 4.16441
880 5.44207
881 6.61927
882 7.61288
883 8.60696
884 1
885 4.25
886 5.86441
887 7.25303
888 7.91801
889 1
890 4.16441
891 5.80357
892 6.77034
893 1
894 3.33333
895 5.05378
896 5.97588
897 6.91805
898 2
899 3.33333
900 4.16441
901 4.84749
902 2.9
903 3.83446
904 5.19763
905 5.92867
906 2
907 3.55301
908 4.99753
909 6.09735
910 6.87746
911 2
912 4.16441
913 5.05378
914 6.14322
915 7.343
916 8.48916
917 1
918 4
919 5.68862
920 6.82236
921 7.91801
922 1
923 3.33333
924 5.05378
925 6.46458
926 1
927 2
928 4.16441
929 5.97588
930 6.77034
931 1
932 3.33333
933 4.16441
934 4.84749
935 2
936 3.55301
937 4.33944
938 5.57555
939 1
940 3.24483
941 4.33944
942 5.75491
943 6.87746
944 1
945 3.63333
946 5.05378
947 5.97588
948 6.91805
949 8.24844
950 1
951 2
952 5.12386
953 6.51909
954 7.5262
955 1
956 3
957 5.05378
958 5.97588
959 6.91805
960 2
961 3.90856
962 5.44207
963 6.77034
964 1
965 2
966 3.90856
967 4.84749
968 1
969 3.24483
970 4.33944
971 5.19763
972 5.92867
973 2.9
974 4.33944
975 5.19763
976 6.26135
977 1
978 3.33333
979 4.40454
980 5.80357
981 6.77034
982 7.74424
983 8.83778
984 1
985 4.70824
986 6.20063
987 7.3909
988 7.91801
989 2
990 4.16441
991 5.97588
992 6.77034
993 1
994 3.33333
995 5.05378
996 6.306
997 1
998 2
999 3.33333
