0 1
1 2.5
2 3.55301
3 1
4 2.9
5 3.83446
6 4.99753
7 6.09735
8 7.30482
9 8.45624
10 9.5725
11 10.665
12 11.7404
13 12.7247
14 1
15 6
16 7.22412
17 8.26582
18 9.40498
19 10.515
20 11.6045
21 12.5995
22 1
23 6.16667
24 7.89158
25 9.07844
26 10.1256
27 11.2532
28 12.2769
29 1
30 3
31 7.36254
32 8.50603
33 9.61645
34 10.7044
35 11.7762
36 12.7577
37 1
38 6.48684
39 8.0183
40 9.18859
41 10.2244
42 11.2532
43 12.2769
44 1
45 3
46 7.36254
47 8.85398
48 10.1256
49 11.1636
50 12.1949
51 1
52 2
53 7.22412
54 8.73956
55 10.0259
56 11.1636
57 12.1949
58 1
59 2
60 7.22412
61 8.73956
62 10.0259
63 11.1636
64 12.1949
65 1
66 2
67 7.08293
68 8.73956
69 10.0259
70 11.1636
71 12.1949
72 1
73 2
74 7.08293
75 8.62359
76 10.0259
77 11.1636
78 12.1949
79 1
80 2
81 7.08293
82 8.62359
83 9.92511
84 11.1636
85 12.1949
86 1
87 2
88 7.08293
89 8.62359
90 9.92511
91 11.1636
92 12.1949
93 1
94 2
95 6.16667
96 7.36254
97 8.50603
98 9.61645
99 10.6101
100 11.6045
101 12.5995
102 1
103 6.16667
104 7.89158
105 9.18859
106 10.2244
107 11.2532
108 12.2769
109 1
110 3
111 7.36254
112 8.85398
113 10.0259
114 11.0733
115 12.1123
116 12.914
117 2
118 7.08293
119 8.62359
120 9.92511
121 11.0733
122 12.1123
123 12.914
124 2
125 7.08293
126 8.62359
127 9.82331
128 10.8904
129 11.9455
130 12.914
131 1
132 6.79157
133 8.3868
134 9.72043
135 10.8904
136 11.9455
137 12.914
138 1
139 6.79157
140 8.3868
141 9.72043
142 10.8904
143 11.9455
144 12.914
145 1
146 6.79157
147 8.3868
148 9.72043
149 10.8904
150 11.9455
151 12.914
152 1
153 6.64099
154 8.0183
155 9.07844
156 10.1256
157 11.2532
158 1
159 3
160 6.57866
161 8.33774
162 9.57377
163 10.6661
164 11.7415
165 12.7257
166 1
167 6.16667
168 8.0183
169 9.40498
170 10.6101
171 11.6045
172 12.5995
173 1
174 6
175 7.76276
176 9.29742
177 10.515
178 11.6045
179 12.5995
180 1
181 6
182 7.76276
183 9.18859
184 10.515
185 11.6045
186 1
187 5.2
188 7.16696
189 8.69252
190 9.98495
191 11.1269
192 12.2435
193 1
194 2
195 7.08293
196 8.62359
197 9.92511
198 11.0733
199 12.1949
200 1
201 2
202 7.08293
203 8.62359
204 9.92511
205 11.0733
206 12.1123
207 1
208 2
209 7.08293
210 8.62359
211 9.92511
212 11.0733
213 12.1123
214 12.914
215 2
216 7.08293
217 8.62359
218 9.92511
219 11.0733
220 12.1123
221 12.914
222 2
223 7.08293
224 8.62359
225 9.92511
226 11.0733
227 12.1123
228 12.914
229 2
230 7.08293
231 8.62359
232 9.92511
233 11.0733
234 12.1123
235 12.914
236 2
237 7.08293
238 8.62359
239 9.92511
240 11.0733
241 12.1123
242 12.914
243 2
244 7.08293
245 8.62359
246 9.92511
247 11.0733
248 12.1123
249 12.914
250 2
251 7.08293
252 8.62359
253 9.92511
254 11.0733
255 12.1123
256 12.914
257 2
258 7.08293
259 8.62359
260 9.92511
261 11.0733
262 12.1123
263 12.914
264 2
265 7.08293
266 8.62359
267 9.92511
268 11.0733
269 12.1123
270 12.914
271 2
272 7.08293
273 8.62359
274 9.92511
275 11.0733
276 12.1123
277 12.914
278 2
279 7.08293
280 8.62359
281 9.92511
282 11.0733
283 12.1123
284 12.914
285 2
286 7.08293
287 8.62359
288 9.92511
289 11.0733
290 12.1123
291 12.914
292 2
293 7.08293
294 8.62359
295 9.92511
296 11.0733
297 12.1123
298 12.914
299 2
300 7.08293
301 8.62359
302 9.92511
303 11.0733
304 12.1123
305 12.914
306 2
307 7.08293
308 8.62359
309 9.92511
310 11.0733
311 12.1123
312 12.914
313 2
314 7.08293
315 8.62359
316 9.92511
317 11.0733
318 12.1123
319 12.914
320 2
321 7.08293
322 8.62359
323 9.92511
324 11.0733
325 12.1123
326 12.914
327 2
328 7.08293
329 8.62359
330 9.82331
331 10.8904
332 11.9455
333 12.914
334 1
335 6.79157
336 8.3868
337 9.72043
338 10.8904
339 11.9455
340 12.914
341 1
342 6.79157
343 8.3868
344 9.72043
345 10.8904
346 11.9455
347 12.914
348 1
349 6.79157
350 8.3868
351 9.72043
352 10.8904
353 11.9455
354 12.914
355 1
356 6.79157
357 8.3868
358 9.72043
359 10.8904
360 11.9455
361 12.914
362 1
363 6.79157
364 8.3868
365 9.72043
366 10.8904
367 11.9455
368 12.914
369 1
370 6.79157
371 8.3868
372 9.72043
373 10.8904
374 11.9455
375 12.914
376 1
377 6.79157
378 8.3868
379 9.72043
380 10.8904
381 11.9455
382 12.914
383 1
384 6.79157
385 8.3868
386 9.72043
387 10.8904
388 11.9455
389 12.914
390 1
391 6.79157
392 8.0183
393 9.18859
394 10.2244
395 11.2532
396 12.2769
397 1
398 3
399 7.36254
400 8.85398
401 9.82331
402 10.8904
403 11.9455
404 12.914
405 1
406 6.79157
407 8.3868
408 9.72043
409 10.8904
410 11.8611
411 1
412 6.09935
413 7.83937
414 9.25326
415 10.476
416 11.5692
417 12.567
418 1
419 6
420 7.76276
421 9.18859
422 10.419
423 11.5177
424 12.5196
425 1
426 4
427 7.22412
428 8.14301
429 9.18859
430 10.3222
431 11.4302
432 12.4392
433 1
434 4
435 7.08293
436 8.14301
437 9.07844
438 10.2244
439 11.342
440 12.3583
441 1
442 4
443 6.93882
444 8.14301
445 9.07844
446 10.1256
447 11.2532
448 12.2769
449 1
450 3
451 6.79157
452 8.0183
453 9.07844
454 10.0259
455 11.1636
456 12.1949
457 1
458 2
459 6.64099
460 7.89158
461 8.96692
462 10.0259
463 11.0733
464 12.1123
465 12.914
466 2
467 6.48684
468 7.76276
469 8.85398
470 9.92511
471 10.9822
472 12.0292
473 12.914
474 1
475 6.32883
476 7.63173
477 8.73956
478 9.82331
479 10.8904
480 11.9455
481 12.914
482 1
483 6.32883
484 7.49836
485 8.62359
486 9.72043
487 10.7978
488 11.9455
489 12.914
490 1
491 6.32883
492 7.49836
493 8.62359
494 9.72043
495 10.7978
496 11.8611
497 12.8361
498 1
499 6.32883
500 7.36254
501 8.50603
502 9.61645
503 10.7044
504 11.7762
505 12.7577
506 1
507 6.16667
508 7.22412
509 8.3868
510 9.51131
511 10.6101
512 11.6907
513 12.6789
514 1
515 6
516 7.22412
517 8.26582
518 9.40498
519 10.515
520 11.6045
521 12.5995
522 1
523 5
524 7.22412
525 8.14301
526 9.29742
527 10.419
528 11.5177
529 12.5196
530 1
531 4
532 7.22412
533 8.14301
534 9.18859
535 10.3222
536 11.4302
537 12.4392
538 1
539 4
540 7.08293
541 8.14301
542 9.07844
543 10.2244
544 11.342
545 12.3583
546 1
547 4
548 6.93882
549 8.14301
550 9.07844
551 10.1256
552 11.2532
553 12.2769
554 1
555 3
556 6.79157
557 8.0183
558 9.07844
559 10.0259
560 11.1636
561 12.1949
562 1
563 2
564 6.64099
565 7.89158
566 8.96692
567 10.0259
568 11.0733
569 12.1123
570 12.914
571 2
572 6.48684
573 7.76276
574 8.85398
575 9.92511
576 10.9822
577 12.0292
578 12.914
579 1
580 6.32883
581 7.63173
582 8.73956
583 9.82331
584 10.8904
585 11.9455
586 12.914
587 1
588 6.32883
589 7.49836
590 8.73956
591 9.82331
592 10.8904
593 11.9455
594 12.914
595 1
596 6.32883
597 7.49836
598 8.62359
599 9.72043
600 10.7978
601 11.8611
602 12.8361
603 1
604 6.32883
605 7.36254
606 8.50603
607 9.61645
608 10.7044
609 11.7762
610 12.7577
611 1
612 6.16667
613 7.22412
614 8.3868
615 9.51131
616 10.6101
617 11.6907
618 12.6789
619 1
620 6
621 7.22412
622 8.26582
623 9.40498
624 10.515
625 11.6045
626 12.5995
627 1
628 5
629 7.22412
630 8.14301
631 9.29742
632 10.419
633 11.5177
634 12.5196
635 1
636 4
637 7.22412
638 8.14301
639 9.18859
640 10.3222
641 11.4302
642 12.4392
643 1
644 4
645 7.08293
646 8.14301
647 9.07844
648 10.2244
649 11.342
650 12.3583
651 1
652 4
653 6.93882
654 8.14301
655 9.07844
656 10.1256
657 11.2532
658 12.2769
659 1
660 3
661 6.79157
662 8.0183
663 9.07844
664 10.0259
665 11.1636
666 12.1949
667 1
668 2
669 6.64099
670 7.89158
671 8.96692
672 10.0259
673 11.0733
674 12.1123
675 12.914
676 2
677 6.48684
678 7.76276
679 8.85398
680 9.92511
681 10.9822
682 12.0292
683 12.914
684 1
685 6.32883
686 7.63173
687 8.73956
688 9.82331
689 10.9822
690 12.0292
691 12.914
692 1
693 6.32883
694 7.63173
695 8.73956
696 9.82331
697 10.8904
698 11.9455
699 12.914
700 1
701 6.32883
702 7.49836
703 8.62359
704 9.72043
705 10.7978
706 11.8611
707 12.8361
708 1
709 6.32883
710 7.36254
711 8.50603
712 9.61645
713 10.7044
714 11.7762
715 12.7577
716 1
717 6.16667
718 7.22412
719 8.3868
720 9.51131
721 10.6101
722 11.6907
723 12.6789
724 1
725 6
726 7.22412
727 8.26582
728 9.40498
729 10.515
730 11.6045
731 12.5995
732 1
733 5
734 7.22412
735 8.14301
736 9.29742
737 10.419
738 11.5177
739 12.5196
740 1
741 4
742 7.22412
743 8.14301
744 9.18859
745 10.3222
746 11.4302
747 12.4392
748 1
749 4
750 7.08293
751 8.14301
752 9.07844
753 10.2244
754 11.342
755 12.3583
756 1
757 4
758 6.93882
759 8.14301
760 9.07844
761 10.1256
762 11.2532
763 12.2769
764 1
765 3
766 6.79157
767 8.0183
768 9.07844
769 10.0259
770 11.1636
771 12.1949
772 1
773 2
774 6.64099
775 7.89158
776 8.96692
777 10.0259
778 11.0733
779 12.1123
780 12.914
781 2
782 6.48684
783 7.76276
784 8.85398
785 9.92511
786 10.9822
787 12.1123
788 12.914
789 2
790 6.32883
791 7.76276
792 8.85398
793 9.92511
794 10.9822
795 12.0292
796 12.914
797 1
798 6.32883
799 7.63173
800 8.73956
801 9.82331
802 10.8904
803 11.9455
804 12.914
805 1
806 6.32883
807 7.49836
808 8.62359
809 9.72043
810 10.7978
811 11.8611
812 12.8361
813 1
814 6.32883
815 7.36254
816 8.50603
817 9.61645
818 10.7044
819 11.7762
820 12.7577
821 1
822 6.16667
823 7.22412
824 8.3868
825 9.51131
826 10.6101
827 11.6907
828 12.6789
829 1
830 6
831 7.22412
832 8.26582
833 9.40498
834 10.515
835 11.6045
836 12.5995
837 1
838 5
839 7.22412
840 8.14301
841 9.29742
842 10.419
843 11.5177
844 12.5196
845 1
846 4
847 7.22412
848 8.14301
849 9.18859
850 10.3222
851 11.4302
852 12.4392
853 1
854 4
855 7.08293
856 8.14301
857 9.07844
858 10.2244
859 11.342
860 12.3583
861 1
862 4
863 6.93882
864 8.14301
865 9.07844
866 10.1256
867 11.2532
868 12.2769
869 1
870 3
871 6.79157
872 8.0183
873 9.07844
874 10.0259
875 11.1636
876 12.1949
877 1
878 2
879 6.64099
880 7.89158
881 8.96692
882 10.0259
883 11.0733
884 12.1123
885 1
886 2
887 6.48684
888 7.76276
889 8.96692
890 10.0259
891 11.0733
892 12.1123
893 12.914
894 2
895 6.48684
896 7.76276
897 8.85398
898 9.92511
899 10.9822
900 12.0292
901 12.914
902 1
903 6.32883
904 7.63173
905 8.73956
906 9.82331
907 10.8904
908 11.9455
909 12.914
910 1
911 6.32883
912 7.49836
913 8.62359
914 9.72043
915 10.7978
916 11.8611
917 12.8361
918 1
919 6.32883
920 7.36254
921 8.50603
922 9.61645
923 10.7044
924 11.7762
925 12.7577
926 1
927 6.16667
928 7.22412
929 8.3868
930 9.51131
931 10.6101
932 11.6907
933 12.6789
934 1
935 6
936 7.22412
937 8.26582
938 9.40498
939 10.515
940 11.6045
941 12.5995
942 1
943 5
944 7.22412
945 8.14301
946 9.29742
947 10.419
948 11.5177
949 12.5196
950 1
951 4
952 7.22412
953 8.14301
954 9.18859
955 10.3222
956 11.4302
957 12.4392
958 1
959 4
960 7.08293
961 8.14301
962 9.07844
963 10.2244
964 11.342
965 12.3583
966 1
967 4
968 6.93882
969 8.14301
970 9.07844
971 10.1256
972 11.2532
973 12.2769
974 1
975 3
976 6.79157
977 8.0183
978 9.07844
979 10.0259
980 11.1636
981 12.1949
982 1
983 2
984 6.64099
985 7.89158
986 8.96692
987 10.0259
988 11.1636
989 12.1949
990 1
991 2
992 6.64099
993 7.89158
994 8.96692
995 10.0259
996 11.0733
997 12.1123
998 12.914
999 2
