0 1
1 6
2 9
3 2
4 4.48529
5 4.92064
6 1
7 3.55301
8 5.19763
9 6.09735
10 6.87746
11 2
12 4.16441
13 5.25165
14 6.46458
15 1
16 3.33333
17 4.63158
18 5.97588
19 6.77034
20 1
21 3.63333
22 5.05378
23 5.97588
24 6.91805
25 2
26 4.16441
27 5.25165
28 6.46458
29 1
30 3.33333
31 4.63158
32 5.97588
33 6.77034
34 1
35 3.63333
36 5.05378
37 5.97588
38 6.91805
39 2
40 4.16441
41 5.25165
42 6.46458
43 1
44 3.33333
45 4.63158
46 5.97588
47 6.77034
48 1
49 3.63333
50 5.05378
51 5.97588
52 6.91805
53 2
54 4.16441
55 5.25165
56 6.46458
57 1
58 3.33333
59 4.63158
60 5.97588
61 6.77034
62 1
63 3.90856
64 5.05378
65 5.97588
66 6.91805
67 2
68 4.16441
69 5.44207
70 6.61927
71 1
72 3.33333
73 4.84749
74 5.97588
75 6.77034
76 1
77 3.90856
78 5.05378
79 5.97588
80 6.91805
81 2
82 4.16441
83 5.44207
84 6.61927
85 1
86 3.33333
87 4.84749
88 5.97588
89 6.77034
90 1
91 3.90856
92 5.05378
93 5.97588
94 6.91805
95 2
96 4.16441
97 5.44207
98 6.61927
99 1
100 3.33333
101 4.84749
102 5.97588
103 6.77034
104 1
105 3.90856
106 5.05378
107 5.97588
108 6.91805
109 2
110 4.16441
111 5.44207
112 6.61927
113 1
114 3.33333
115 5.05378
116 5.97588
117 6.77034
118 1
119 4.16441
120 5.05378
121 6.14322
122 6.91805
123 2
124 4.16441
125 5.62582
126 6.77034
127 1
128 3.33333
129 5.05378
130 5.97588
131 6.77034
132 1
133 4.16441
134 5.05378
135 6.14322
136 6.91805
137 2
138 4.16441
139 5.62582
140 6.77034
141 1
142 3.33333
143 5.05378
144 5.97588
145 6.77034
146 1
147 4.16441
148 5.05378
149 6.14322
150 6.91805
151 2
152 4.16441
153 5.62582
154 6.77034
155 1
156 3.33333
157 5.05378
158 5.97588
159 6.77034
160 1
161 4.16441
162 5.05378
163 6.14322
164 6.91805
165 3
166 4.40454
167 5.80357
168 6.77034
169 1
170 3.33333
171 5.05378
172 5.97588
173 6.77034
174 1
175 4.16441
176 5.05378
177 6.306
178 1
179 3
180 4.40454
181 5.80357
182 6.77034
183 1
184 3.33333
185 5.05378
186 5.97588
187 6.77034
188 1
189 4.16441
190 5.05378
191 6.306
192 1
193 3
194 4.40454
195 5.80357
196 6.77034
197 1
198 3.33333
199 5.05378
200 5.97588
201 6.77034
202 1
203 4.16441
204 5.05378
205 6.306
206 1
207 3
208 4.40454
209 5.80357
210 6.77034
211 1
212 3.33333
213 5.05378
214 5.97588
215 6.77034
216 1
217 4.16441
218 5.25165
219 6.46458
220 1
221 3.33333
222 4.63158
223 5.97588
224 6.77034
225 1
226 3.63333
227 5.05378
228 5.97588
229 6.91805
230 2
231 4.16441
232 5.25165
233 6.46458
234 1
235 3.33333
236 4.63158
237 5.97588
238 6.77034
239 1
240 3.63333
241 5.05378
242 5.97588
243 6.91805
244 2
245 4.16441
246 5.25165
247 6.46458
248 1
249 3.33333
250 4.63158
251 5.97588
252 6.77034
253 1
254 3.63333
255 5.05378
256 5.97588
257 6.91805
258 2
259 4.16441
260 5.25165
261 6.46458
262 1
263 3.33333
264 4.63158
265 5.97588
266 6.77034
267 1
268 3.63333
269 5.05378
270 5.97588
271 6.91805
272 2
273 4.16441
274 5.44207
275 6.61927
276 1
277 3.33333
278 4.84749
279 5.97588
280 6.77034
281 1
282 3.90856
283 5.05378
284 5.97588
285 6.91805
286 2
287 4.16441
288 5.44207
289 6.61927
290 1
291 3.33333
292 4.84749
293 5.97588
294 6.77034
295 1
296 3.90856
297 5.05378
298 5.97588
299 6.91805
300 2
301 4.16441
302 5.44207
303 6.61927
304 1
305 3.33333
306 4.84749
307 5.97588
308 6.77034
309 1
310 3.90856
311 5.05378
312 5.97588
313 6.91805
314 2
315 4.16441
316 5.44207
317 6.61927
318 1
319 3.33333
320 4.84749
321 5.97588
322 6.77034
323 1
324 4.16441
325 5.05378
326 6.14322
327 6.91805
328 2
329 4.16441
330 5.62582
331 6.77034
332 1
333 3.33333
334 5.05378
335 5.97588
336 6.77034
337 1
338 4.16441
339 5.05378
340 6.14322
341 6.91805
342 2
343 4.16441
344 5.62582
345 6.77034
346 1
347 3.33333
348 5.05378
349 5.97588
350 6.77034
351 1
352 4.16441
353 5.05378
354 6.14322
355 6.91805
356 2
357 4.16441
358 5.62582
359 6.77034
360 1
361 3.33333
362 5.05378
363 5.97588
364 6.77034
365 1
366 4.16441
367 5.05378
368 6.14322
369 6.91805
370 2
371 4.16441
372 5.62582
373 6.77034
374 1
375 3.33333
376 5.05378
377 5.97588
378 6.77034
379 1
380 4.16441
381 5.05378
382 6.306
383 1
384 3
385 4.40454
386 5.80357
387 6.77034
388 1
389 3.33333
390 5.05378
391 5.97588
392 6.77034
393 1
394 4.16441
395 5.05378
396 6.306
397 1
398 3
399 4.40454
400 5.80357
401 6.77034
402 1
403 3.33333
404 5.05378
405 5.97588
406 6.77034
407 1
408 4.16441
409 5.05378
410 6.306
411 1
412 3
413 4.40454
414 5.80357
415 6.77034
416 1
417 3.33333
418 5.05378
419 5.97588
420 6.77034
421 1
422 4.16441
423 5.05378
424 6.306
425 1
426 3.33333
427 4.63158
428 5.97588
429 6.77034
430 1
431 3.63333
432 5.05378
433 5.97588
434 6.91805
435 2
436 4.16441
437 5.25165
438 6.46458
439 1
440 3.33333
441 4.63158
442 5.97588
443 6.77034
444 1
445 3.63333
446 5.05378
447 5.97588
448 6.91805
449 2
450 4.16441
451 5.25165
452 6.46458
453 1
454 3.33333
455 4.63158
456 5.97588
457 6.77034
458 1
459 3.63333
460 5.05378
461 5.97588
462 6.91805
463 2
464 4.16441
465 5.25165
466 6.46458
467 1
468 3.33333
469 4.63158
470 5.97588
471 6.77034
472 1
473 3.63333
474 5.05378
475 5.97588
476 6.91805
477 2
478 4.16441
479 5.44207
480 6.61927
481 1
482 3.33333
483 4.84749
484 5.97588
485 6.77034
486 1
487 3.90856
488 5.05378
489 5.97588
490 6.91805
491 2
492 4.16441
493 5.44207
494 6.61927
495 1
496 3.33333
497 4.84749
498 5.97588
499 6.77034
500 1
501 3.90856
502 5.05378
503 5.97588
504 6.91805
505 2
506 4.16441
507 5.44207
508 6.61927
509 1
510 3.33333
511 4.84749
512 5.97588
513 6.77034
514 1
515 3.90856
516 5.05378
517 5.97588
518 6.91805
519 2
520 4.16441
521 5.44207
522 6.61927
523 1
524 3.33333
525 4.84749
526 5.97588
527 6.77034
528 1
529 4.16441
530 5.05378
531 6.14322
532 6.91805
533 2
534 4.16441
535 5.62582
536 6.77034
537 1
538 3.33333
539 5.05378
540 5.97588
541 6.77034
542 1
543 4.16441
544 5.05378
545 6.14322
546 6.91805
547 2
548 4.16441
549 5.62582
550 6.77034
551 1
552 3.33333
553 5.05378
554 5.97588
555 6.77034
556 1
557 4.16441
558 5.05378
559 6.14322
560 6.91805
561 2
562 4.16441
563 5.62582
564 6.77034
565 1
566 3.33333
567 5.05378
568 5.97588
569 6.77034
570 1
571 4.16441
572 5.05378
573 6.14322
574 6.91805
575 2
576 4.16441
577 5.62582
578 6.77034
579 1
580 3.33333
581 5.05378
582 5.97588
583 6.77034
584 1
585 4.16441
586 5.05378
587 6.306
588 1
589 3
590 4.40454
591 5.80357
592 6.77034
593 1
594 3.33333
595 5.05378
596 5.97588
597 6.77034
598 1
599 4.16441
600 5.05378
601 6.306
602 1
603 3
604 4.40454
605 5.80357
606 6.77034
607 1
608 3.33333
609 5.05378
610 5.97588
611 6.77034
612 1
613 4.16441
614 5.05378
615 6.306
616 1
617 3
618 4.40454
619 5.80357
620 6.77034
621 1
622 3.33333
623 5.05378
624 5.97588
625 6.77034
626 1
627 4.16441
628 5.05378
629 6.306
630 1
631 3
632 4.40454
633 5.97588
634 6.77034
635 1
636 3.63333
637 5.05378
638 5.97588
639 6.91805
640 2
641 4.16441
642 5.25165
643 6.46458
644 1
645 3.33333
646 4.63158
647 5.97588
648 6.77034
649 1
650 3.63333
651 5.05378
652 5.97588
653 6.91805
654 2
655 4.16441
656 5.25165
657 6.46458
658 1
659 3.33333
660 4.63158
661 5.97588
662 6.77034
663 1
664 3.63333
665 5.05378
666 5.97588
667 6.91805
668 2
669 4.16441
670 5.25165
671 6.46458
672 1
673 3.33333
674 4.63158
675 5.97588
676 6.77034
677 1
678 3.63333
679 5.05378
680 5.97588
681 6.91805
682 2
683 4.16441
684 5.25165
685 6.61927
686 1
687 3.33333
688 4.84749
689 5.97588
690 6.77034
691 1
692 3.90856
693 5.05378
694 5.97588
695 6.91805
696 2
697 4.16441
698 5.44207
699 6.61927
700 1
701 3.33333
702 4.84749
703 5.97588
704 6.77034
705 1
706 3.90856
707 5.05378
708 5.97588
709 6.91805
710 2
711 4.16441
712 5.44207
713 6.61927
714 1
715 3.33333
716 4.84749
717 5.97588
718 6.77034
719 1
720 3.90856
721 5.05378
722 5.97588
723 6.91805
724 2
725 4.16441
726 5.44207
727 6.61927
728 1
729 3.33333
730 4.84749
731 5.97588
732 6.77034
733 1
734 3.90856
735 5.05378
736 5.97588
737 6.91805
738 2
739 4.16441
740 5.62582
741 6.77034
742 1
743 3.33333
744 5.05378
745 5.97588
746 6.77034
747 1
748 4.16441
749 5.05378
750 6.14322
751 6.91805
752 2
753 4.16441
754 5.62582
755 6.77034
756 1
757 3.33333
758 5.05378
759 5.97588
760 6.77034
761 1
762 4.16441
763 5.05378
764 6.14322
765 6.91805
766 2
767 4.16441
768 5.62582
769 6.77034
770 1
771 3.33333
772 5.05378
773 5.97588
774 6.77034
775 1
776 4.16441
777 5.05378
778 6.14322
779 6.91805
780 2
781 4.16441
782 5.62582
783 6.77034
784 1
785 3.33333
786 5.05378
787 5.97588
788 6.77034
789 1
790 4.16441
791 5.05378
792 6.306
793 1
794 3
795 4.40454
796 5.80357
797 6.77034
798 1
799 3.33333
800 5.05378
801 5.97588
802 6.77034
803 1
804 4.16441
805 5.05378
806 6.306
807 1
808 3
809 4.40454
810 5.80357
811 6.77034
812 1
813 3.33333
814 5.05378
815 5.97588
816 6.77034
817 1
818 4.16441
819 5.05378
820 6.306
821 1
822 3
823 4.40454
824 5.80357
825 6.77034
826 1
827 3.33333
828 5.05378
829 5.97588
830 6.77034
831 1
832 4.16441
833 5.05378
834 6.306
835 1
836 3
837 4.40454
838 5.80357
839 6.77034
840 1
841 3.63333
842 5.05378
843 5.97588
844 6.91805
845 2
846 4.16441
847 5.25165
848 6.46458
849 1
850 3.33333
851 4.63158
852 5.97588
853 6.77034
854 1
855 3.63333
856 5.05378
857 5.97588
858 6.91805
859 2
860 4.16441
861 5.25165
862 6.46458
863 1
864 3.33333
865 4.63158
866 5.97588
867 6.77034
868 1
869 3.63333
870 5.05378
871 5.97588
872 6.91805
873 2
874 4.16441
875 5.25165
876 6.46458
877 1
878 3.33333
879 4.63158
880 5.97588
881 6.77034
882 1
883 3.63333
884 5.05378
885 5.97588
886 6.91805
887 2
888 4.16441
889 5.25165
890 6.46458
891 1
892 3.33333
893 4.84749
894 5.97588
895 6.77034
896 1
897 3.90856
898 5.05378
899 5.97588
900 6.91805
901 2
902 4.16441
903 5.44207
904 6.61927
905 1
906 3.33333
907 4.84749
908 5.97588
909 6.77034
910 1
911 3.90856
912 5.05378
913 5.97588
914 6.91805
915 2
916 4.16441
917 5.44207
918 6.61927
919 1
920 3.33333
921 4.84749
922 5.97588
923 6.77034
924 1
925 3.90856
926 5.05378
927 5.97588
928 6.91805
929 2
930 4.16441
931 5.44207
932 6.61927
933 1
934 3.33333
935 4.84749
936 5.97588
937 6.77034
938 1
939 3.90856
940 5.05378
941 5.97588
942 6.91805
943 2
944 4.16441
945 5.62582
946 6.77034
947 1
948 3.33333
949 5.05378
950 5.97588
951 6.77034
952 1
953 4.16441
954 5.05378
955 6.14322
956 6.91805
957 2
958 4.16441
959 5.62582
960 6.77034
961 1
962 3.33333
963 5.05378
964 5.97588
965 6.77034
966 1
967 4.16441
968 5.05378
969 6.14322
970 6.91805
971 2
972 4.16441
973 5.62582
974 6.77034
975 1
976 3.33333
977 5.05378
978 5.97588
979 6.77034
980 1
981 4.16441
982 5.05378
983 6.14322
984 6.91805
985 2
986 4.16441
987 5.62582
988 6.77034
989 1
990 3.33333
991 5.05378
992 5.97588
993 6.77034
994 1
995 4.16441
996 5.05378
997 6.306
998 1
999 3
