0 1
1 6
2 11
3 1
4 5.39231
5 6.57866
6 7.70967
7 8.9211
8 9.98495
9 10.9449
10 11.9951
11 12.96
12 1
13 6.79157
14 8.26582
15 9.40498
16 10.515
17 11.6045
18 12.5995
19 1
20 6.16667
21 7.89158
22 9.18859
23 10.1256
24 11.2532
25 12.2769
26 1
27 6.48684
28 8.14301
29 9.51131
30 10.7044
31 11.6907
32 12.6789
33 1
34 6.32883
35 8.0183
36 9.40498
37 10.6101
38 11.6907
39 12.6789
40 1
41 6.32883
42 8.0183
43 9.40498
44 10.6101
45 11.6907
46 12.6789
47 1
48 6.32883
49 8.0183
50 9.40498
51 10.6101
52 11.6907
53 12.6789
54 1
55 6.32883
56 8.0183
57 9.29742
58 10.3222
59 11.342
60 12.3583
61 1
62 4
63 7.49836
64 8.96692
65 10.2244
66 11.2532
67 12.2769
68 1
69 3
70 7.36254
71 8.85398
72 10.1256
73 11.2532
74 12.2769
75 1
76 3
77 6.79157
78 8.0183
79 9.07844
80 10.0259
81 11.1636
82 12.1949
83 1
84 2
85 7.22412
86 8.73956
87 9.92511
88 11.0733
89 12.1123
90 12.914
91 2
92 7.08293
93 8.62359
94 9.92511
95 11.0733
96 11.9455
97 2
98 6.42297
99 8.09245
100 9.46815
101 10.6661
102 11.7415
103 12.7257
104 1
105 6.32883
106 8.0183
107 9.40498
108 10.6101
109 11.6907
110 12.6789
111 1
112 6
113 7.22412
114 8.26582
115 9.40498
116 10.515
117 11.6045
118 12.5995
119 1
120 5
121 7.22412
122 8.14301
123 9.29742
124 10.419
125 11.5177
126 12.5196
127 1
128 4
129 7.22412
130 8.14301
131 9.18859
132 10.3222
133 11.4302
134 12.4392
135 1
136 4
137 7.08293
138 8.14301
139 9.07844
140 10.2244
141 11.342
142 12.3583
143 1
144 4
145 6.93882
146 8.14301
147 9.07844
148 10.1256
149 11.2532
150 12.2769
151 1
152 3
153 6.79157
154 8.0183
155 9.07844
156 10.0259
157 11.1636
158 12.1949
159 1
160 2
161 6.64099
162 7.89158
163 8.96692
164 10.0259
165 11.0733
166 12.1123
167 12.914
168 2
169 6.48684
170 7.76276
171 8.85398
172 9.92511
173 10.9822
174 12.0292
175 12.914
176 2
177 6.48684
178 7.76276
179 8.85398
180 9.92511
181 10.9822
182 12.0292
183 12.914
184 1
185 6.32883
186 7.63173
187 8.73956
188 9.82331
189 10.8904
190 11.9455
191 12.914
192 1
193 6.32883
194 7.49836
195 8.62359
196 9.72043
197 10.7978
198 11.8611
199 12.8361
200 1
201 6.32883
202 7.36254
203 8.50603
204 9.61645
205 10.7044
206 11.7762
207 12.7577
208 1
209 6.16667
210 7.22412
211 8.3868
212 9.51131
213 10.6101
214 11.6907
215 12.6789
216 1
217 6
218 7.22412
219 8.26582
220 9.40498
221 10.515
222 11.6045
223 12.5995
224 1
225 5
226 7.22412
227 8.14301
228 9.29742
229 10.419
230 11.5177
231 12.5196
232 1
233 4
234 7.22412
235 8.14301
236 9.18859
237 10.3222
238 11.5177
239 12.5196
240 1
241 4
242 7.22412
243 8.14301
244 9.18859
245 10.3222
246 11.4302
247 12.4392
248 1
249 4
250 7.08293
251 8.14301
252 9.07844
253 10.2244
254 11.342
255 12.3583
256 1
257 4
258 6.93882
259 8.14301
260 9.07844
261 10.1256
262 11.2532
263 12.2769
264 1
265 3
266 6.79157
267 8.0183
268 9.07844
269 10.0259
270 11.1636
271 12.1949
272 1
273 2
274 6.64099
275 7.89158
276 8.96692
277 10.0259
278 11.0733
279 12.1123
280 12.914
281 2
282 6.48684
283 7.76276
284 8.85398
285 9.92511
286 10.9822
287 12.0292
288 12.914
289 1
290 6.32883
291 7.63173
292 8.73956
293 9.82331
294 10.8904
295 11.9455
296 12.914
297 1
298 6.32883
299 7.49836
300 8.73956
301 9.82331
302 10.8904
303 11.9455
304 12.914
305 1
306 6.32883
307 7.49836
308 8.62359
309 9.72043
310 10.7978
311 11.8611
312 12.8361
313 1
314 6.32883
315 7.36254
316 8.50603
317 9.61645
318 10.7044
319 11.7762
320 12.7577
321 1
322 6.16667
323 7.22412
324 8.3868
325 9.51131
326 10.6101
327 11.6907
328 12.6789
329 1
330 6
331 7.22412
332 8.26582
333 9.40498
334 10.515
335 11.6045
336 12.5995
337 1
338 5
339 7.22412
340 8.14301
341 9.29742
342 10.419
343 11.5177
344 12.5196
345 1
346 4
347 7.22412
348 8.14301
349 9.18859
350 10.3222
351 11.4302
352 12.4392
353 1
354 4
355 7.08293
356 8.14301
357 9.07844
358 10.2244
359 11.342
360 12.3583
361 1
362 4
363 7.08293
364 8.14301
365 9.07844
366 10.2244
367 11.342
368 12.3583
369 1
370 4
371 6.93882
372 8.14301
373 9.07844
374 10.1256
375 11.2532
376 12.2769
377 1
378 3
379 6.79157
380 8.0183
381 9.07844
382 10.0259
383 11.1636
384 12.1949
385 1
386 2
387 6.64099
388 7.89158
389 8.96692
390 10.0259
391 11.0733
392 12.1123
393 12.914
394 2
395 6.48684
396 7.76276
397 8.85398
398 9.92511
399 10.9822
400 12.0292
401 12.914
402 1
403 6.32883
404 7.63173
405 8.73956
406 9.82331
407 10.8904
408 11.9455
409 12.914
410 1
411 6.32883
412 7.49836
413 8.62359
414 9.72043
415 10.7978
416 11.8611
417 12.8361
418 1
419 6.32883
420 7.36254
421 8.50603
422 9.61645
423 10.7044
424 11.7762
425 12.8361
426 1
427 6.32883
428 7.36254
429 8.50603
430 9.61645
431 10.7044
432 11.7762
433 12.7577
434 1
435 6.16667
436 7.22412
437 8.3868
438 9.51131
439 10.6101
440 11.6907
441 12.6789
442 1
443 6
444 7.22412
445 8.26582
446 9.40498
447 10.515
448 11.6045
449 12.5995
450 1
451 5
452 7.22412
453 8.14301
454 9.29742
455 10.419
456 11.5177
457 12.5196
458 1
459 4
460 7.22412
461 8.14301
462 9.18859
463 10.3222
464 11.4302
465 12.4392
466 1
467 4
468 7.08293
469 8.14301
470 9.07844
471 10.2244
472 11.342
473 12.3583
474 1
475 4
476 6.93882
477 8.14301
478 9.07844
479 10.1256
480 11.2532
481 12.2769
482 1
483 3
484 6.79157
485 8.0183
486 9.07844
487 10.0259
488 11.2532
489 12.2769
490 1
491 3
492 6.79157
493 8.0183
494 9.07844
495 10.0259
496 11.1636
497 12.1949
498 1
499 2
500 6.64099
501 7.89158
502 8.96692
503 10.0259
504 11.0733
505 12.1123
506 12.914
507 2
508 6.48684
509 7.76276
510 8.85398
511 9.92511
512 10.9822
513 12.0292
514 12.914
515 1
516 6.32883
517 7.63173
518 8.73956
519 9.82331
520 10.8904
521 11.9455
522 12.914
523 1
524 6.32883
525 7.49836
526 8.62359
527 9.72043
528 10.7978
529 11.8611
530 12.8361
531 1
532 6.32883
533 7.36254
534 8.50603
535 9.61645
536 10.7044
537 11.7762
538 12.7577
539 1
540 6.16667
541 7.22412
542 8.3868
543 9.51131
544 10.6101
545 11.6907
546 12.6789
547 1
548 6
549 7.22412
550 8.3868
551 9.51131
552 10.6101
553 11.6907
554 12.6789
555 1
556 6
557 7.22412
558 8.26582
559 9.40498
560 10.515
561 11.6045
562 12.5995
563 1
564 5
565 7.22412
566 8.14301
567 9.29742
568 10.419
569 11.5177
570 12.5196
571 1
572 4
573 7.22412
574 8.14301
575 9.18859
576 10.3222
577 11.4302
578 12.4392
579 1
580 4
581 7.08293
582 8.14301
583 9.07844
584 10.2244
585 11.342
586 12.3583
587 1
588 4
589 6.93882
590 8.14301
591 9.07844
592 10.1256
593 11.2532
594 12.2769
595 1
596 3
597 6.79157
598 8.0183
599 9.07844
600 10.0259
601 11.1636
602 12.1949
603 1
604 2
605 6.64099
606 7.89158
607 8.96692
608 10.0259
609 11.0733
610 12.1123
611 12.914
612 2
613 6.64099
614 7.89158
615 8.96692
616 10.0259
617 11.0733
618 12.1123
619 12.914
620 2
621 6.48684
622 7.76276
623 8.85398
624 9.92511
625 10.9822
626 12.0292
627 12.914
628 1
629 6.32883
630 7.63173
631 8.73956
632 9.82331
633 10.8904
634 11.9455
635 12.914
636 1
637 6.32883
638 7.49836
639 8.62359
640 9.72043
641 10.7978
642 11.8611
643 12.8361
644 1
645 6.32883
646 7.36254
647 8.50603
648 9.61645
649 10.7044
650 11.7762
651 12.7577
652 1
653 6.16667
654 7.22412
655 8.3868
656 9.51131
657 10.6101
658 11.6907
659 12.6789
660 1
661 6
662 7.22412
663 8.26582
664 9.40498
665 10.515
666 11.6045
667 12.5995
668 1
669 5
670 7.22412
671 8.14301
672 9.29742
673 10.419
674 11.5177
675 12.5995
676 1
677 5
678 7.22412
679 8.14301
680 9.29742
681 10.419
682 11.5177
683 12.5196
684 1
685 4
686 7.22412
687 8.14301
688 9.18859
689 10.3222
690 11.4302
691 12.4392
692 1
693 4
694 7.08293
695 8.14301
696 9.07844
697 10.2244
698 11.342
699 12.3583
700 1
701 4
702 6.93882
703 8.14301
704 9.07844
705 10.1256
706 11.2532
707 12.2769
708 1
709 3
710 6.79157
711 8.0183
712 9.07844
713 10.0259
714 11.1636
715 12.1949
716 1
717 2
718 6.64099
719 7.89158
720 8.96692
721 10.0259
722 11.0733
723 12.1123
724 12.914
725 2
726 6.48684
727 7.76276
728 8.85398
729 9.92511
730 10.9822
731 12.0292
732 12.914
733 1
734 6.32883
735 7.63173
736 8.73956
737 9.82331
738 10.9822
739 12.0292
740 12.914
741 1
742 6.32883
743 7.63173
744 8.73956
745 9.82331
746 10.8904
747 11.9455
748 12.914
749 1
750 6.32883
751 7.49836
752 8.62359
753 9.72043
754 10.7978
755 11.8611
756 12.8361
757 1
758 6.32883
759 7.36254
760 8.50603
761 9.61645
762 10.7044
763 11.7762
764 12.7577
765 1
766 6.16667
767 7.22412
768 8.3868
769 9.51131
770 10.6101
771 11.6907
772 12.6789
773 1
774 6
775 7.22412
776 8.26582
777 9.40498
778 10.515
779 11.6045
780 12.5995
781 1
782 5
783 7.22412
784 8.14301
785 9.29742
786 10.419
787 11.5177
788 12.5196
789 1
790 4
791 7.22412
792 8.14301
793 9.18859
794 10.3222
795 11.4302
796 12.4392
797 1
798 4
799 7.08293
800 8.14301
801 9.18859
802 10.3222
803 11.4302
804 12.4392
805 1
806 4
807 7.08293
808 8.14301
809 9.07844
810 10.2244
811 11.342
812 12.3583
813 1
814 4
815 6.93882
816 8.14301
817 9.07844
818 10.1256
819 11.2532
820 12.2769
821 1
822 3
823 6.79157
824 8.0183
825 9.07844
826 10.0259
827 11.1636
828 12.1949
829 1
830 2
831 6.64099
832 7.89158
833 8.96692
834 10.0259
835 11.0733
836 12.1123
837 12.914
838 2
839 6.48684
840 7.76276
841 8.85398
842 9.92511
843 10.9822
844 12.0292
845 12.914
846 1
847 6.32883
848 7.63173
849 8.73956
850 9.82331
851 10.8904
852 11.9455
853 12.914
854 1
855 6.32883
856 7.49836
857 8.62359
858 9.72043
859 10.7978
860 11.8611
861 12.8361
862 1
863 6.32883
864 7.49836
865 8.62359
866 9.72043
867 10.7978
868 11.8611
869 12.8361
870 1
871 6.32883
872 7.36254
873 8.50603
874 9.61645
875 10.7044
876 11.7762
877 12.7577
878 1
879 6.16667
880 7.22412
881 8.3868
882 9.51131
883 10.6101
884 11.6907
885 12.6789
886 1
887 6
888 7.22412
889 8.26582
890 9.40498
891 10.515
892 11.6045
893 12.5995
894 1
895 5
896 7.22412
897 8.14301
898 9.29742
899 10.419
900 11.5177
901 12.5196
902 1
903 4
904 7.22412
905 8.14301
906 9.18859
907 10.3222
908 11.4302
909 12.4392
910 1
911 4
912 7.08293
913 8.14301
914 9.07844
915 10.2244
916 11.342
917 12.3583
918 1
919 4
920 6.93882
921 8.14301
922 9.07844
923 10.1256
924 11.2532
925 12.3583
926 1
927 4
928 6.93882
929 8.14301
930 9.07844
931 10.1256
932 11.2532
933 12.2769
934 1
935 3
936 6.79157
937 8.0183
938 9.07844
939 10.0259
940 11.1636
941 12.1949
942 1
943 2
944 6.64099
945 7.89158
946 8.96692
947 10.0259
948 11.0733
949 12.1123
950 12.914
951 2
952 6.48684
953 7.76276
954 8.85398
955 9.92511
956 10.9822
957 12.0292
958 12.914
959 1
960 6.32883
961 7.63173
962 8.73956
963 9.82331
964 10.8904
965 11.9455
966 12.914
967 1
968 6.32883
969 7.49836
970 8.62359
971 9.72043
972 10.7978
973 11.8611
974 12.8361
975 1
976 6.32883
977 7.36254
978 8.50603
979 9.61645
980 10.7044
981 11.7762
982 12.7577
983 1
984 6.16667
985 7.22412
986 8.3868
987 9.51131
988 10.7044
989 11.7762
990 12.7577
991 1
992 6.16667
993 7.22412
994 8.3868
995 9.51131
996 10.6101
997 11.6907
998 12.6789
999 1
