1 1.7
2 3.072415
3 3.398765
4 4.592324
5 5.654538
6 3.1662790000000003
7 2.45428
8 4.149305
9 5.3227199999999995
10 3.323647
11 4.394147
12 2.582205
13 4.56845
14 5.91206
15 3.4879400000000005
16 5.051835
17 6.589575000000001
18 3.4879400000000005
19 4.3851700000000005
20 2.96032
21 5.213825
22 6.222340000000001
23 3.653
24 1.5
25 3.4237449999999994
26 5.070145000000001
27 6.36081
28 3.88517
29 2.316665
30 4.292489999999999
31 5.836525
32 3.4879400000000005
33 4.3851700000000005
34 2.316665
35 4.378025
36 3.02689
37 4.603
38 2.66972
39 3.5988150000000005
40 5.04654
41 4.369016
42 5.554889999999999
43 3.098815
44 4.715339999999999
45 3.02689
46 4.654605000000001
47 5.526459000000001
48 3.31291
49 5.44179
50 6.425613999999999
51 7.589466
52 1.0
53 3.287235
54 5.269445
55 6.683390000000001
56 7.344175
57 1.4
58 3.748870000000001
59 5.514830000000001
60 6.37311
61 3.9590250000000005
62 2.166665
63 4.609095000000001
64 5.697435
65 6.691315
66 1.5
67 2.666665
68 4.2844750000000005
69 3.4879400000000005
70 4.83517
71 2.547625
72 4.265480000000001
73 5.491225
74 3.9879400000000005
75 5.23553
76 3.098815
77 5.130879999999999
78 6.0645549999999995
79 4.23229
80 2.582205
81 3.5268900000000003
82 5.355269999999999
83 6.72753
84 7.62975
85 1.0
86 3.6666650000000005
87 5.3712
88 6.472405
89 7.41803
90 1.0
91 3.8988699999999996
92 5.251649999999999
93 6.5573939999999995
94 1.0
95 2.0
96 4.449947999999999
97 5.975880000000001
98 6.770339999999999
99 1.0
100 3.33333
101 4.609095000000001
102 5.411685
103 4.4590250000000005
104 2.7765050000000002
105 4.4109110000000005
106 5.6506180000000015
107 3.809635
108 2.2765050000000002
109 3.261896
110 5.262749000000001
111 6.42667
112 3.88517
113 2.45428
114 4.193555000000001
115 5.514830000000001
116 6.519240000000002
117 7.643865
118 1.5
119 3.5822050000000005
120 5.3805499999999995
121 6.56918
122 4.329535
123 1.5
124 3.9824550000000003
125 5.514830000000001
126 6.456779999999999
127 3.9590250000000005
128 2.666665
129 4.609095000000001
130 5.80085
131 6.844194999999999
132 1.5
133 3.082205
134 4.803240000000001
135 5.73338
136 1.5
137 2.7765050000000002
138 4.48551
139 5.586755000000001
140 6.349505
141 1.95
142 3.836385
143 5.125705000000001
144 6.19847
145 3.9590250000000005
146 2.666665
147 4.397995
148 5.745725000000002
149 6.755233
150 4.436685000000001
151 5.818890000000001
152 3.4021540000000003
153 5.44826
154 6.581843000000001
155 4.19545
156 4.392068
157 3.5268900000000003
158 5.341991999999999
159 6.4469650000000005
160 4.3851700000000005
161 2.582205
162 4.4795750000000005
163 5.91206
164 3.73229
165 2.0
166 3.4237450000000003
167 4.654605000000001
168 5.700959999999999
169 1.0
170 3.2666649999999997
171 4.69661
172 5.670425
173 6.42336
174 2.25
175 4.12983
176 5.411725000000001
177 6.433845
178 3.9387299999999996
179 3.0
180 4.50595
181 5.708975000000001
182 6.694805
183 4.30644
184 6.120145000000001
185 3.02689
186 5.19661
187 6.39123
188 4.6265149999999995
189 6.041210000000001
190 3.31291
191 5.4673750000000005
192 3.31291
193 4.88517
194 2.923745
195 4.48794
196 5.808915
197 3.4879400000000005
198 5.303213
199 3.02689
200 4.770831000000001
201 3.17401
202 3.4237449999999994
203 3.3322050000000005
204 4.660515
205 5.883934999999999
206 3.4643349999999997
207 2.233332
208 4.303395
209 5.4240590000000015
210 6.433845
211 3.9387299999999996
212 2.95428
213 4.609095000000001
214 5.67989
215 3.5716100000000006
216 4.6715
217 6.326784999999999
218 3.4017849999999994
219 5.38517
220 3.34431
221 5.077845000000001
222 6.485895000000001
223 3.4879400000000005
224 5.0518350000000005
225 3.02689
226 5.18657
227 3.02689
228 4.1530000000000005
229 2.582205
230 3.9879400000000005
231 5.467375
232 3.4017849999999994
233 5.0518350000000005
234 2.582205
235 4.09041
236 3.5268900000000003
237 4.764445
238 5.554889999999999
239 3.287775
240 2.45428
241 4.149305
242 5.3227199999999995
243 3.287775
244 4.364425000000001
245 2.582205
246 4.56845
247 5.91206
248 3.4879400000000005
249 5.051835
250 6.589575000000001
251 3.4879400000000005
252 4.414712
253 2.96032
254 5.316165
255 6.301488
256 3.7164319999999997
257 1.5
258 3.444374
259 5.1661969999999995
260 6.4469650000000005
261 4.08517
262 2.399234
263 4.349616
264 5.896952999999999
265 3.4879400000000005
266 4.4590250000000005
267 2.45428
268 4.50595
269 3.125825
270 4.854705
271 2.66972
272 3.5988150000000005
273 5.166605
274 4.43794
275 5.554889999999999
276 3.098815
277 4.79734
278 3.02689
279 4.654605000000001
280 5.661295
281 3.4017849999999994
282 5.467375
283 6.497944999999999
284 7.651179999999999
285 1.0
286 3.3541200000000004
287 5.3025850000000005
288 6.683390000000001
289 7.344175
290 1.5
291 3.748870000000001
292 5.514830000000001
293 6.37311
294 3.9590250000000005
295 2.166665
296 4.609095000000001
297 5.697435
298 6.691315
299 1.5
300 2.666665
301 4.3071790000000005
302 3.4879400000000005
303 4.83517
304 2.547625
305 4.265480000000001
306 5.491225
307 3.9879400000000005
308 5.23553
309 3.4988150000000005
310 5.130879999999999
311 6.140723
312 4.309635
313 2.582205
314 3.586251
315 5.516363999999999
316 6.781009999999999
317 7.62975
318 1.0
319 3.6666650000000005
320 5.3712
321 6.544155000000002
322 7.41803
323 1.5
324 4.036485000000001
325 5.44207
326 6.694805
327 1.0
328 2.0
329 4.63158
330 5.975880000000001
331 6.770339999999999
332 1.0
333 3.33333
334 4.609095000000001
335 5.411685
336 4.4590250000000005
337 2.7765050000000002
338 4.476560000000001
339 5.685370000000001
340 3.809635
341 2.2765050000000002
342 3.28494
343 5.280125
344 6.42667
345 3.88517
346 2.45428
347 4.193555000000001
348 5.514830000000001
349 6.519240000000002
350 7.643865
351 1.5
352 3.5822050000000005
353 5.398925
354 6.584287000000001
355 4.329535
356 1.7
357 4.0688189999999995
358 5.514830000000001
359 6.456779999999999
360 3.9590250000000005
361 2.786665
362 4.609095000000001
363 5.885560999999999
364 6.844194999999999
365 1.5
366 3.3822050000000004
367 4.8951150000000005
368 5.808915
369 1.5
370 3.2765050000000002
371 4.593465
372 5.6829550000000015
373 3.88517
374 1.95
375 3.986385
376 5.221905000000001
377 6.36001
378 3.9590250000000005
379 2.666665
380 4.50595
381 5.8008500000000005
382 6.770339999999999
383 4.50019
384 5.91889
385 3.4237450000000003
386 5.44826
387 6.644715
388 4.19545
389 2.316665
390 3.5268900000000003
391 5.3873999999999995
392 6.4469650000000005
393 4.3851700000000005
394 2.582205
395 4.4795750000000005
396 5.91206
397 3.73229
398 2.0
399 3.4237450000000003
400 4.654605000000001
401 5.700959999999999
402 1.0
403 3.2666649999999997
404 4.69661
405 5.686703
406 5.831555000000001
407 2.25
408 4.12983
409 5.482825
410 6.433845
411 3.9387299999999996
412 3.1333320000000002
413 4.588466000000001
414 5.727350000000001
415 6.709912
416 4.30644
417 6.280996000000001
418 3.02689
419 5.348587
420 3.5004130000000004
421 4.681663
422 6.041210000000001
423 3.4017849999999994
424 5.4673750000000005
425 3.4017849999999994
426 5.051835
427 3.02689
428 4.654605000000001
429 5.91206
430 3.4879400000000005
431 5.413305
432 3.5268900000000003
433 4.8196650000000005
434 2.582205
435 3.4237449999999994
436 3.532205
437 4.819015
438 5.9839850000000006
439 3.4643349999999997
440 2.666665
441 4.303395
442 5.486705000000001
443 6.433845
444 3.9387299999999996
445 2.95428
446 4.609095000000001
447 5.67989
448 3.5716100000000006
449 4.6715
450 6.326784999999999
451 3.4017849999999994
452 5.38517
453 3.34431
454 5.077845000000001
455 6.485895000000001
456 3.4879400000000005
457 5.066606000000001
458 3.02689
459 5.23774
460 3.066464
461 4.216431999999999
462 2.582205
463 3.9879400000000005
464 5.563426999999999
465 3.4707090000000003
466 5.0518350000000005
467 2.582205
468 4.09041
469 3.5268900000000003
470 4.764445
471 5.697877
472 3.359519
473 2.582205
474 4.371512
475 5.402009999999999
476 3.377455
477 4.43873
478 2.70227
479 4.8046050000000005
480 5.91206
481 3.4879400000000005
482 5.1256900000000005
483 6.651110000000001
484 3.4879400000000005
485 4.4590250000000005
486 3.06193
487 5.34175
488 6.388925
489 3.73229
490 2.0
491 3.5268900000000003
492 5.19021
493 6.4469650000000005
494 4.3851700000000005
495 2.45428
496 4.387700000000001
497 5.912059999999999
498 3.4879400000000005
499 4.4590250000000005
500 2.45428
501 4.50595
502 3.125825
503 4.854705
504 2.66972
505 3.5988150000000005
506 5.166605
507 4.43794
508 5.554889999999999
509 3.098815
510 4.79734
511 3.02689
512 4.654605000000001
513 5.661295
514 3.801785
515 5.467375
516 6.574113
517 7.713056
518 1.1
519 3.3753599999999997
520 5.448361
521 6.683390000000001
522 7.344175
523 1.5
524 3.8449219999999995
525 5.514830000000001
526 6.37311
527 3.9590250000000005
528 2.666665
529 4.609095000000001
530 5.874035
531 3.809635
532 1.5
533 2.666665
534 4.51806
535 3.4879400000000005
536 4.83517
537 2.66972
538 4.265480000000001
539 5.491225
540 3.9879400000000005
541 5.3762550000000005
542 3.5988150000000005
543 5.130879999999999
544 6.159765
545 4.309635
546 2.582205
547 3.625825
548 5.54808
549 6.794379999999999
550 7.62975
551 1.0
552 3.6666650000000005
553 5.3712
554 6.544155000000002
555 7.41803
556 1.5
557 4.036485000000001
558 5.44207
559 6.694805
560 1.0
561 2.1
562 4.6531709999999995
563 5.975880000000001
564 6.770339999999999
565 1.0
566 3.4533300000000002
567 4.609095000000001
568 5.4786209999999995
569 4.4590250000000005
570 2.7765050000000002
571 4.4974419999999995
572 5.777245
573 3.88517
574 2.2765050000000002
575 3.8505890000000003
576 5.455552
577 6.42667
578 4.28517
579 2.582205
580 4.343555
581 5.514830000000001
582 6.673705
583 7.703604999999999
584 1.5
585 4.082205
586 5.566425
587 6.721415
588 4.3948149999999995
589 2.0
590 4.09041
591 5.514830000000001
592 6.538169999999999
593 1.0
594 2.816665
595 4.609095000000001
596 5.973395
597 6.844194999999999
598 1.5
599 3.5822050000000005
600 4.8951150000000005
601 5.808915
602 1.5
603 3.2765050000000002
604 4.593465
605 5.6829550000000015
606 3.88517
607 1.95
608 3.986385
609 5.221905000000001
610 6.36001
611 3.9590250000000005
612 2.666665
613 4.50595
614 5.818624999999999
615 6.770339999999999
616 4.50019
617 6.052222
618 3.506261
619 5.44826
620 6.644715
621 4.19545
622 2.4267570000000003
623 3.5268900000000003
624 5.511971999999999
625 3.4879400000000005
626 4.429482999999999
627 2.582205
628 4.68845
629 5.991207999999999
630 3.7941659999999997
631 2.166665
632 3.5268900000000003
633 4.8046050000000005
634 5.808915
635 1.0
636 3.40428
637 4.69661
638 5.751815000000001
639 3.4643349999999997
640 2.45
641 4.251925
642 5.5006
643 6.433845
644 1.0
645 3.33333
646 4.609095000000001
647 5.80085
648 6.770339999999999
649 4.30644
650 6.315850000000001
651 3.02689
652 5.395645
653 3.517465
654 4.69545
655 6.041210000000001
656 3.4017849999999994
657 5.4673750000000005
658 3.4017849999999994
659 5.051835
660 3.02689
661 4.654605000000001
662 5.91206
663 3.4879400000000005
664 5.413305
665 3.546677
666 4.835523
667 2.582205
668 3.4237449999999994
669 3.628257
670 4.887939
671 5.9839850000000006
672 3.4643349999999997
673 2.666665
674 4.303395
675 5.506715
676 6.5077
677 3.9387299999999996
678 3.082205
679 4.708030000000001
680 5.759179999999999
681 3.636722
682 4.7259720000000005
683 6.4468499999999995
684 3.4879400000000005
685 5.38517
686 3.34431
687 5.15113
688 6.485895000000001
689 3.4879400000000005
690 5.27569
691 3.125825
692 5.39184
693 3.125825
694 4.23229
695 2.70227
696 3.9879400000000005
697 5.587439999999999
698 3.4879400000000005
699 5.0518350000000005
700 2.582205
701 4.09041
702 3.5268900000000003
703 4.764445
704 5.743965
705 3.377455
706 2.582205
707 4.40233
708 5.402009999999999
709 3.377455
710 4.43873
711 2.70227
712 4.8046050000000005
713 5.91206
714 3.4879400000000005
715 5.1256900000000005
716 6.651110000000001
717 3.4879400000000005
718 4.4590250000000005
719 3.2619299999999996
720 5.34175
721 6.465093
722 3.7941659999999997
723 2.0
724 3.5268900000000003
725 5.281026
726 6.4469650000000005
727 4.3851700000000005
728 2.5054500000000006
729 4.42445
730 5.912059999999999
731 3.4879400000000005
732 4.4590250000000005
733 3.05662
734 4.50595
735 3.7210350000000005
736 5.08614
737 2.66972
738 3.5988150000000005
739 5.280125
740 4.43794
741 5.554889999999999
742 3.098815
743 4.877195
744 3.02689
745 4.654605000000001
746 5.774815
747 3.9879400000000005
748 5.467375
749 6.65772
750 7.728525
751 1.5
752 3.4603200000000003
753 5.496745
754 6.683390000000001
755 7.344175
756 1.5
757 3.8689350000000005
758 5.514830000000001
759 6.37311
760 3.9590250000000005
761 2.666665
762 4.609095000000001
763 5.874035
764 3.809635
765 1.5
766 2.666665
767 4.51806
768 3.4879400000000005
769 4.83517
770 2.66972
771 4.325480000000001
772 5.491225
773 4.054876
774 5.3762550000000005
775 3.5988150000000005
776 5.130879999999999
777 6.233264999999999
778 4.470063
779 2.582205
780 4.163908999999999
781 5.686973
782 6.794379999999999
783 7.665090000000001
784 1.0
785 3.9166650000000005
786 5.441516
787 6.698125000000002
788 7.41803
789 1.5
790 4.164410000000001
791 5.625819999999999
792 6.770339999999999
793 1.0
794 3.0
795 4.84749
796 5.975880000000001
797 6.844195000000001
798 1.0
799 3.48333
800 4.609095000000001
801 5.495355
802 4.7090250000000005
803 2.7765050000000002
804 4.580970000000001
805 5.777245
806 3.88517
807 2.2765050000000002
808 3.894355
809 5.47242
810 6.42667
811 4.3851700000000005
812 2.582205
813 4.343555
814 5.514830000000001
815 6.673705
816 7.703604999999999
817 1.5
818 4.082205
819 5.566425
820 6.721415
821 4.3948149999999995
822 2.033333
823 4.1316679999999995
824 5.514830000000001
825 6.538169999999999
826 1.0
827 2.9267570000000003
828 4.609095000000001
829 6.038507
830 4.4769749999999995
831 1.5
832 3.6488709999999998
833 4.98399
834 5.808915
835 1.5
836 3.4431700000000007
837 4.69661
838 5.757163000000001
839 3.88517
840 2.122415
841 4.1240000000000006
842 5.314665
843 6.517425
844 1.0
845 2.666665
846 4.609095000000001
847 5.889725
848 6.770339999999999
849 4.562685
850 2.166665
851 3.5268900000000003
852 5.44826
853 6.644715
854 4.19545
855 2.45428
856 3.5268900000000003
857 5.576745
858 3.4879400000000005
859 4.4590250000000005
860 2.582205
861 4.71845
862 6.010994999999999
863 3.809635
864 2.166665
865 3.5268900000000003
866 4.8046050000000005
867 5.808915
868 1.0
869 3.40428
870 4.69661
871 5.751815000000001
872 3.4643349999999997
873 2.45
874 4.275938000000001
875 5.535062
876 6.433845
877 1.0
878 3.33333
879 4.609095000000001
880 5.80085
881 6.829423999999999
882 4.319576
883 6.429654000000001
884 3.125825
885 5.519525
886 3.567175
887 4.69545
888 6.161275
889 3.8879400000000004
890 5.4673750000000005
891 3.4879400000000005
892 5.051835
893 3.02689
894 4.654605000000001
895 5.985915
896 3.5716100000000006
897 5.5412300000000005
898 3.625825
899 4.898955000000001
900 2.582205
901 1.5
902 3.6522699999999992
903 5.035565
904 5.9839850000000006
905 3.4643349999999997
906 2.666665
907 4.303395
908 5.586755000000001
909 6.5077
910 3.9387299999999996
911 3.082205
912 4.708030000000001
913 5.759179999999999
914 3.653
915 4.73959
916 6.4468499999999995
917 3.4879400000000005
918 5.38517
919 3.34431
920 5.15113
921 6.485895000000001
922 3.4879400000000005
923 5.27569
924 3.125825
925 5.39184
926 3.144866999999999
927 4.263228
928 2.70227
929 3.9879400000000005
930 5.678255999999999
931 3.4879400000000005
932 5.0518350000000005
933 2.582205
934 4.09041
935 3.5268900000000003
936 4.764445
937 5.787730999999999
938 3.929583
939 2.582205
940 4.49754
941 5.571531
942 3.4469589999999997
943 4.43873
944 2.81579
945 4.942220000000001
946 5.91206
947 3.4879400000000005
948 5.197965000000001
949 6.711730000000001
950 3.4879400000000005
951 4.9590250000000005
952 3.659515
953 5.34175
954 6.5505700000000004
955 3.809635
956 2.166665
957 3.5268900000000003
958 5.3873999999999995
959 6.4469650000000005
960 4.3851700000000005
961 2.582205
962 4.479575
963 5.912059999999999
964 3.4879400000000005
965 4.4590250000000005
966 3.082205
967 4.50595
968 3.7210350000000005
969 5.08614
970 2.66972
971 3.5988150000000005
972 5.280125
973 4.43794
974 5.554889999999999
975 3.098815
976 4.877195
977 3.02689
978 4.671339000000001
979 5.774815
980 3.9879400000000005
981 5.467375
982 6.73122
983 7.788953000000001
984 1.5
985 3.8603199999999993
986 5.598827000000001
987 6.683390000000001
988 5.960573
989 1.5
990 4.087047
991 5.514830000000001
992 6.456779999999999
993 3.9590250000000005
994 2.666665
995 4.609095000000001
996 6.0451999999999995
997 3.88517
998 1.5
999 3.166665
