1 0.05090909090909091
2 0.05600000000000001
3 0.08799999999999998
4 0.06400000000000002
5 0.06400000000000002
6 0.06400000000000002
7 0.06400000000000002
8 0.06400000000000002
9 0.07199999999999998
10 0.06400000000000002
11 0.07199999999999998
12 0.06400000000000002
13 0.07199999999999998
14 0.06400000000000002
15 0.07199999999999998
16 0.06400000000000002
17 0.06400000000000002
18 0.06400000000000002
19 0.06400000000000002
20 0.06400000000000002
21 0.07199999999999998
22 0.06400000000000002
23 0.07199999999999998
24 0.06400000000000002
25 0.07199999999999998
26 0.06400000000000002
27 0.07199999999999998
28 0.06400000000000002
29 0.06400000000000002
30 0.06400000000000002
31 0.06400000000000002
32 0.06400000000000002
33 0.07199999999999998
34 0.06400000000000002
35 0.07199999999999998
36 0.06400000000000002
37 0.07199999999999998
38 0.06400000000000002
39 0.07199999999999998
40 0.06400000000000002
41 0.06400000000000002
42 0.06400000000000002
43 0.06400000000000002
44 0.06400000000000002
45 0.07199999999999998
46 0.06400000000000002
47 0.07199999999999998
48 0.06400000000000002
49 0.07199999999999998
50 0.06400000000000002
51 0.07199999999999998
52 0.06400000000000002
53 0.06400000000000002
54 0.06400000000000002
55 0.06400000000000002
56 0.06400000000000002
57 0.07199999999999998
58 0.06400000000000002
59 0.07199999999999998
60 0.06400000000000002
61 0.07199999999999998
62 0.06400000000000002
63 0.07199999999999998
64 0.06400000000000002
65 0.06400000000000002
66 0.06400000000000002
67 0.06400000000000002
68 0.06400000000000002
69 0.07199999999999998
70 0.06400000000000002
71 0.07199999999999998
72 0.06400000000000002
73 0.07199999999999998
74 0.06400000000000002
75 0.07199999999999998
76 0.06400000000000002
77 0.06400000000000002
78 0.06400000000000002
79 0.06400000000000002
80 0.06400000000000002
81 0.07199999999999998
82 0.06400000000000002
83 0.07199999999999998
84 0.06400000000000002
85 0.07199999999999998
86 0.06400000000000002
87 0.07199999999999998
88 0.06400000000000002
89 0.06400000000000002
90 0.06400000000000002
91 0.06400000000000002
92 0.06400000000000002
93 0.07199999999999998
94 0.06400000000000002
95 0.07199999999999998
96 0.06400000000000002
97 0.07199999999999998
98 0.06400000000000002
99 0.07199999999999998
100 0.06400000000000002
101 0.06400000000000002
102 0.06400000000000002
103 0.06400000000000002
104 0.06400000000000002
105 0.07199999999999998
106 0.06400000000000002
107 0.07199999999999998
108 0.06400000000000002
109 0.07199999999999998
110 0.06400000000000002
111 0.07199999999999998
112 0.06400000000000002
113 0.06400000000000002
114 0.06400000000000002
115 0.06400000000000002
116 0.06400000000000002
117 0.07199999999999998
118 0.06400000000000002
119 0.07199999999999998
120 0.06400000000000002
121 0.07199999999999998
122 0.06400000000000002
123 0.07199999999999998
124 0.06400000000000002
125 0.06400000000000002
126 0.06400000000000002
127 0.06400000000000002
128 0.06400000000000002
129 0.07199999999999998
130 0.06400000000000002
131 0.07199999999999998
132 0.06400000000000002
133 0.07199999999999998
134 0.06400000000000002
135 0.07199999999999998
136 0.06400000000000002
137 0.06400000000000002
138 0.06400000000000002
139 0.06400000000000002
140 0.06400000000000002
141 0.07199999999999998
142 0.06400000000000002
143 0.07199999999999998
144 0.06400000000000002
145 0.07199999999999998
146 0.06400000000000002
147 0.07199999999999998
148 0.06400000000000002
149 0.06400000000000002
150 0.06400000000000002
151 0.06400000000000002
152 0.06400000000000002
153 0.07199999999999998
154 0.06400000000000002
155 0.07199999999999998
156 0.06400000000000002
157 0.07199999999999998
158 0.06400000000000002
159 0.07199999999999998
160 0.06400000000000002
161 0.06400000000000002
162 0.06400000000000002
163 0.06400000000000002
164 0.06400000000000002
165 0.07199999999999998
166 0.06400000000000002
167 0.07199999999999998
168 0.06400000000000002
169 0.07199999999999998
170 0.06400000000000002
171 0.07199999999999998
172 0.06400000000000002
173 0.06400000000000002
174 0.06400000000000002
175 0.06400000000000002
176 0.06400000000000002
177 0.07199999999999998
178 0.06400000000000002
179 0.07199999999999998
180 0.06400000000000002
181 0.07199999999999998
182 0.06400000000000002
183 0.07199999999999998
184 0.06400000000000002
185 0.06400000000000002
186 0.06400000000000002
187 0.06400000000000002
188 0.06400000000000002
189 0.07199999999999998
190 0.06400000000000002
191 0.07199999999999998
192 0.06400000000000002
193 0.07199999999999998
194 0.06400000000000002
195 0.07199999999999998
196 0.06400000000000002
197 0.06400000000000002
198 0.06400000000000002
199 0.06400000000000002
200 0.06400000000000002
201 0.07199999999999998
202 0.06400000000000002
203 0.07199999999999998
204 0.06400000000000002
205 0.07199999999999998
206 0.06400000000000002
207 0.07199999999999998
208 0.06400000000000002
209 0.06400000000000002
210 0.06400000000000002
211 0.06400000000000002
212 0.06400000000000002
213 0.07199999999999998
214 0.06400000000000002
215 0.07199999999999998
216 0.06400000000000002
217 0.07199999999999998
218 0.06400000000000002
219 0.07199999999999998
220 0.06400000000000002
221 0.06400000000000002
222 0.06400000000000002
223 0.06400000000000002
224 0.06400000000000002
225 0.07199999999999998
226 0.06400000000000002
227 0.07199999999999998
228 0.06400000000000002
229 0.07199999999999998
230 0.06400000000000002
231 0.07199999999999998
232 0.06400000000000002
233 0.06400000000000002
234 0.06400000000000002
235 0.06400000000000002
236 0.06400000000000002
237 0.07199999999999998
238 0.06400000000000002
239 0.07199999999999998
240 0.06400000000000002
241 0.07199999999999998
242 0.06400000000000002
243 0.07199999999999998
244 0.06400000000000002
245 0.06400000000000002
246 0.06400000000000002
247 0.06400000000000002
248 0.06400000000000002
249 0.07199999999999998
250 0.06400000000000002
251 0.07199999999999998
252 0.06400000000000002
253 0.07199999999999998
254 0.06400000000000002
255 0.07199999999999998
256 0.06400000000000002
257 0.06400000000000002
258 0.06400000000000002
259 0.06400000000000002
260 0.06400000000000002
261 0.07199999999999998
262 0.06400000000000002
263 0.07199999999999998
264 0.06400000000000002
265 0.07199999999999998
266 0.06400000000000002
267 0.07199999999999998
268 0.06400000000000002
269 0.06400000000000002
270 0.06400000000000002
271 0.06400000000000002
272 0.06400000000000002
273 0.07199999999999998
274 0.06400000000000002
275 0.07199999999999998
276 0.06400000000000002
277 0.07199999999999998
278 0.06400000000000002
279 0.07199999999999998
280 0.06400000000000002
281 0.06400000000000002
282 0.06400000000000002
283 0.06400000000000002
284 0.06400000000000002
285 0.07199999999999998
286 0.06400000000000002
287 0.07199999999999998
288 0.06400000000000002
289 0.07199999999999998
290 0.06400000000000002
291 0.07199999999999998
292 0.06400000000000002
293 0.06400000000000002
294 0.06400000000000002
295 0.06400000000000002
296 0.06400000000000002
297 0.07199999999999998
298 0.06400000000000002
299 0.07199999999999998
300 0.06400000000000002
301 0.07199999999999998
302 0.06400000000000002
303 0.07199999999999998
304 0.06400000000000002
305 0.06400000000000002
306 0.06400000000000002
307 0.06400000000000002
308 0.06400000000000002
309 0.07199999999999998
310 0.06400000000000002
311 0.07199999999999998
312 0.06400000000000002
313 0.07199999999999998
314 0.06400000000000002
315 0.07199999999999998
316 0.06400000000000002
317 0.06400000000000002
318 0.06400000000000002
319 0.06400000000000002
320 0.06400000000000002
321 0.07199999999999998
322 0.06400000000000002
323 0.07199999999999998
324 0.06400000000000002
325 0.07199999999999998
326 0.06400000000000002
327 0.07199999999999998
328 0.06400000000000002
329 0.06400000000000002
330 0.06400000000000002
331 0.06400000000000002
332 0.06400000000000002
333 0.07199999999999998
334 0.06400000000000002
335 0.07199999999999998
336 0.06400000000000002
337 0.07199999999999998
338 0.06400000000000002
339 0.07199999999999998
340 0.06400000000000002
341 0.06400000000000002
342 0.06400000000000002
343 0.06400000000000002
344 0.06400000000000002
345 0.07199999999999998
346 0.06400000000000002
347 0.07199999999999998
348 0.06400000000000002
349 0.07199999999999998
350 0.06400000000000002
351 0.07199999999999998
352 0.06400000000000002
353 0.06400000000000002
354 0.06400000000000002
355 0.06400000000000002
356 0.06400000000000002
357 0.07199999999999998
358 0.06400000000000002
359 0.07199999999999998
360 0.06400000000000002
361 0.07199999999999998
362 0.06400000000000002
363 0.07199999999999998
364 0.06400000000000002
365 0.06400000000000002
366 0.06400000000000002
367 0.06400000000000002
368 0.06400000000000002
369 0.07199999999999998
370 0.06400000000000002
371 0.07199999999999998
372 0.06400000000000002
373 0.07199999999999998
374 0.06400000000000002
375 0.07199999999999998
376 0.06400000000000002
377 0.06400000000000002
378 0.06400000000000002
379 0.06400000000000002
380 0.06400000000000002
381 0.07199999999999998
382 0.06400000000000002
383 0.07199999999999998
384 0.06400000000000002
385 0.07199999999999998
386 0.06400000000000002
387 0.07199999999999998
388 0.06400000000000002
389 0.06400000000000002
390 0.06400000000000002
391 0.06400000000000002
392 0.06400000000000002
393 0.07199999999999998
394 0.06400000000000002
395 0.07199999999999998
396 0.06400000000000002
397 0.07199999999999998
398 0.06400000000000002
399 0.07199999999999998
400 0.06400000000000002
401 0.06400000000000002
402 0.06400000000000002
403 0.06400000000000002
404 0.06400000000000002
405 0.07199999999999998
406 0.06400000000000002
407 0.07199999999999998
408 0.06400000000000002
409 0.07199999999999998
410 0.06400000000000002
411 0.07199999999999998
412 0.06400000000000002
413 0.06400000000000002
414 0.06400000000000002
415 0.06400000000000002
416 0.06400000000000002
417 0.07199999999999998
418 0.06400000000000002
419 0.07199999999999998
420 0.06400000000000002
421 0.07199999999999998
422 0.06400000000000002
423 0.07199999999999998
424 0.06400000000000002
425 0.06400000000000002
426 0.06400000000000002
427 0.06400000000000002
428 0.06400000000000002
429 0.07199999999999998
430 0.06400000000000002
431 0.07199999999999998
432 0.06400000000000002
433 0.07199999999999998
434 0.06400000000000002
435 0.07199999999999998
436 0.06400000000000002
437 0.06400000000000002
438 0.06400000000000002
439 0.06400000000000002
440 0.06400000000000002
441 0.07199999999999998
442 0.06400000000000002
443 0.07199999999999998
444 0.06400000000000002
445 0.07199999999999998
446 0.06400000000000002
447 0.07199999999999998
448 0.06400000000000002
449 0.06400000000000002
450 0.06400000000000002
451 0.06400000000000002
452 0.06400000000000002
453 0.07199999999999998
454 0.06400000000000002
455 0.07199999999999998
456 0.06400000000000002
457 0.07199999999999998
458 0.06400000000000002
459 0.07199999999999998
460 0.06400000000000002
461 0.06400000000000002
462 0.06400000000000002
463 0.06400000000000002
464 0.06400000000000002
465 0.07199999999999998
466 0.06400000000000002
467 0.07199999999999998
468 0.06400000000000002
469 0.07199999999999998
470 0.06400000000000002
471 0.07199999999999998
472 0.06400000000000002
473 0.06400000000000002
474 0.06400000000000002
475 0.06400000000000002
476 0.06400000000000002
477 0.07199999999999998
478 0.06400000000000002
479 0.07199999999999998
480 0.06400000000000002
481 0.07199999999999998
482 0.06400000000000002
483 0.07199999999999998
484 0.06400000000000002
485 0.06400000000000002
486 0.06400000000000002
487 0.06400000000000002
488 0.06400000000000002
489 0.07199999999999998
490 0.06400000000000002
491 0.07199999999999998
492 0.06400000000000002
493 0.07199999999999998
494 0.06400000000000002
495 0.07199999999999998
496 0.06400000000000002
497 0.06400000000000002
498 0.06400000000000002
499 0.06400000000000002
500 0.06400000000000002
501 0.07199999999999998
502 0.06400000000000002
503 0.07199999999999998
504 0.06400000000000002
505 0.07199999999999998
506 0.06400000000000002
507 0.07199999999999998
508 0.06400000000000002
509 0.06400000000000002
510 0.06400000000000002
511 0.06400000000000002
512 0.06400000000000002
513 0.07199999999999998
514 0.06400000000000002
515 0.07199999999999998
516 0.06400000000000002
517 0.07199999999999998
518 0.06400000000000002
519 0.07199999999999998
520 0.06400000000000002
521 0.06400000000000002
522 0.06400000000000002
523 0.06400000000000002
524 0.06400000000000002
525 0.07199999999999998
526 0.06400000000000002
527 0.07199999999999998
528 0.06400000000000002
529 0.07199999999999998
530 0.06400000000000002
531 0.07199999999999998
532 0.06400000000000002
533 0.06400000000000002
534 0.06400000000000002
535 0.06400000000000002
536 0.06400000000000002
537 0.07199999999999998
538 0.06400000000000002
539 0.07199999999999998
540 0.06400000000000002
541 0.07199999999999998
542 0.06400000000000002
543 0.07199999999999998
544 0.06400000000000002
545 0.06400000000000002
546 0.06400000000000002
547 0.06400000000000002
548 0.06400000000000002
549 0.07199999999999998
550 0.06400000000000002
551 0.07199999999999998
552 0.06400000000000002
553 0.07199999999999998
554 0.06400000000000002
555 0.07199999999999998
556 0.06400000000000002
557 0.06400000000000002
558 0.06400000000000002
559 0.06400000000000002
560 0.06400000000000002
561 0.07199999999999998
562 0.06400000000000002
563 0.07199999999999998
564 0.06400000000000002
565 0.07199999999999998
566 0.06400000000000002
567 0.07199999999999998
568 0.06400000000000002
569 0.06400000000000002
570 0.06400000000000002
571 0.06400000000000002
572 0.06400000000000002
573 0.07199999999999998
574 0.06400000000000002
575 0.07199999999999998
576 0.06400000000000002
577 0.07199999999999998
578 0.06400000000000002
579 0.07199999999999998
580 0.06400000000000002
581 0.06400000000000002
582 0.06400000000000002
583 0.06400000000000002
584 0.06400000000000002
585 0.07199999999999998
586 0.06400000000000002
587 0.07199999999999998
588 0.06400000000000002
589 0.07199999999999998
590 0.06400000000000002
591 0.07199999999999998
592 0.06400000000000002
593 0.06400000000000002
594 0.06400000000000002
595 0.06400000000000002
596 0.06400000000000002
597 0.07199999999999998
598 0.06400000000000002
599 0.07199999999999998
600 0.06400000000000002
601 0.07199999999999998
602 0.06400000000000002
603 0.07199999999999998
604 0.06400000000000002
605 0.06400000000000002
606 0.06400000000000002
607 0.06400000000000002
608 0.06400000000000002
609 0.07199999999999998
610 0.06400000000000002
611 0.07199999999999998
612 0.06400000000000002
613 0.07199999999999998
614 0.06400000000000002
615 0.07199999999999998
616 0.06400000000000002
617 0.06400000000000002
618 0.06400000000000002
619 0.06400000000000002
620 0.06400000000000002
621 0.07199999999999998
622 0.06400000000000002
623 0.07199999999999998
624 0.06400000000000002
625 0.07199999999999998
626 0.06400000000000002
627 0.07199999999999998
628 0.06400000000000002
629 0.06400000000000002
630 0.06400000000000002
631 0.06400000000000002
632 0.06400000000000002
633 0.07199999999999998
634 0.06400000000000002
635 0.07199999999999998
636 0.06400000000000002
637 0.07199999999999998
638 0.06400000000000002
639 0.07199999999999998
640 0.06400000000000002
641 0.06400000000000002
642 0.06400000000000002
643 0.06400000000000002
644 0.06400000000000002
645 0.07199999999999998
646 0.06400000000000002
647 0.07199999999999998
648 0.06400000000000002
649 0.07199999999999998
650 0.06400000000000002
651 0.07199999999999998
652 0.06400000000000002
653 0.06400000000000002
654 0.06400000000000002
655 0.06400000000000002
656 0.06400000000000002
657 0.07199999999999998
658 0.06400000000000002
659 0.07199999999999998
660 0.06400000000000002
661 0.07199999999999998
662 0.06400000000000002
663 0.07199999999999998
664 0.06400000000000002
665 0.06400000000000002
666 0.06400000000000002
667 0.06400000000000002
668 0.06400000000000002
669 0.07199999999999998
670 0.06400000000000002
671 0.07199999999999998
672 0.06400000000000002
673 0.07199999999999998
674 0.06400000000000002
675 0.07199999999999998
676 0.06400000000000002
677 0.06400000000000002
678 0.06400000000000002
679 0.06400000000000002
680 0.06400000000000002
681 0.07199999999999998
682 0.06400000000000002
683 0.07199999999999998
684 0.06400000000000002
685 0.07199999999999998
686 0.06400000000000002
687 0.07199999999999998
688 0.06400000000000002
689 0.06400000000000002
690 0.06400000000000002
691 0.06400000000000002
692 0.06400000000000002
693 0.07199999999999998
694 0.06400000000000002
695 0.07199999999999998
696 0.06400000000000002
697 0.07199999999999998
698 0.06400000000000002
699 0.07199999999999998
700 0.06400000000000002
701 0.06400000000000002
702 0.06400000000000002
703 0.06400000000000002
704 0.06400000000000002
705 0.07199999999999998
706 0.06400000000000002
707 0.07199999999999998
708 0.06400000000000002
709 0.07199999999999998
710 0.06400000000000002
711 0.07199999999999998
712 0.06400000000000002
713 0.06400000000000002
714 0.06400000000000002
715 0.06400000000000002
716 0.06400000000000002
717 0.07199999999999998
718 0.06400000000000002
719 0.07199999999999998
720 0.06400000000000002
721 0.07199999999999998
722 0.06400000000000002
723 0.07199999999999998
724 0.06400000000000002
725 0.06400000000000002
726 0.06400000000000002
727 0.06400000000000002
728 0.06400000000000002
729 0.07199999999999998
730 0.06400000000000002
731 0.07199999999999998
732 0.06400000000000002
733 0.07199999999999998
734 0.06400000000000002
735 0.07199999999999998
736 0.06400000000000002
737 0.06400000000000002
738 0.06400000000000002
739 0.06400000000000002
740 0.06400000000000002
741 0.07199999999999998
742 0.06400000000000002
743 0.07199999999999998
744 0.06400000000000002
745 0.07199999999999998
746 0.06400000000000002
747 0.07199999999999998
748 0.06400000000000002
749 0.06400000000000002
750 0.06400000000000002
751 0.06400000000000002
752 0.06400000000000002
753 0.07199999999999998
754 0.06400000000000002
755 0.07199999999999998
756 0.06400000000000002
757 0.07199999999999998
758 0.06400000000000002
759 0.07199999999999998
760 0.06400000000000002
761 0.06400000000000002
762 0.06400000000000002
763 0.06400000000000002
764 0.06400000000000002
765 0.07199999999999998
766 0.06400000000000002
767 0.07199999999999998
768 0.06400000000000002
769 0.07199999999999998
770 0.06400000000000002
771 0.07199999999999998
772 0.06400000000000002
773 0.06400000000000002
774 0.06400000000000002
775 0.06400000000000002
776 0.06400000000000002
777 0.07199999999999998
778 0.06400000000000002
779 0.07199999999999998
780 0.06400000000000002
781 0.07199999999999998
782 0.06400000000000002
783 0.07199999999999998
784 0.06400000000000002
785 0.06400000000000002
786 0.06400000000000002
787 0.06400000000000002
788 0.06400000000000002
789 0.07199999999999998
790 0.06400000000000002
791 0.07199999999999998
792 0.06400000000000002
793 0.07199999999999998
794 0.06400000000000002
795 0.07199999999999998
796 0.06400000000000002
797 0.06400000000000002
798 0.06400000000000002
799 0.06400000000000002
800 0.06400000000000002
801 0.07199999999999998
802 0.06400000000000002
803 0.07199999999999998
804 0.06400000000000002
805 0.07199999999999998
806 0.06400000000000002
807 0.07199999999999998
808 0.06400000000000002
809 0.06400000000000002
810 0.06400000000000002
811 0.06400000000000002
812 0.06400000000000002
813 0.07199999999999998
814 0.06400000000000002
815 0.07199999999999998
816 0.06400000000000002
817 0.07199999999999998
818 0.06400000000000002
819 0.07199999999999998
820 0.06400000000000002
821 0.06400000000000002
822 0.06400000000000002
823 0.06400000000000002
824 0.06400000000000002
825 0.07199999999999998
826 0.06400000000000002
827 0.07199999999999998
828 0.06400000000000002
829 0.07199999999999998
830 0.06400000000000002
831 0.07199999999999998
832 0.06400000000000002
833 0.06400000000000002
834 0.06400000000000002
835 0.06400000000000002
836 0.06400000000000002
837 0.07199999999999998
838 0.06400000000000002
839 0.07199999999999998
840 0.06400000000000002
841 0.07199999999999998
842 0.06400000000000002
843 0.07199999999999998
844 0.06400000000000002
845 0.06400000000000002
846 0.06400000000000002
847 0.06400000000000002
848 0.06400000000000002
849 0.07199999999999998
850 0.06400000000000002
851 0.07199999999999998
852 0.06400000000000002
853 0.07199999999999998
854 0.06400000000000002
855 0.07199999999999998
856 0.06400000000000002
857 0.06400000000000002
858 0.06400000000000002
859 0.06400000000000002
860 0.06400000000000002
861 0.07199999999999998
862 0.06400000000000002
863 0.07199999999999998
864 0.06400000000000002
865 0.07199999999999998
866 0.06400000000000002
867 0.07199999999999998
868 0.06400000000000002
869 0.06400000000000002
870 0.06400000000000002
871 0.06400000000000002
872 0.06400000000000002
873 0.07199999999999998
874 0.06400000000000002
875 0.07199999999999998
876 0.06400000000000002
877 0.07199999999999998
878 0.06400000000000002
879 0.07199999999999998
880 0.06400000000000002
881 0.06400000000000002
882 0.06400000000000002
883 0.06400000000000002
884 0.06400000000000002
885 0.07199999999999998
886 0.06400000000000002
887 0.07199999999999998
888 0.06400000000000002
889 0.07199999999999998
890 0.06400000000000002
891 0.07199999999999998
892 0.06400000000000002
893 0.06400000000000002
894 0.06400000000000002
895 0.06400000000000002
896 0.06400000000000002
897 0.07199999999999998
898 0.06400000000000002
899 0.07199999999999998
900 0.06400000000000002
901 0.07199999999999998
902 0.06400000000000002
903 0.07199999999999998
904 0.06400000000000002
905 0.06400000000000002
906 0.06400000000000002
907 0.06400000000000002
908 0.06400000000000002
909 0.07199999999999998
910 0.06400000000000002
911 0.07199999999999998
912 0.06400000000000002
913 0.07199999999999998
914 0.06400000000000002
915 0.07199999999999998
916 0.06400000000000002
917 0.06400000000000002
918 0.06400000000000002
919 0.06400000000000002
920 0.06400000000000002
921 0.07199999999999998
922 0.06400000000000002
923 0.07199999999999998
924 0.06400000000000002
925 0.07199999999999998
926 0.06400000000000002
927 0.07199999999999998
928 0.06400000000000002
929 0.06400000000000002
930 0.06400000000000002
931 0.06400000000000002
932 0.06400000000000002
933 0.07199999999999998
934 0.06400000000000002
935 0.07199999999999998
936 0.06400000000000002
937 0.07199999999999998
938 0.06400000000000002
939 0.07199999999999998
940 0.06400000000000002
941 0.06400000000000002
942 0.06400000000000002
943 0.06400000000000002
944 0.06400000000000002
945 0.07199999999999998
946 0.06400000000000002
947 0.07199999999999998
948 0.06400000000000002
949 0.07199999999999998
950 0.06400000000000002
951 0.07199999999999998
952 0.06400000000000002
953 0.06400000000000002
954 0.06400000000000002
955 0.06400000000000002
956 0.06400000000000002
957 0.07199999999999998
958 0.06400000000000002
959 0.07199999999999998
960 0.06400000000000002
961 0.07199999999999998
962 0.06400000000000002
963 0.07199999999999998
964 0.06400000000000002
965 0.06400000000000002
966 0.06400000000000002
967 0.06400000000000002
968 0.06400000000000002
969 0.07199999999999998
970 0.06400000000000002
971 0.07199999999999998
972 0.06400000000000002
973 0.07199999999999998
974 0.06400000000000002
975 0.07199999999999998
976 0.06400000000000002
977 0.06400000000000002
978 0.06400000000000002
979 0.06400000000000002
980 0.06400000000000002
981 0.07199999999999998
982 0.06400000000000002
983 0.07199999999999998
984 0.06400000000000002
985 0.07199999999999998
986 0.06400000000000002
987 0.07199999999999998
988 0.06400000000000002
989 0.06400000000000002
990 0.06400000000000002
991 0.06400000000000002
992 0.06400000000000002
993 0.07199999999999998
994 0.06400000000000002
995 0.07199999999999998
996 0.06400000000000002
997 0.07199999999999998
998 0.06400000000000002
999 0.07199999999999998
