1 1.0
2 0.0
3 0.4
4 0.7
5 0.0
6 0.0
7 0.0
8 0.6
9 0.0
10 0.4
11 0.0
12 0.0
13 0.6
14 0.0
15 0.0
16 0.3
17 0.1
18 0.6
19 0.0
20 0.0
21 0.3
22 0.4
23 0.2
24 0.2
25 0.0
26 0.3
27 0.6
28 0.0
29 0.0
30 0.3
31 0.1
32 0.6
33 0.0
34 0.3
35 0.0
36 0.4
37 0.2
38 0.4
39 0.0
40 0.0
41 0.6
42 0.0
43 0.3
44 0.0
45 0.1
46 0.6
47 0.0
48 0.0
49 0.0
50 0.7
51 0.2
52 0.1
53 0.0
54 0.3
55 0.6
56 0.0
57 0.0
58 0.0
59 0.4
60 0.6
61 0.0
62 0.0
63 0.0
64 0.7
65 0.2
66 0.1
67 0.3
68 0.0
69 0.6
70 0.0
71 0.3
72 0.0
73 0.1
74 0.6
75 0.0
76 0.3
77 0.0
78 0.4
79 0.2
80 0.0
81 0.1
82 0.0
83 0.9
84 0.0
85 0.0
86 0.0
87 0.0
88 1.0
89 0.0
90 0.0
91 0.0
92 0.7
93 0.2
94 0.0
95 0.1
96 0.0
97 0.9
98 0.0
99 0.0
100 0.3
101 0.0
102 0.7
103 0.0
104 0.0
105 0.3
106 0.4
107 0.2
108 0.0
109 0.1
110 0.3
111 0.6
112 0.0
113 0.0
114 0.0
115 0.0
116 1.0
117 0.1
118 0.0
119 0.0
120 0.4
121 0.5
122 0.0
123 0.0
124 0.1
125 0.9
126 0.0
127 0.0
128 0.0
129 0.0
130 1.0
131 0.0
132 0.0
133 0.3
134 0.6
135 0.0
136 0.0
137 0.0
138 0.3
139 0.7
140 0.0
141 0.0
142 0.0
143 0.3
144 0.6
145 0.1
146 0.0
147 0.0
148 0.6
149 0.0
150 0.3
151 0.0
152 0.1
153 0.6
154 0.3
155 0.0
156 0.0
157 0.3
158 0.3
159 0.3
160 0.1
161 0.0
162 0.6
163 0.3
164 0.0
165 0.0
166 0.0
167 0.9
168 0.1
169 0.0
170 0.0
171 0.7
172 0.2
173 0.0
174 0.0
175 0.0
176 1.0
177 0.0
178 0.0
179 0.0
180 0.0
181 0.6
182 0.0
183 0.3
184 0.2
185 0.4
186 0.2
187 0.3
188 0.0
189 0.0
190 0.7
191 0.0
192 0.3
193 0.0
194 0.0
195 0.6
196 0.0
197 0.3
198 0.1
199 0.4
200 0.5
201 0.0
202 0.0
203 0.0
204 0.6
205 0.3
206 0.1
207 0.0
208 0.0
209 0.9
210 0.0
211 0.0
212 0.0
213 0.4
214 0.4
215 0.0
216 0.3
217 0.0
218 0.6
219 0.0
220 0.1
221 0.3
222 0.0
223 0.6
224 0.0
225 0.3
226 0.0
227 0.4
228 0.3
229 0.0
230 0.3
231 0.0
232 0.6
233 0.3
234 0.0
235 0.0
236 0.1
237 0.6
238 0.3
239 0.0
240 0.0
241 0.4
242 0.2
243 0.3
244 0.2
245 0.0
246 0.6
247 0.0
248 0.0
249 0.3
250 0.1
251 0.6
252 0.0
253 0.0
254 0.3
255 0.4
256 0.2
257 0.1
258 0.0
259 0.3
260 0.6
261 0.0
262 0.0
263 0.3
264 0.1
265 0.6
266 0.0
267 0.3
268 0.0
269 0.4
270 0.2
271 0.4
272 0.0
273 0.0
274 0.6
275 0.0
276 0.3
277 0.1
278 0.0
279 0.6
280 0.0
281 0.0
282 0.0
283 0.7
284 0.2
285 0.1
286 0.0
287 0.3
288 0.6
289 0.0
290 0.0
291 0.0
292 0.4
293 0.6
294 0.0
295 0.0
296 0.3
297 0.4
298 0.2
299 0.0
300 0.4
301 0.0
302 0.6
303 0.0
304 0.3
305 0.0
306 0.1
307 0.6
308 0.0
309 0.3
310 0.0
311 0.4
312 0.2
313 0.1
314 0.0
315 0.0
316 0.9
317 0.0
318 0.0
319 0.0
320 0.0
321 0.9
322 0.1
323 0.0
324 0.0
325 0.7
326 0.2
327 0.0
328 0.0
329 0.1
330 0.9
331 0.0
332 0.0
333 0.3
334 0.0
335 0.6
336 0.0
337 0.1
338 0.3
339 0.6
340 0.0
341 0.0
342 0.0
343 0.3
344 0.7
345 0.0
346 0.0
347 0.0
348 0.0
349 0.9
350 0.0
351 0.1
352 0.0
353 0.6
354 0.3
355 0.0
356 0.0
357 0.1
358 0.9
359 0.0
360 0.0
361 0.0
362 0.1
363 0.8
364 0.1
365 0.0
366 0.3
367 0.6
368 0.0
369 0.0
370 0.0
371 0.4
372 0.6
373 0.0
374 0.0
375 0.0
376 0.7
377 0.2
378 0.1
379 0.0
380 0.0
381 0.6
382 0.3
383 0.0
384 0.0
385 0.1
386 0.6
387 0.3
388 0.0
389 0.0
390 0.4
391 0.2
392 0.4
393 0.0
394 0.0
395 0.6
396 0.3
397 0.0
398 0.0
399 0.1
400 0.9
401 0.0
402 0.0
403 0.0
404 0.7
405 0.2
406 0.1
407 0.0
408 0.0
409 0.9
410 0.0
411 0.0
412 0.0
413 0.1
414 0.6
415 0.0
416 0.3
417 0.0
418 0.4
419 0.2
420 0.4
421 0.0
422 0.0
423 0.6
424 0.0
425 0.3
426 0.0
427 0.1
428 0.6
429 0.0
430 0.3
431 0.0
432 0.4
433 0.5
434 0.1
435 0.0
436 0.0
437 0.9
438 0.0
439 0.0
440 0.0
441 0.1
442 0.9
443 0.0
444 0.0
445 0.0
446 0.4
447 0.2
448 0.1
449 0.3
450 0.0
451 0.6
452 0.0
453 0.0
454 0.3
455 0.0
456 0.7
457 0.0
458 0.3
459 0.0
460 0.4
461 0.2
462 0.1
463 0.3
464 0.0
465 0.6
466 0.3
467 0.0
468 0.0
469 0.1
470 0.6
471 0.3
472 0.0
473 0.0
474 0.4
475 0.2
476 0.4
477 0.0
478 0.0
479 0.6
480 0.0
481 0.0
482 0.3
483 0.0
484 0.7
485 0.0
486 0.0
487 0.3
488 0.4
489 0.2
490 0.0
491 0.0
492 0.4
493 0.6
494 0.0
495 0.0
496 0.3
497 0.0
498 0.6
499 0.0
500 0.4
501 0.0
502 0.4
503 0.2
504 0.3
505 0.0
506 0.0
507 0.6
508 0.0
509 0.4
510 0.0
511 0.0
512 0.6
513 0.0
514 0.0
515 0.0
516 0.7
517 0.3
518 0.0
519 0.0
520 0.3
521 0.6
522 0.0
523 0.0
524 0.0
525 0.4
526 0.6
527 0.0
528 0.0
529 0.3
530 0.4
531 0.2
532 0.0
533 0.4
534 0.0
535 0.6
536 0.0
537 0.3
538 0.0
539 0.0
540 0.6
541 0.1
542 0.3
543 0.0
544 0.6
545 0.0
546 0.0
547 0.0
548 0.0
549 1.0
550 0.0
551 0.0
552 0.0
553 0.3
554 0.6
555 0.0
556 0.0
557 0.1
558 0.9
559 0.0
560 0.0
561 0.0
562 0.0
563 0.9
564 0.0
565 0.1
566 0.3
567 0.0
568 0.6
569 0.0
570 0.0
571 0.3
572 0.6
573 0.1
574 0.0
575 0.0
576 0.3
577 0.6
578 0.0
579 0.0
580 0.0
581 0.5
582 0.5
583 0.0
584 0.0
585 0.0
586 0.6
587 0.3
588 0.0
589 0.1
590 0.0
591 0.9
592 0.0
593 0.0
594 0.0
595 0.4
596 0.5
597 0.1
598 0.0
599 0.3
600 0.6
601 0.0
602 0.0
603 0.0
604 0.3
605 0.7
606 0.0
607 0.0
608 0.0
609 0.7
610 0.2
611 0.0
612 0.0
613 0.1
614 0.6
615 0.3
616 0.0
617 0.0
618 0.0
619 0.6
620 0.3
621 0.0
622 0.1
623 0.4
624 0.2
625 0.3
626 0.0
627 0.0
628 0.6
629 0.3
630 0.1
631 0.0
632 0.0
633 0.9
634 0.0
635 0.0
636 0.0
637 0.7
638 0.3
639 0.0
640 0.0
641 0.0
642 0.9
643 0.0
644 0.0
645 0.0
646 0.1
647 0.6
648 0.0
649 0.3
650 0.0
651 0.4
652 0.2
653 0.3
654 0.1
655 0.0
656 0.6
657 0.0
658 0.3
659 0.0
660 0.0
661 0.6
662 0.1
663 0.3
664 0.0
665 0.4
666 0.5
667 0.0
668 0.0
669 0.0
670 1.0
671 0.0
672 0.0
673 0.0
674 0.0
675 0.9
676 0.0
677 0.0
678 0.1
679 0.4
680 0.2
681 0.0
682 0.3
683 0.0
684 0.6
685 0.0
686 0.1
687 0.3
688 0.0
689 0.6
690 0.0
691 0.3
692 0.0
693 0.4
694 0.3
695 0.0
696 0.3
697 0.0
698 0.6
699 0.3
700 0.0
701 0.0
702 0.1
703 0.6
704 0.3
705 0.0
706 0.0
707 0.4
708 0.2
709 0.3
710 0.1
711 0.0
712 0.6
713 0.0
714 0.0
715 0.3
716 0.0
717 0.6
718 0.1
719 0.0
720 0.3
721 0.4
722 0.2
723 0.0
724 0.0
725 0.3
726 0.6
727 0.1
728 0.0
729 0.3
730 0.0
731 0.6
732 0.0
733 0.3
734 0.0
735 0.5
736 0.2
737 0.3
738 0.0
739 0.0
740 0.6
741 0.0
742 0.3
743 0.1
744 0.0
745 0.6
746 0.0
747 0.0
748 0.0
749 0.9
750 0.0
751 0.1
752 0.0
753 0.3
754 0.6
755 0.0
756 0.0
757 0.0
758 0.3
759 0.7
760 0.0
761 0.0
762 0.3
763 0.6
764 0.0
765 0.0
766 0.3
767 0.1
768 0.6
769 0.0
770 0.3
771 0.0
772 0.0
773 0.6
774 0.0
775 0.4
776 0.0
777 0.6
778 0.0
779 0.0
780 0.0
781 0.0
782 0.9
783 0.1
784 0.0
785 0.0
786 0.7
787 0.2
788 0.0
789 0.0
790 0.0
791 1.0
792 0.0
793 0.0
794 0.0
795 0.0
796 0.9
797 0.0
798 0.0
799 0.4
800 0.4
801 0.2
802 0.0
803 0.0
804 0.3
805 0.6
806 0.0
807 0.1
808 0.3
809 0.0
810 0.6
811 0.0
812 0.0
813 0.0
814 0.4
815 0.6
816 0.0
817 0.0
818 0.0
819 0.6
820 0.3
821 0.0
822 0.0
823 0.1
824 0.9
825 0.0
826 0.0
827 0.0
828 0.4
829 0.5
830 0.0
831 0.1
832 0.3
833 0.6
834 0.0
835 0.0
836 0.0
837 0.3
838 0.6
839 0.0
840 0.1
841 0.0
842 0.7
843 0.2
844 0.0
845 0.0
846 0.0
847 0.6
848 0.4
849 0.0
850 0.0
851 0.0
852 0.6
853 0.3
854 0.0
855 0.0
856 0.5
857 0.2
858 0.3
859 0.0
860 0.0
861 0.6
862 0.3
863 0.0
864 0.1
865 0.0
866 0.9
867 0.0
868 0.0
869 0.0
870 0.7
871 0.2
872 0.1
873 0.0
874 0.0
875 0.9
876 0.0
877 0.0
878 0.0
879 0.0
880 0.7
881 0.0
882 0.3
883 0.0
884 0.4
885 0.2
886 0.3
887 0.0
888 0.1
889 0.6
890 0.0
891 0.3
892 0.0
893 0.0
894 0.6
895 0.0
896 0.4
897 0.0
898 0.4
899 0.5
900 0.0
901 0.0
902 0.0
903 0.9
904 0.1
905 0.0
906 0.0
907 0.0
908 0.9
909 0.0
910 0.0
911 0.0
912 0.5
913 0.2
914 0.0
915 0.3
916 0.0
917 0.6
918 0.0
919 0.0
920 0.4
921 0.0
922 0.6
923 0.0
924 0.3
925 0.0
926 0.4
927 0.2
928 0.1
929 0.3
930 0.0
931 0.6
932 0.3
933 0.0
934 0.0
935 0.0
936 0.7
937 0.3
938 0.0
939 0.0
940 0.4
941 0.2
942 0.3
943 0.0
944 0.0
945 0.7
946 0.0
947 0.0
948 0.3
949 0.0
950 0.6
951 0.0
952 0.0
953 0.4
954 0.5
955 0.1
956 0.0
957 0.3
958 0.0
959 0.6
960 0.0
961 0.1
962 0.3
963 0.0
964 0.6
965 0.3
966 0.0
967 0.0
968 0.6
969 0.1
970 0.3
971 0.0
972 0.0
973 0.6
974 0.0
975 0.3
976 0.0
977 0.1
978 0.6
979 0.0
980 0.0
981 0.0
982 0.9
983 0.0
984 0.0
985 0.1
986 0.3
987 0.6
988 0.0
989 0.0
990 0.0
991 0.7
992 0.2
993 0.1
994 0.0
995 0.3
996 0.6
997 0.0
998 0.0
999 0.3
1000 0.0
