0 0
1 50
2 83
3 83
4 42
5 67
6 83
7 83
8 84
9 83
10 83
11 92
12 92
13 34
14 49
15 83
16 83
17 84
18 83
19 91
20 17
21 49
22 59
23 91
24 92
25 83
26 83
27 33
28 50
29 67
30 67
31 92
32 92
33 92
34 17
35 50
36 66
37 75
38 83
39 84
40 91
41 17
42 50
43 66
44 75
45 83
46 83
47 92
48 17
49 50
50 67
51 75
52 83
53 83
54 92
55 18
56 50
57 75
58 91
59 92
60 83
61 92
62 17
63 50
64 58
65 74
66 92
67 83
68 92
69 18
70 50
71 58
72 74
73 84
74 83
75 91
76 17
77 49
78 75
79 84
80 83
81 83
82 83
83 92
84 92
85 33
86 58
87 67
88 83
89 84
90 91
91 91
92 33
93 59
94 66
95 75
96 92
97 92
98 33
99 50
100 67
101 74
102 84
103 91
104 92
105 17
106 49
107 66
108 75
109 83
110 84
111 91
112 22
113 50
114 75
115 83
116 83
117 83
118 84
119 84
120 33
121 58
122 75
123 83
124 83
125 92
126 92
127 25
128 66
129 83
130 84
131 83
132 83
133 41
134 59
135 75
136 83
137 75
138 83
139 83
140 92
141 91
142 33
143 58
144 75
145 83
146 91
147 92
148 92
149 34
150 50
151 67
152 91
153 92
154 92
155 17
156 41
157 50
158 83
159 91
160 92
161 91
162 92
163 18
164 58
165 75
166 83
167 83
168 83
169 83
170 91
171 91
172 50
173 74
174 84
175 83
176 83
177 83
178 92
179 92
180 50
181 75
182 83
183 83
184 84
185 83
186 83
187 17
188 50
189 75
190 83
191 84
192 83
193 17
194 41
195 50
196 83
197 91
198 92
199 91
200 92
201 17
202 58
203 75
204 83
205 83
206 84
207 83
208 91
209 91
210 49
211 75
212 84
213 83
214 83
215 83
216 83
217 33
218 50
219 74
220 84
221 83
222 83
223 17
224 42
225 67
226 83
227 92
228 91
229 92
230 91
231 17
232 58
233 75
234 83
235 83
236 83
237 83
238 92
239 17
240 50
241 75
242 83
243 83
244 83
245 84
246 84
247 33
248 58
249 75
250 83
251 83
252 83
253 17
254 42
255 66
256 84
257 91
258 92
259 92
260 17
261 50
262 66
263 84
264 91
265 92
266 92
267 33
268 58
269 75
270 83
271 92
272 91
273 91
274 33
275 50
276 75
277 83
278 83
279 83
280 25
281 66
282 75
283 83
284 83
285 83
286 83
287 83
288 17
289 42
290 75
291 83
292 91
293 92
294 92
295 17
296 41
297 74
298 84
299 83
300 91
301 92
302 91
303 17
304 50
305 67
306 75
307 83
308 92
309 17
310 42
311 58
312 67
313 84
314 91
315 92
316 92
317 33
318 75
319 83
320 83
321 83
322 83
323 91
324 91
325 33
326 67
327 83
328 92
329 91
330 83
331 92
332 17
333 50
334 67
335 83
336 91
337 83
338 91
339 91
340 34
341 58
342 66
343 75
344 83
345 92
346 92
347 34
348 58
349 66
350 75
351 83
352 91
353 91
354 33
355 59
356 66
357 75
358 83
359 92
360 33
361 50
362 67
363 75
364 83
365 91
366 92
367 17
368 50
369 66
370 75
371 83
372 84
373 91
374 17
375 50
376 67
377 75
378 83
379 83
380 92
381 17
382 50
383 67
384 75
385 83
386 83
387 92
388 17
389 50
390 66
391 75
392 84
393 83
394 91
395 17
396 50
397 66
398 75
399 83
400 83
401 92
402 17
403 50
404 67
405 75
406 83
407 83
408 92
409 17
410 50
411 67
412 75
413 83
414 83
415 91
416 17
417 50
418 66
419 75
420 83
421 84
422 91
423 17
424 50
425 67
426 75
427 83
428 83
429 92
430 17
431 50
432 67
433 75
434 83
435 83
436 92
437 17
438 50
439 66
440 75
441 84
442 83
443 91
444 17
445 50
446 67
447 83
448 92
449 83
450 92
451 92
452 33
453 58
454 75
455 92
456 91
457 83
458 92
459 17
460 50
461 67
462 75
463 83
464 91
465 17
466 50
467 58
468 75
469 83
470 92
471 91
472 17
473 50
474 58
475 75
476 83
477 83
478 92
479 17
480 50
481 75
482 83
483 83
484 84
485 83
486 91
487 91
488 50
489 75
490 83
491 84
492 83
493 83
494 92
495 92
496 50
497 75
498 83
499 83
500 83
501 83
502 91
503 91
504 33
505 75
506 83
507 84
508 83
509 83
510 92
511 92
512 33
513 75
514 83
515 83
516 83
517 84
518 91
519 91
520 33
521 75
522 83
523 84
524 83
525 83
526 92
527 92
528 33
529 75
530 83
531 83
532 83
533 83
534 84
535 91
536 33
537 50
538 83
539 83
540 84
541 83
542 83
543 92
544 34
545 50
546 84
547 83
548 83
549 83
550 83
551 92
552 33
553 50
554 75
555 83
556 84
557 83
558 83
559 91
560 17
561 50
562 74
563 83
564 83
565 83
566 83
567 92
568 17
569 50
570 75
571 83
572 83
573 84
574 83
575 91
576 17
577 49
578 75
579 84
580 83
581 83
582 83
583 92
584 17
585 50
586 75
587 83
588 83
589 84
590 83
591 91
592 17
593 50
594 75
595 83
596 84
597 83
598 83
599 92
600 92
601 50
602 75
603 83
604 83
605 83
606 84
607 91
608 91
609 50
610 75
611 83
612 84
613 83
614 83
615 92
616 92
617 33
618 75
619 83
620 83
621 83
622 84
623 91
624 91
625 33
626 75
627 83
628 83
629 84
630 83
631 92
632 92
633 34
634 75
635 83
636 83
637 83
638 83
639 84
640 91
641 33
642 50
643 83
644 83
645 84
646 83
647 83
648 92
649 34
650 50
651 84
652 83
653 83
654 83
655 83
656 92
657 33
658 50
659 83
660 83
661 83
662 84
663 83
664 91
665 34
666 49
667 75
668 83
669 83
670 83
671 83
672 92
673 17
674 50
675 75
676 83
677 83
678 84
679 83
680 91
681 17
682 50
683 75
684 83
685 83
686 83
687 83
688 92
689 17
690 50
691 75
692 83
693 83
694 84
695 83
696 91
697 17
698 50
699 75
700 83
701 84
702 83
703 83
704 92
705 92
706 50
707 75
708 83
709 83
710 83
711 84
712 91
713 91
714 50
715 75
716 83
717 83
718 84
719 83
720 92
721 92
722 34
723 75
724 83
725 83
726 83
727 84
728 91
729 91
730 33
731 75
732 83
733 83
734 84
735 83
736 92
737 92
738 34
739 74
740 84
741 83
742 83
743 83
744 92
745 92
746 33
747 75
748 83
749 83
750 84
751 83
752 83
753 91
754 34
755 50
756 84
757 83
758 83
759 83
760 83
761 92
762 33
763 50
764 83
765 83
766 83
767 84
768 83
769 91
770 34
771 49
772 75
773 83
774 83
775 83
776 83
777 92
778 17
779 50
780 75
781 83
782 83
783 84
784 83
785 91
786 17
787 50
788 75
789 83
790 83
791 83
792 83
793 92
794 17
795 50
796 75
797 83
798 83
799 83
800 84
801 91
802 17
803 50
804 75
805 83
806 84
807 83
808 83
809 92
810 92
811 50
812 75
813 83
814 83
815 83
816 84
817 91
818 91
819 50
820 75
821 83
822 83
823 83
824 83
825 92
826 92
827 50
828 75
829 83
830 83
831 83
832 84
833 91
834 91
835 33
836 75
837 83
838 83
839 84
840 83
841 91
842 91
843 34
844 74
845 84
846 83
847 83
848 83
849 92
850 92
851 33
852 75
853 83
854 83
855 83
856 84
857 83
858 91
859 34
860 49
861 84
862 83
863 83
864 83
865 83
866 92
867 33
868 50
869 83
870 83
871 83
872 84
873 83
874 91
875 33
876 50
877 75
878 84
879 83
880 83
881 83
882 92
883 17
884 50
885 75
886 83
887 83
888 84
889 83
890 91
891 17
892 50
893 75
894 84
895 83
896 83
897 83
898 92
899 18
900 50
901 75
902 83
903 83
904 83
905 84
906 91
907 17
908 50
909 75
910 83
911 84
912 83
913 83
914 92
915 17
916 50
917 75
918 83
919 83
920 83
921 84
922 91
923 91
924 50
925 75
926 83
927 83
928 83
929 83
930 92
931 92
932 50
933 74
934 84
935 83
936 83
937 83
938 92
939 92
940 33
941 75
942 83
943 83
944 84
945 83
946 91
947 91
948 34
949 75
950 84
951 83
952 83
953 83
954 92
955 92
956 33
957 75
958 83
959 83
960 83
961 84
962 83
963 91
964 33
965 75
966 83
967 84
968 83
969 83
970 83
971 92
972 33
973 50
974 83
975 83
976 83
977 84
978 83
979 91
980 33
981 50
982 83
983 84
984 83
985 83
986 83
987 92
988 33
989 50
990 75
991 83
992 83
993 83
994 84
995 91
996 17
997 50
998 75
999 84
