0 0
1 8
2 8
3 8
4 58
5 67
6 83
7 83
8 34
9 49
10 75
11 83
12 83
13 33
14 67
15 75
16 83
17 66
18 83
19 83
20 42
21 50
22 66
23 84
24 84
25 41
26 58
27 84
28 84
29 41
30 58
31 75
32 83
33 83
34 74
35 84
36 84
37 41
38 58
39 75
40 84
41 25
42 49
43 67
44 75
45 83
46 33
47 50
48 75
49 83
50 75
51 83
52 83
53 42
54 50
55 66
56 84
57 84
58 34
59 58
60 75
61 84
62 50
63 42
64 75
65 83
66 83
67 59
68 74
69 84
70 41
71 58
72 75
73 84
74 84
75 42
76 67
77 75
78 83
79 83
80 50
81 67
82 83
83 75
84 66
85 83
86 33
87 50
88 66
89 84
90 84
91 34
92 58
93 75
94 84
95 84
96 42
97 58
98 75
99 83
100 59
101 74
102 84
103 84
104 50
105 75
106 84
107 84
108 42
109 67
110 75
111 83
112 83
113 50
114 67
115 75
116 75
117 66
118 83
119 33
120 50
121 50
122 84
123 84
124 33
125 41
126 75
127 84
128 84
129 41
130 58
131 75
132 83
133 83
134 74
135 84
136 84
137 50
138 58
139 75
140 84
141 25
142 49
143 67
144 83
145 83
146 33
147 67
148 75
149 83
150 66
151 83
152 83
153 42
154 50
155 66
156 84
157 84
158 41
159 58
160 75
161 84
162 50
163 42
164 75
165 83
166 83
167 59
168 84
169 84
170 41
171 58
172 75
173 84
174 25
175 49
176 67
177 75
178 83
179 33
180 50
181 75
182 83
183 75
184 83
185 83
186 42
187 50
188 66
189 84
190 84
191 34
192 58
193 75
194 84
195 50
196 42
197 58
198 83
199 83
200 59
201 74
202 84
203 41
204 50
205 75
206 84
207 84
208 42
209 67
210 75
211 83
212 83
213 50
214 67
215 83
216 75
217 66
218 83
219 33
220 50
221 66
222 84
223 84
224 33
225 41
226 75
227 84
228 84
229 41
230 58
231 75
232 83
233 59
234 74
235 84
236 84
237 50
238 58
239 84
240 84
241 42
242 49
243 75
244 83
245 83
246 33
247 67
248 75
249 83
250 66
251 83
252 83
253 42
254 50
255 66
256 84
257 84
258 41
259 58
260 84
261 84
262 41
263 58
264 75
265 83
266 83
267 74
268 84
269 84
270 50
271 58
272 75
273 84
274 25
275 49
276 67
277 83
278 83
279 33
280 67
281 75
282 83
283 66
284 83
285 83
286 42
287 50
288 66
289 84
290 84
291 34
292 58
293 75
294 84
295 50
296 42
297 75
298 83
299 83
300 59
301 74
302 84
303 41
304 58
305 75
306 84
307 84
308 42
309 67
310 75
311 83
312 83
313 50
314 67
315 83
316 75
317 66
318 83
319 33
320 50
321 66
322 84
323 84
324 34
325 58
326 75
327 84
328 84
329 42
330 58
331 75
332 83
333 59
334 74
335 84
336 84
337 50
338 75
339 84
340 84
341 42
342 67
343 75
344 83
345 83
346 50
347 67
348 75
349 75
350 66
351 83
352 33
353 50
354 50
355 84
356 84
357 33
358 41
359 75
360 84
361 84
362 41
363 58
364 75
365 83
366 83
367 74
368 84
369 84
370 50
371 58
372 84
373 84
374 25
375 49
376 75
377 83
378 83
379 33
380 67
381 75
382 83
383 66
384 83
385 83
386 42
387 50
388 66
389 84
390 84
391 41
392 58
393 75
394 84
395 50
396 42
397 75
398 83
399 83
400 59
401 84
402 84
403 41
404 58
405 75
406 84
407 25
408 49
409 67
410 75
411 83
412 33
413 50
414 75
415 83
416 75
417 83
418 83
419 42
420 50
421 66
422 84
423 84
424 34
425 58
426 75
427 84
428 50
429 42
430 58
431 83
432 83
433 59
434 74
435 84
436 41
437 58
438 75
439 84
440 84
441 42
442 67
443 75
444 83
445 83
446 50
447 67
448 83
449 75
450 66
451 83
452 33
453 50
454 66
455 84
456 84
457 33
458 41
459 75
460 84
461 84
462 41
463 58
464 75
465 83
466 59
467 74
468 84
469 84
470 50
471 58
472 84
473 84
474 42
475 49
476 75
477 83
478 83
479 50
480 67
481 75
482 75
483 66
484 83
485 83
486 50
487 50
488 84
489 84
490 33
491 41
492 58
493 84
494 84
495 41
496 58
497 75
498 83
499 83
500 74
501 84
502 84
503 50
504 58
505 75
506 84
507 25
508 49
509 67
510 83
511 83
512 33
513 67
514 75
515 83
516 66
517 83
518 83
519 42
520 50
521 66
522 84
523 84
524 41
525 58
526 75
527 84
528 50
529 42
530 75
531 83
532 83
533 59
534 84
535 84
536 41
537 58
538 75
539 84
540 84
541 49
542 67
543 75
544 83
545 83
546 50
547 75
548 83
549 75
550 66
551 83
552 33
553 50
554 66
555 84
556 84
557 34
558 58
559 75
560 84
561 84
562 42
563 58
564 75
565 83
566 59
567 74
568 84
569 84
570 50
571 75
572 84
573 84
574 42
575 67
576 75
577 83
578 83
579 50
580 67
581 75
582 75
583 66
584 83
585 33
586 50
587 66
588 84
589 84
590 33
591 41
592 75
593 84
594 84
595 41
596 58
597 75
598 83
599 59
600 74
601 84
602 84
603 50
604 58
605 84
606 84
607 25
608 49
609 75
610 83
611 83
612 33
613 67
614 75
615 83
616 66
617 83
618 83
619 42
620 50
621 66
622 84
623 84
624 41
625 58
626 75
627 84
628 41
629 58
630 75
631 83
632 83
633 74
634 84
635 84
636 41
637 58
638 75
639 84
640 25
641 49
642 67
643 75
644 83
645 33
646 50
647 75
648 83
649 75
650 83
651 83
652 42
653 50
654 66
655 84
656 84
657 34
658 58
659 75
660 84
661 50
662 42
663 58
664 83
665 83
666 59
667 74
668 84
669 41
670 58
671 75
672 84
673 84
674 42
675 67
676 75
677 83
678 83
679 50
680 67
681 83
682 75
683 66
684 83
685 33
686 50
687 66
688 84
689 84
690 34
691 58
692 75
693 84
694 84
695 42
696 58
697 75
698 83
699 59
700 74
701 84
702 84
703 50
704 75
705 84
706 84
707 42
708 49
709 75
710 83
711 83
712 50
713 67
714 75
715 75
716 66
717 83
718 83
719 50
720 50
721 84
722 84
723 33
724 41
725 58
726 84
727 84
728 41
729 58
730 75
731 83
732 83
733 74
734 84
735 84
736 50
737 58
738 75
739 84
740 25
741 49
742 67
743 83
744 83
745 33
746 67
747 75
748 83
749 66
750 83
751 83
752 42
753 50
754 66
755 84
756 84
757 41
758 58
759 75
760 84
761 50
762 42
763 75
764 83
765 83
766 59
767 84
768 84
769 41
770 58
771 75
772 84
773 84
774 49
775 67
776 75
777 83
778 83
779 50
780 75
781 83
782 75
783 66
784 83
785 42
786 50
787 66
788 84
789 84
790 34
791 58
792 75
793 84
794 50
795 42
796 58
797 83
798 83
799 59
800 74
801 84
802 41
803 50
804 75
805 84
806 84
807 42
808 67
809 75
810 83
811 83
812 50
813 67
814 75
815 75
816 66
817 83
818 33
819 50
820 66
821 84
822 84
823 33
824 41
825 75
826 84
827 84
828 41
829 58
830 75
831 83
832 59
833 74
834 84
835 84
836 50
837 58
838 84
839 84
840 42
841 49
842 75
843 83
844 83
845 33
846 67
847 75
848 83
849 66
850 83
851 83
852 42
853 50
854 66
855 84
856 84
857 41
858 58
859 84
860 84
861 41
862 58
863 75
864 83
865 83
866 74
867 84
868 84
869 41
870 58
871 75
872 84
873 25
874 49
875 67
876 75
877 83
878 33
879 50
880 75
881 83
882 75
883 83
884 83
885 42
886 50
887 66
888 84
889 84
890 34
891 58
892 75
893 84
894 50
895 42
896 75
897 83
898 83
899 59
900 74
901 84
902 41
903 58
904 75
905 84
906 84
907 42
908 67
909 75
910 83
911 83
912 50
913 67
914 83
915 75
916 66
917 83
918 33
919 50
920 66
921 84
922 84
923 34
924 58
925 75
926 84
927 84
928 42
929 58
930 75
931 83
932 59
933 74
934 84
935 84
936 50
937 75
938 84
939 84
940 42
941 67
942 75
943 83
944 83
945 50
946 67
947 75
948 75
949 66
950 83
951 33
952 50
953 50
954 84
955 84
956 33
957 41
958 75
959 84
960 84
961 41
962 58
963 75
964 83
965 83
966 74
967 84
968 84
969 50
970 58
971 75
972 84
973 25
974 49
975 67
976 83
977 83
978 33
979 67
980 75
981 83
982 66
983 83
984 83
985 42
986 50
987 66
988 84
989 84
990 41
991 58
992 75
993 84
994 50
995 42
996 75
997 83
998 83
999 59
