0 0
1 6
2 83
3 49
4 67
5 75
6 75
7 33
8 50
9 83
10 83
11 83
12 33
13 67
14 83
15 83
16 42
17 50
18 66
19 84
20 83
21 33
22 50
23 84
24 83
25 83
26 33
27 66
28 83
29 84
30 41
31 50
32 66
33 83
34 84
35 34
36 50
37 83
38 84
39 84
40 34
41 67
42 83
43 83
44 41
45 50
46 67
47 83
48 83
49 33
50 67
51 83
52 83
53 83
54 50
55 67
56 83
57 83
58 42
59 50
60 67
61 83
62 83
63 33
64 67
65 83
66 83
67 83
68 50
69 67
70 83
71 83
72 42
73 50
74 66
75 83
76 83
77 33
78 66
79 84
80 83
81 83
82 50
83 66
84 84
85 83
86 41
87 50
88 66
89 84
90 84
91 34
92 66
93 83
94 84
95 84
96 50
97 66
98 83
99 83
100 41
101 49
102 67
103 83
104 83
105 33
106 67
107 83
108 83
109 83
110 50
111 67
112 83
113 83
114 42
115 50
116 67
117 83
118 83
119 33
120 67
121 83
122 83
123 83
124 50
125 67
126 83
127 83
128 42
129 50
130 67
131 83
132 83
133 33
134 66
135 84
136 83
137 83
138 50
139 66
140 84
141 83
142 42
143 50
144 66
145 84
146 84
147 34
148 66
149 83
150 84
151 84
152 50
153 66
154 83
155 84
156 34
157 49
158 83
159 83
160 83
161 33
162 67
163 83
164 83
165 41
166 50
167 67
168 83
169 83
170 33
171 50
172 83
173 83
174 83
175 33
176 67
177 83
178 83
179 42
180 50
181 67
182 83
183 83
184 33
185 50
186 83
187 83
188 83
189 33
190 66
191 84
192 83
193 42
194 50
195 66
196 84
197 83
198 33
199 50
200 84
201 83
202 83
203 34
204 66
205 83
206 84
207 41
208 50
209 66
210 83
211 84
212 34
213 50
214 83
215 83
216 83
217 34
218 67
219 83
220 83
221 41
222 50
223 67
224 83
225 83
226 33
227 50
228 83
229 83
230 83
231 33
232 67
233 83
234 83
235 42
236 50
237 67
238 83
239 83
240 33
241 50
242 83
243 83
244 83
245 33
246 67
247 83
248 83
249 42
250 50
251 66
252 84
253 83
254 33
255 50
256 84
257 83
258 83
259 50
260 66
261 83
262 84
263 41
264 50
265 66
266 84
267 84
268 34
269 66
270 83
271 84
272 84
273 49
274 67
275 83
276 83
277 41
278 50
279 67
280 83
281 83
282 33
283 67
284 83
285 83
286 83
287 50
288 67
289 83
290 83
291 42
292 50
293 67
294 83
295 83
296 33
297 67
298 83
299 83
300 83
301 50
302 67
303 83
304 83
305 42
306 50
307 66
308 83
309 83
310 33
311 66
312 84
313 83
314 83
315 50
316 66
317 84
318 83
319 41
320 50
321 66
322 84
323 84
324 34
325 66
326 83
327 84
328 84
329 50
330 66
331 83
332 83
333 41
334 49
335 67
336 83
337 83
338 33
339 67
340 83
341 83
342 83
343 50
344 67
345 83
346 83
347 42
348 50
349 67
350 83
351 83
352 33
353 67
354 83
355 83
356 83
357 50
358 67
359 83
360 83
361 33
362 50
363 83
364 83
365 83
366 33
367 66
368 84
369 83
370 42
371 50
372 66
373 84
374 83
375 33
376 50
377 83
378 84
379 84
380 34
381 66
382 83
383 84
384 41
385 50
386 66
387 83
388 84
389 34
390 49
391 83
392 83
393 83
394 33
395 67
396 83
397 83
398 41
399 50
400 67
401 83
402 83
403 33
404 50
405 83
406 83
407 83
408 33
409 67
410 83
411 83
412 42
413 50
414 67
415 83
416 83
417 33
418 50
419 83
420 83
421 83
422 33
423 66
424 84
425 83
426 42
427 50
428 66
429 84
430 83
431 33
432 50
433 84
434 83
435 83
436 34
437 66
438 83
439 84
440 41
441 50
442 66
443 83
444 84
445 34
446 50
447 83
448 83
449 83
450 34
451 67
452 83
453 83
454 41
455 50
456 67
457 83
458 83
459 33
460 50
461 83
462 83
463 83
464 50
465 67
466 83
467 83
468 42
469 50
470 67
471 83
472 83
473 33
474 67
475 83
476 83
477 83
478 50
479 67
480 83
481 83
482 42
483 50
484 66
485 83
486 83
487 33
488 66
489 84
490 83
491 83
492 50
493 66
494 83
495 84
496 41
497 50
498 66
499 84
500 84
501 34
502 66
503 83
504 84
505 84
506 49
507 67
508 83
509 83
510 41
511 50
512 67
513 83
514 83
515 33
516 67
517 83
518 83
519 83
520 50
521 67
522 83
523 83
524 42
525 50
526 67
527 83
528 83
529 33
530 67
531 83
532 83
533 83
534 50
535 67
536 83
537 83
538 42
539 50
540 66
541 83
542 83
543 33
544 66
545 84
546 83
547 83
548 50
549 66
550 84
551 83
552 41
553 50
554 66
555 84
556 84
557 34
558 66
559 83
560 84
561 84
562 50
563 66
564 83
565 83
566 41
567 49
568 83
569 83
570 83
571 33
572 67
573 83
574 83
575 42
576 50
577 67
578 83
579 83
580 33
581 50
582 83
583 83
584 83
585 33
586 67
587 83
588 83
589 42
590 50
591 67
592 83
593 83
594 33
595 50
596 83
597 83
598 83
599 33
600 66
601 84
602 83
603 42
604 50
605 66
606 84
607 83
608 33
609 50
610 83
611 84
612 84
613 34
614 66
615 83
616 84
617 41
618 50
619 66
620 83
621 84
622 34
623 49
624 83
625 83
626 83
627 33
628 67
629 83
630 83
631 41
632 50
633 67
634 83
635 83
636 33
637 50
638 83
639 83
640 83
641 33
642 67
643 83
644 83
645 42
646 50
647 67
648 83
649 83
650 33
651 50
652 83
653 83
654 83
655 33
656 66
657 84
658 83
659 42
660 50
661 66
662 84
663 83
664 33
665 50
666 84
667 83
668 83
669 34
670 66
671 83
672 84
673 41
674 50
675 66
676 84
677 84
678 34
679 66
680 83
681 83
682 83
683 49
684 67
685 83
686 83
687 41
688 50
689 67
690 83
691 83
692 33
693 67
694 83
695 83
696 83
697 50
698 67
699 83
700 83
701 42
702 50
703 67
704 83
705 83
706 33
707 67
708 83
709 83
710 83
711 50
712 67
713 83
714 83
715 42
716 50
717 66
718 83
719 83
720 33
721 66
722 84
723 83
724 83
725 50
726 66
727 83
728 84
729 41
730 50
731 66
732 84
733 84
734 34
735 66
736 83
737 84
738 84
739 49
740 67
741 83
742 83
743 41
744 50
745 67
746 83
747 83
748 33
749 67
750 83
751 83
752 83
753 50
754 67
755 83
756 83
757 42
758 50
759 67
760 83
761 83
762 33
763 67
764 83
765 83
766 83
767 50
768 67
769 83
770 83
771 42
772 50
773 66
774 83
775 83
776 33
777 66
778 84
779 83
780 42
781 50
782 66
783 84
784 83
785 34
786 50
787 83
788 84
789 84
790 34
791 66
792 83
793 84
794 41
795 50
796 66
797 83
798 83
799 34
800 49
801 83
802 83
803 83
804 33
805 67
806 83
807 83
808 42
809 50
810 67
811 83
812 83
813 33
814 50
815 83
816 83
817 83
818 33
819 67
820 83
821 83
822 42
823 50
824 67
825 83
826 83
827 33
828 50
829 83
830 83
831 83
832 33
833 66
834 84
835 83
836 42
837 50
838 66
839 84
840 83
841 33
842 50
843 83
844 84
845 84
846 34
847 66
848 83
849 84
850 41
851 50
852 66
853 83
854 84
855 34
856 49
857 83
858 83
859 83
860 33
861 67
862 83
863 83
864 41
865 50
866 67
867 83
868 83
869 33
870 50
871 83
872 83
873 83
874 33
875 67
876 83
877 83
878 42
879 50
880 67
881 83
882 83
883 33
884 67
885 83
886 83
887 83
888 50
889 66
890 84
891 83
892 42
893 50
894 66
895 83
896 83
897 33
898 66
899 84
900 83
901 83
902 50
903 66
904 83
905 84
906 41
907 50
908 66
909 84
910 84
911 34
912 66
913 83
914 83
915 83
916 49
917 67
918 83
919 83
920 41
921 50
922 67
923 83
924 83
925 33
926 67
927 83
928 83
929 83
930 50
931 67
932 83
933 83
934 42
935 50
936 67
937 83
938 83
939 33
940 67
941 83
942 83
943 83
944 50
945 67
946 83
947 83
948 42
949 50
950 66
951 83
952 83
953 33
954 66
955 84
956 83
957 83
958 50
959 66
960 83
961 84
962 41
963 50
964 66
965 84
966 84
967 34
968 66
969 83
970 84
971 84
972 49
973 67
974 83
975 83
976 41
977 50
978 67
979 83
980 83
981 33
982 67
983 83
984 83
985 42
986 50
987 67
988 83
989 83
990 33
991 50
992 83
993 83
994 83
995 33
996 67
997 83
998 83
999 42
