0 0
1 50
2 83
3 83
4 83
5 75
6 75
7 33
8 58
9 75
10 83
11 83
12 41
13 75
14 83
15 83
16 25
17 59
18 74
19 84
20 83
21 41
22 59
23 74
24 83
25 83
26 41
27 75
28 84
29 83
30 25
31 58
32 75
33 83
34 84
35 42
36 58
37 75
38 84
39 84
40 42
41 75
42 83
43 83
44 25
45 58
46 75
47 83
48 83
49 42
50 58
51 75
52 83
53 83
54 42
55 75
56 83
57 83
58 25
59 58
60 75
61 83
62 83
63 42
64 58
65 75
66 83
67 83
68 41
69 75
70 83
71 83
72 25
73 59
74 75
75 83
76 83
77 41
78 59
79 74
80 83
81 83
82 41
83 75
84 84
85 83
86 25
87 58
88 75
89 83
90 84
91 42
92 58
93 75
94 84
95 84
96 42
97 75
98 83
99 84
100 25
101 58
102 75
103 83
104 83
105 42
106 58
107 75
108 83
109 83
110 42
111 75
112 83
113 83
114 25
115 58
116 75
117 83
118 83
119 42
120 58
121 83
122 83
123 83
124 42
125 75
126 83
127 83
128 25
129 59
130 75
131 83
132 83
133 41
134 59
135 84
136 83
137 83
138 41
139 74
140 84
141 83
142 25
143 58
144 75
145 84
146 83
147 41
148 58
149 83
150 84
151 84
152 42
153 75
154 83
155 84
156 25
157 58
158 75
159 83
160 83
161 42
162 58
163 83
164 83
165 25
166 58
167 75
168 83
169 83
170 25
171 58
172 75
173 83
174 83
175 42
176 58
177 83
178 83
179 25
180 58
181 75
182 83
183 83
184 25
185 59
186 75
187 83
188 83
189 41
190 59
191 83
192 83
193 25
194 59
195 74
196 84
197 83
198 25
199 58
200 75
201 84
202 83
203 41
204 58
205 83
206 84
207 24
208 58
209 75
210 83
211 84
212 25
213 58
214 75
215 83
216 84
217 42
218 75
219 83
220 83
221 25
222 58
223 75
224 83
225 83
226 42
227 58
228 75
229 83
230 83
231 42
232 75
233 83
234 83
235 25
236 58
237 75
238 83
239 83
240 42
241 58
242 75
243 83
244 83
245 41
246 75
247 83
248 83
249 25
250 59
251 74
252 84
253 83
254 41
255 59
256 74
257 83
258 83
259 41
260 75
261 84
262 83
263 25
264 58
265 75
266 83
267 84
268 42
269 58
270 75
271 84
272 84
273 42
274 75
275 83
276 83
277 25
278 58
279 75
280 83
281 83
282 42
283 58
284 75
285 83
286 83
287 42
288 75
289 83
290 83
291 25
292 58
293 75
294 83
295 83
296 42
297 58
298 75
299 83
300 83
301 41
302 75
303 83
304 83
305 25
306 59
307 75
308 83
309 83
310 41
311 59
312 74
313 83
314 83
315 41
316 75
317 84
318 83
319 25
320 58
321 75
322 83
323 84
324 42
325 58
326 83
327 84
328 84
329 42
330 75
331 83
332 84
333 25
334 58
335 75
336 83
337 83
338 42
339 58
340 83
341 83
342 83
343 42
344 75
345 83
346 83
347 25
348 58
349 75
350 83
351 83
352 42
353 58
354 83
355 83
356 83
357 42
358 75
359 83
360 83
361 25
362 59
363 75
364 83
365 83
366 41
367 59
368 84
369 83
370 83
371 41
372 74
373 84
374 83
375 25
376 58
377 75
378 84
379 83
380 41
381 58
382 83
383 84
384 25
385 58
386 75
387 83
388 84
389 25
390 58
391 75
392 83
393 83
394 42
395 58
396 83
397 83
398 25
399 58
400 75
401 83
402 83
403 25
404 58
405 75
406 83
407 83
408 42
409 58
410 83
411 83
412 25
413 58
414 75
415 83
416 83
417 25
418 59
419 75
420 83
421 83
422 41
423 59
424 83
425 83
426 25
427 59
428 74
429 84
430 83
431 41
432 58
433 75
434 83
435 83
436 41
437 75
438 83
439 84
440 24
441 58
442 75
443 83
444 84
445 42
446 58
447 75
448 84
449 84
450 42
451 75
452 83
453 83
454 25
455 58
456 75
457 83
458 83
459 42
460 58
461 75
462 83
463 83
464 42
465 75
466 83
467 83
468 25
469 58
470 75
471 83
472 83
473 42
474 58
475 75
476 83
477 83
478 41
479 75
480 83
481 83
482 25
483 59
484 74
485 84
486 83
487 41
488 59
489 74
490 83
491 83
492 41
493 75
494 84
495 83
496 25
497 58
498 75
499 83
500 84
501 42
502 58
503 75
504 84
505 84
506 42
507 75
508 83
509 83
510 25
511 58
512 75
513 83
514 83
515 42
516 58
517 75
518 83
519 83
520 42
521 75
522 83
523 83
524 25
525 58
526 75
527 83
528 83
529 42
530 58
531 83
532 83
533 83
534 41
535 75
536 83
537 83
538 25
539 59
540 75
541 83
542 83
543 41
544 59
545 84
546 83
547 83
548 41
549 75
550 84
551 83
552 25
553 58
554 75
555 83
556 84
557 42
558 58
559 83
560 84
561 84
562 42
563 75
564 83
565 84
566 25
567 58
568 75
569 83
570 83
571 42
572 58
573 83
574 83
575 83
576 42
577 75
578 83
579 83
580 25
581 58
582 75
583 83
584 83
585 42
586 58
587 83
588 83
589 25
590 58
591 75
592 83
593 83
594 25
595 59
596 75
597 83
598 83
599 41
600 59
601 84
602 83
603 25
604 59
605 74
606 84
607 83
608 25
609 58
610 75
611 84
612 83
613 41
614 58
615 83
616 84
617 25
618 58
619 75
620 83
621 84
622 25
623 58
624 75
625 83
626 83
627 42
628 58
629 83
630 83
631 25
632 58
633 75
634 83
635 83
636 42
637 58
638 75
639 83
640 83
641 42
642 75
643 83
644 83
645 25
646 58
647 75
648 83
649 83
650 41
651 59
652 75
653 83
654 83
655 41
656 75
657 83
658 83
659 25
660 59
661 74
662 84
663 83
664 41
665 58
666 75
667 83
668 83
669 41
670 75
671 83
672 84
673 24
674 58
675 75
676 83
677 84
678 42
679 58
680 75
681 84
682 84
683 42
684 75
685 83
686 83
687 25
688 58
689 75
690 83
691 83
692 42
693 58
694 75
695 83
696 83
697 42
698 75
699 83
700 83
701 25
702 58
703 75
704 83
705 83
706 42
707 58
708 75
709 83
710 83
711 41
712 75
713 83
714 83
715 25
716 59
717 74
718 84
719 83
720 41
721 59
722 74
723 83
724 83
725 41
726 75
727 84
728 83
729 25
730 58
731 75
732 83
733 84
734 42
735 58
736 75
737 84
738 84
739 42
740 75
741 83
742 83
743 25
744 58
745 75
746 83
747 83
748 42
749 58
750 83
751 83
752 83
753 42
754 75
755 83
756 83
757 25
758 58
759 75
760 83
761 83
762 42
763 58
764 83
765 83
766 83
767 41
768 75
769 83
770 83
771 25
772 59
773 75
774 83
775 83
776 41
777 59
778 84
779 83
780 83
781 41
782 75
783 84
784 83
785 25
786 58
787 75
788 83
789 84
790 42
791 58
792 83
793 84
794 25
795 58
796 75
797 83
798 84
799 25
800 58
801 75
802 83
803 83
804 42
805 58
806 83
807 83
808 25
809 58
810 75
811 83
812 83
813 25
814 58
815 75
816 83
817 83
818 42
819 58
820 83
821 83
822 25
823 58
824 75
825 83
826 83
827 25
828 59
829 75
830 83
831 83
832 41
833 59
834 84
835 83
836 25
837 59
838 74
839 84
840 83
841 41
842 58
843 75
844 83
845 83
846 41
847 75
848 83
849 84
850 25
851 58
852 75
853 83
854 84
855 42
856 58
857 75
858 83
859 83
860 42
861 75
862 83
863 83
864 25
865 58
866 75
867 83
868 83
869 42
870 58
871 75
872 83
873 83
874 42
875 75
876 83
877 83
878 25
879 58
880 75
881 83
882 83
883 41
884 59
885 75
886 83
887 83
888 41
889 75
890 83
891 83
892 25
893 59
894 74
895 84
896 83
897 41
898 58
899 75
900 83
901 83
902 41
903 75
904 83
905 84
906 24
907 58
908 75
909 83
910 84
911 42
912 58
913 75
914 84
915 84
916 42
917 75
918 83
919 83
920 25
921 58
922 75
923 83
924 83
925 42
926 58
927 75
928 83
929 83
930 42
931 75
932 83
933 83
934 25
935 58
936 75
937 83
938 83
939 42
940 58
941 75
942 83
943 83
944 41
945 75
946 83
947 83
948 25
949 59
950 74
951 84
952 83
953 41
954 59
955 84
956 83
957 83
958 41
959 75
960 84
961 83
962 25
963 58
964 75
965 83
966 84
967 42
968 58
969 83
970 84
971 84
972 42
973 75
974 83
975 83
976 25
977 58
978 75
979 83
980 83
981 42
982 58
983 83
984 83
985 83
986 42
987 75
988 83
989 83
990 25
991 58
992 75
993 83
994 83
995 42
996 58
997 83
998 83
999 25
