0 0
1 5
2 83
3 50
4 66
5 75
6 75
7 34
8 50
9 83
10 83
11 83
12 34
13 67
14 83
15 83
16 41
17 50
18 67
19 83
20 83
21 33
22 50
23 83
24 83
25 83
26 33
27 67
28 83
29 83
30 42
31 50
32 67
33 83
34 83
35 33
36 50
37 83
38 83
39 83
40 33
41 67
42 83
43 83
44 42
45 50
46 66
47 83
48 83
49 33
50 66
51 84
52 83
53 83
54 50
55 66
56 83
57 84
58 41
59 50
60 66
61 84
62 84
63 34
64 66
65 83
66 84
67 84
68 49
69 67
70 83
71 83
72 41
73 50
74 67
75 83
76 83
77 33
78 67
79 83
80 83
81 83
82 50
83 67
84 83
85 83
86 42
87 50
88 67
89 83
90 83
91 33
92 67
93 83
94 83
95 83
96 50
97 67
98 83
99 83
100 42
101 50
102 66
103 83
104 83
105 33
106 66
107 84
108 83
109 83
110 50
111 66
112 84
113 83
114 41
115 50
116 66
117 84
118 84
119 34
120 66
121 83
122 84
123 84
124 50
125 66
126 83
127 83
128 41
129 49
130 67
131 83
132 83
133 33
134 67
135 83
136 83
137 83
138 50
139 67
140 83
141 83
142 42
143 50
144 67
145 83
146 83
147 33
148 67
149 83
150 83
151 42
152 50
153 67
154 83
155 83
156 33
157 50
158 83
159 83
160 83
161 33
162 66
163 84
164 83
165 42
166 50
167 66
168 84
169 83
170 33
171 50
172 83
173 84
174 84
175 34
176 66
177 83
178 84
179 41
180 50
181 66
182 83
183 84
184 34
185 49
186 83
187 83
188 83
189 33
190 67
191 83
192 83
193 41
194 50
195 67
196 83
197 83
198 33
199 50
200 83
201 83
202 83
203 33
204 67
205 83
206 83
207 42
208 50
209 67
210 83
211 83
212 33
213 50
214 83
215 83
216 83
217 33
218 66
219 84
220 83
221 42
222 50
223 66
224 84
225 83
226 33
227 50
228 84
229 83
230 83
231 34
232 66
233 83
234 84
235 41
236 50
237 66
238 83
239 84
240 34
241 50
242 83
243 83
244 83
245 34
246 67
247 83
248 83
249 41
250 50
251 67
252 83
253 83
254 33
255 67
256 83
257 83
258 83
259 50
260 67
261 83
262 83
263 42
264 50
265 67
266 83
267 83
268 33
269 67
270 83
271 83
272 83
273 50
274 67
275 83
276 83
277 42
278 50
279 66
280 83
281 83
282 33
283 66
284 84
285 83
286 83
287 50
288 66
289 83
290 84
291 41
292 50
293 66
294 84
295 84
296 34
297 66
298 83
299 84
300 84
301 49
302 67
303 83
304 83
305 41
306 50
307 67
308 83
309 83
310 33
311 67
312 83
313 83
314 83
315 50
316 67
317 83
318 83
319 42
320 50
321 67
322 83
323 83
324 33
325 67
326 83
327 83
328 83
329 50
330 67
331 83
332 83
333 42
334 50
335 66
336 83
337 83
338 33
339 66
340 84
341 83
342 83
343 50
344 66
345 84
346 83
347 41
348 50
349 66
350 84
351 84
352 34
353 66
354 83
355 84
356 84
357 50
358 66
359 83
360 83
361 34
362 49
363 83
364 83
365 83
366 33
367 67
368 83
369 83
370 42
371 50
372 67
373 83
374 83
375 33
376 50
377 83
378 83
379 83
380 33
381 67
382 83
383 83
384 42
385 50
386 67
387 83
388 83
389 33
390 50
391 83
392 83
393 83
394 33
395 66
396 84
397 83
398 42
399 50
400 66
401 84
402 83
403 33
404 50
405 83
406 84
407 84
408 34
409 66
410 83
411 84
412 41
413 50
414 66
415 83
416 84
417 34
418 49
419 83
420 83
421 83
422 33
423 67
424 83
425 83
426 41
427 50
428 67
429 83
430 83
431 33
432 50
433 83
434 83
435 83
436 33
437 67
438 83
439 83
440 42
441 50
442 67
443 83
444 83
445 33
446 50
447 83
448 83
449 83
450 33
451 66
452 84
453 83
454 42
455 50
456 66
457 84
458 83
459 33
460 50
461 84
462 83
463 83
464 50
465 66
466 83
467 84
468 41
469 50
470 66
471 84
472 84
473 34
474 66
475 83
476 83
477 83
478 49
479 67
480 83
481 83
482 41
483 50
484 67
485 83
486 83
487 33
488 67
489 83
490 83
491 83
492 50
493 67
494 83
495 83
496 42
497 50
498 67
499 83
500 83
501 33
502 67
503 83
504 83
505 83
506 50
507 67
508 83
509 83
510 42
511 50
512 66
513 83
514 83
515 33
516 66
517 84
518 83
519 83
520 50
521 66
522 83
523 84
524 41
525 50
526 66
527 84
528 84
529 34
530 66
531 83
532 84
533 84
534 49
535 67
536 83
537 83
538 41
539 50
540 67
541 83
542 83
543 33
544 67
545 83
546 83
547 83
548 50
549 67
550 83
551 83
552 42
553 50
554 67
555 83
556 83
557 33
558 67
559 83
560 83
561 83
562 50
563 67
564 83
565 83
566 33
567 50
568 84
569 83
570 83
571 33
572 66
573 84
574 83
575 42
576 50
577 66
578 84
579 83
580 34
581 50
582 83
583 84
584 84
585 34
586 66
587 83
588 84
589 41
590 50
591 66
592 83
593 83
594 34
595 49
596 83
597 83
598 83
599 33
600 67
601 83
602 83
603 42
604 50
605 67
606 83
607 83
608 33
609 50
610 83
611 83
612 83
613 33
614 67
615 83
616 83
617 42
618 50
619 67
620 83
621 83
622 33
623 50
624 83
625 83
626 83
627 33
628 66
629 84
630 83
631 42
632 50
633 66
634 84
635 83
636 33
637 50
638 83
639 84
640 84
641 34
642 66
643 83
644 84
645 41
646 50
647 66
648 83
649 84
650 34
651 49
652 83
653 83
654 83
655 33
656 67
657 83
658 83
659 41
660 50
661 67
662 83
663 83
664 33
665 50
666 83
667 83
668 83
669 50
670 67
671 83
672 83
673 42
674 50
675 67
676 83
677 83
678 33
679 67
680 83
681 83
682 83
683 50
684 66
685 84
686 83
687 42
688 50
689 66
690 83
691 83
692 33
693 66
694 84
695 83
696 83
697 50
698 66
699 83
700 84
701 41
702 50
703 66
704 84
705 84
706 34
707 66
708 83
709 83
710 83
711 49
712 67
713 83
714 83
715 41
716 50
717 67
718 83
719 83
720 33
721 67
722 83
723 83
724 83
725 50
726 67
727 83
728 83
729 42
730 50
731 67
732 83
733 83
734 33
735 67
736 83
737 83
738 83
739 50
740 67
741 83
742 83
743 42
744 50
745 66
746 83
747 83
748 33
749 66
750 84
751 83
752 83
753 50
754 66
755 83
756 84
757 41
758 50
759 66
760 84
761 84
762 34
763 66
764 83
765 84
766 84
767 49
768 67
769 83
770 83
771 41
772 50
773 83
774 83
775 83
776 33
777 67
778 83
779 83
780 42
781 50
782 67
783 83
784 83
785 33
786 50
787 83
788 83
789 83
790 33
791 67
792 83
793 83
794 42
795 50
796 67
797 83
798 83
799 33
800 50
801 84
802 83
803 83
804 33
805 66
806 84
807 83
808 42
809 50
810 66
811 84
812 83
813 34
814 50
815 83
816 84
817 84
818 34
819 66
820 83
821 84
822 41
823 50
824 66
825 83
826 83
827 34
828 49
829 83
830 83
831 83
832 33
833 67
834 83
835 83
836 42
837 50
838 67
839 83
840 83
841 33
842 50
843 83
844 83
845 83
846 33
847 67
848 83
849 83
850 42
851 50
852 67
853 83
854 83
855 33
856 50
857 83
858 83
859 83
860 33
861 66
862 84
863 83
864 42
865 50
866 66
867 84
868 83
869 33
870 50
871 83
872 84
873 84
874 34
875 66
876 83
877 84
878 41
879 50
880 66
881 84
882 84
883 34
884 67
885 83
886 83
887 83
888 50
889 67
890 83
891 83
892 41
893 50
894 67
895 83
896 83
897 33
898 67
899 83
900 83
901 83
902 50
903 67
904 83
905 83
906 42
907 50
908 67
909 83
910 83
911 33
912 67
913 83
914 83
915 83
916 50
917 66
918 84
919 83
920 42
921 50
922 66
923 83
924 83
925 33
926 66
927 84
928 83
929 83
930 50
931 66
932 83
933 84
934 41
935 50
936 66
937 84
938 84
939 34
940 66
941 83
942 83
943 83
944 49
945 67
946 83
947 83
948 41
949 50
950 67
951 83
952 83
953 33
954 67
955 83
956 83
957 83
958 50
959 67
960 83
961 83
962 42
963 50
964 67
965 83
966 83
967 33
968 67
969 83
970 83
971 83
972 50
973 67
974 83
975 83
976 42
977 50
978 66
979 83
980 83
981 33
982 66
983 84
984 83
985 42
986 50
987 66
988 83
989 84
990 34
991 50
992 83
993 84
994 84
995 34
996 66
997 83
998 84
999 41
