0 0
1 8
2 8
3 8
4 58
5 67
6 83
7 83
8 33
9 50
10 75
11 83
12 83
13 33
14 67
15 74
16 84
17 66
18 83
19 83
20 42
21 50
22 66
23 84
24 84
25 41
26 58
27 83
28 83
29 41
30 58
31 75
32 83
33 83
34 75
35 84
36 84
37 41
38 58
39 75
40 83
41 25
42 50
43 67
44 75
45 83
46 33
47 50
48 74
49 84
50 75
51 83
52 83
53 42
54 50
55 66
56 84
57 84
58 34
59 58
60 75
61 83
62 50
63 42
64 75
65 83
66 83
67 58
68 75
69 84
70 41
71 58
72 75
73 83
74 83
75 41
76 67
77 75
78 83
79 83
80 50
81 67
82 84
83 75
84 66
85 83
86 33
87 50
88 66
89 84
90 84
91 34
92 58
93 75
94 83
95 83
96 42
97 58
98 75
99 83
100 58
101 75
102 84
103 84
104 50
105 75
106 83
107 83
108 41
109 67
110 75
111 83
112 83
113 50
114 67
115 74
116 75
117 66
118 83
119 33
120 50
121 50
122 84
123 84
124 33
125 41
126 75
127 83
128 83
129 41
130 58
131 75
132 83
133 83
134 75
135 84
136 84
137 50
138 58
139 75
140 83
141 25
142 50
143 67
144 83
145 83
146 33
147 67
148 74
149 84
150 66
151 83
152 83
153 42
154 50
155 66
156 84
157 84
158 41
159 58
160 75
161 83
162 50
163 42
164 75
165 83
166 83
167 58
168 84
169 84
170 41
171 58
172 75
173 83
174 25
175 50
176 67
177 75
178 83
179 33
180 50
181 74
182 84
183 75
184 83
185 83
186 42
187 50
188 66
189 84
190 84
191 34
192 58
193 75
194 83
195 50
196 42
197 58
198 83
199 83
200 58
201 75
202 84
203 41
204 50
205 75
206 83
207 83
208 41
209 67
210 75
211 83
212 83
213 50
214 67
215 84
216 75
217 66
218 83
219 33
220 50
221 66
222 84
223 84
224 33
225 41
226 75
227 83
228 83
229 41
230 58
231 75
232 83
233 58
234 75
235 84
236 84
237 50
238 58
239 83
240 83
241 41
242 50
243 75
244 83
245 83
246 33
247 67
248 74
249 84
250 66
251 83
252 83
253 42
254 50
255 66
256 84
257 84
258 41
259 58
260 83
261 83
262 41
263 58
264 75
265 83
266 83
267 75
268 84
269 84
270 50
271 58
272 75
273 83
274 25
275 50
276 67
277 83
278 83
279 33
280 67
281 74
282 84
283 66
284 83
285 83
286 42
287 50
288 66
289 84
290 84
291 34
292 58
293 75
294 83
295 50
296 42
297 75
298 83
299 83
300 58
301 75
302 84
303 41
304 58
305 75
306 83
307 83
308 41
309 67
310 75
311 83
312 83
313 50
314 67
315 84
316 75
317 66
318 83
319 33
320 50
321 66
322 84
323 84
324 34
325 58
326 75
327 83
328 83
329 42
330 58
331 75
332 83
333 58
334 75
335 84
336 84
337 50
338 75
339 83
340 83
341 41
342 67
343 75
344 83
345 83
346 50
347 67
348 74
349 75
350 66
351 83
352 33
353 50
354 50
355 84
356 84
357 33
358 41
359 75
360 83
361 83
362 41
363 58
364 75
365 83
366 83
367 75
368 84
369 84
370 50
371 58
372 83
373 83
374 25
375 50
376 75
377 83
378 83
379 33
380 67
381 74
382 84
383 66
384 83
385 83
386 42
387 50
388 66
389 84
390 84
391 41
392 58
393 75
394 83
395 50
396 42
397 75
398 83
399 83
400 58
401 84
402 84
403 41
404 58
405 75
406 83
407 25
408 50
409 67
410 75
411 83
412 33
413 50
414 74
415 84
416 75
417 83
418 83
419 42
420 50
421 66
422 84
423 84
424 34
425 58
426 75
427 83
428 50
429 42
430 58
431 83
432 83
433 58
434 75
435 84
436 41
437 58
438 75
439 83
440 83
441 41
442 67
443 75
444 83
445 83
446 50
447 67
448 84
449 75
450 66
451 83
452 33
453 50
454 66
455 84
456 84
457 33
458 41
459 75
460 83
461 83
462 41
463 58
464 75
465 83
466 58
467 75
468 84
469 84
470 50
471 75
472 83
473 83
474 41
475 50
476 75
477 83
478 83
479 50
480 67
481 74
482 75
483 66
484 83
485 83
486 50
487 50
488 84
489 84
490 33
491 41
492 58
493 83
494 83
495 41
496 58
497 75
498 83
499 83
500 75
501 84
502 84
503 50
504 58
505 75
506 83
507 25
508 50
509 67
510 83
511 83
512 33
513 67
514 74
515 84
516 66
517 83
518 83
519 42
520 50
521 66
522 84
523 84
524 41
525 58
526 75
527 83
528 50
529 42
530 75
531 83
532 83
533 58
534 84
535 84
536 41
537 58
538 75
539 83
540 83
541 50
542 67
543 75
544 83
545 83
546 50
547 74
548 84
549 75
550 66
551 83
552 33
553 50
554 66
555 84
556 84
557 34
558 58
559 75
560 83
561 83
562 42
563 58
564 75
565 83
566 58
567 75
568 84
569 84
570 50
571 75
572 83
573 83
574 41
575 67
576 75
577 83
578 83
579 50
580 67
581 74
582 75
583 66
584 83
585 33
586 50
587 66
588 84
589 84
590 33
591 41
592 75
593 83
594 83
595 41
596 58
597 75
598 83
599 58
600 75
601 84
602 84
603 50
604 58
605 83
606 83
607 25
608 50
609 75
610 83
611 83
612 33
613 67
614 74
615 84
616 66
617 83
618 83
619 42
620 50
621 66
622 84
623 84
624 41
625 58
626 75
627 83
628 41
629 58
630 75
631 83
632 83
633 75
634 84
635 84
636 41
637 58
638 75
639 83
640 25
641 50
642 67
643 75
644 83
645 33
646 50
647 74
648 84
649 75
650 83
651 83
652 42
653 50
654 66
655 84
656 84
657 34
658 58
659 75
660 83
661 50
662 42
663 58
664 83
665 83
666 58
667 75
668 84
669 41
670 58
671 75
672 83
673 83
674 41
675 67
676 75
677 83
678 83
679 50
680 67
681 84
682 75
683 66
684 83
685 33
686 50
687 66
688 84
689 84
690 34
691 58
692 75
693 83
694 83
695 42
696 58
697 75
698 83
699 58
700 75
701 84
702 84
703 50
704 75
705 83
706 83
707 41
708 50
709 75
710 83
711 83
712 50
713 67
714 74
715 75
716 66
717 83
718 83
719 50
720 50
721 84
722 84
723 33
724 41
725 58
726 83
727 83
728 41
729 58
730 75
731 83
732 83
733 75
734 84
735 84
736 50
737 58
738 75
739 83
740 25
741 50
742 67
743 83
744 83
745 33
746 67
747 74
748 84
749 66
750 83
751 83
752 42
753 50
754 66
755 84
756 84
757 41
758 58
759 75
760 83
761 50
762 42
763 75
764 83
765 83
766 58
767 84
768 84
769 41
770 58
771 75
772 83
773 83
774 50
775 67
776 75
777 83
778 83
779 50
780 74
781 84
782 75
783 83
784 83
785 42
786 50
787 66
788 84
789 84
790 34
791 58
792 75
793 83
794 50
795 42
796 58
797 83
798 83
799 58
800 75
801 84
802 41
803 50
804 75
805 83
806 83
807 41
808 67
809 75
810 83
811 83
812 50
813 67
814 74
815 75
816 66
817 83
818 33
819 50
820 66
821 84
822 84
823 33
824 41
825 75
826 83
827 83
828 41
829 58
830 75
831 83
832 58
833 75
834 84
835 84
836 50
837 58
838 83
839 83
840 41
841 50
842 75
843 83
844 83
845 33
846 67
847 74
848 84
849 66
850 83
851 83
852 42
853 50
854 66
855 84
856 84
857 41
858 58
859 83
860 83
861 41
862 58
863 75
864 83
865 83
866 75
867 84
868 84
869 41
870 58
871 75
872 83
873 25
874 50
875 67
876 75
877 83
878 33
879 50
880 74
881 84
882 75
883 83
884 83
885 42
886 50
887 66
888 84
889 84
890 34
891 58
892 75
893 83
894 50
895 42
896 75
897 83
898 83
899 58
900 75
901 84
902 41
903 58
904 75
905 83
906 83
907 41
908 67
909 75
910 83
911 83
912 50
913 67
914 84
915 75
916 66
917 83
918 33
919 50
920 66
921 84
922 84
923 34
924 58
925 75
926 83
927 83
928 42
929 58
930 75
931 83
932 58
933 75
934 84
935 84
936 50
937 75
938 83
939 83
940 41
941 67
942 75
943 83
944 83
945 50
946 67
947 74
948 75
949 66
950 83
951 33
952 50
953 50
954 84
955 84
956 33
957 41
958 75
959 83
960 83
961 41
962 58
963 75
964 83
965 83
966 75
967 84
968 84
969 50
970 58
971 75
972 83
973 25
974 50
975 67
976 83
977 83
978 33
979 67
980 74
981 84
982 66
983 83
984 83
985 42
986 50
987 66
988 84
989 84
990 41
991 58
992 75
993 83
994 50
995 42
996 75
997 83
998 83
999 58
