1 15.363636363636363
2 52.9
3 42.99999999999999
4 62.4
5 70.0
6 79.8
7 68.39999999999999
8 50.0
9 66.50000000000001
10 79.2
11 84.10000000000001
12 70.1
13 41.50000000000001
14 69.9
15 77.4
16 68.89999999999999
17 64.69999999999999
18 78.3
19 85.0
20 49.2
21 44.99999999999999
22 62.199999999999996
23 83.10000000000001
24 84.10000000000001
25 62.30000000000002
26 55.599999999999994
27 67.39999999999999
28 78.10000000000001
29 59.900000000000006
30 53.9
31 70.0
32 79.8
33 84.60000000000001
34 65.7
35 62.29999999999998
36 69.99999999999999
37 61.600000000000016
38 70.60000000000001
39 79.9
40 71.39999999999999
41 37.70000000000001
42 62.400000000000006
43 73.2
44 66.8
45 73.89999999999999
46 53.100000000000016
47 68.30000000000001
48 65.8
49 61.49999999999999
50 69.8
51 81.8
52 84.10000000000001
53 62.400000000000006
54 58.3
55 63.9
56 75.10000000000001
57 79.89999999999999
58 44.800000000000004
59 60.8
60 74.8
61 84.89999999999999
62 54.900000000000006
63 40.8
64 68.3
65 81.39999999999999
66 84.2
67 71.60000000000001
68 70.69999999999999
69 65.0
70 55.80000000000002
71 66.60000000000001
72 64.8
73 73.1
74 78.0
75 64.10000000000001
76 61.800000000000004
77 57.599999999999994
78 76.39999999999999
79 83.2
80 66.50000000000001
81 74.80000000000001
82 73.1
83 75.1
84 70.60000000000001
85 75.8
86 42.5
87 54.9
88 70.7
89 83.10000000000001
90 77.5
91 40.699999999999996
92 56.800000000000004
93 75.7
94 82.2
95 83.8
96 54.2
97 67.5
98 69.0
99 77.2
100 56.599999999999994
101 68.3
102 78.39999999999999
103 84.7
104 60.900000000000006
105 51.599999999999994
106 72.3
107 80.7
108 61.400000000000006
109 73.2
110 69.89999999999999
111 79.8
112 73.3
113 59.800000000000004
114 60.899999999999984
115 68.19999999999999
116 74.69999999999999
117 74.9
118 84.10000000000001
119 42.79999999999998
120 53.1
121 61.7
122 81.7
123 83.3
124 48.300000000000004
125 58.2
126 70.80000000000001
127 80.7
128 62.19999999999998
129 48.2
130 64.7
131 80.10000000000001
132 76.7
133 64.1
134 71.6
135 82.39999999999999
136 76.7
137 64.00000000000001
138 60.7
139 75.1
140 78.0
141 51.600000000000016
142 51.5
143 65.69999999999999
144 73.19999999999999
145 80.60000000000001
146 58.100000000000016
147 54.8
148 71.7
149 81.5
150 74.80000000000001
151 71.7
152 67.49999999999999
153 55.0
154 60.7
155 72.30000000000001
156 66.49999999999999
157 73.19999999999999
158 61.400000000000006
159 72.4
160 80.80000000000001
161 59.69999999999998
162 58.2
163 60.900000000000006
164 79.0
165 70.69999999999999
166 73.89999999999999
167 67.3
168 79.2
169 77.39999999999999
170 44.9
171 60.7
172 79.2
173 84.0
174 60.9
175 47.4
176 68.0
177 74.3
178 81.5
179 50.49999999999999
180 57.4
181 74.69999999999999
182 78.2
183 77.60000000000001
184 65.99999999999999
185 67.39999999999999
186 60.600000000000016
187 67.60000000000001
188 75.9
189 63.29999999999998
190 75.6
191 57.400000000000006
192 70.80000000000001
193 61.49999999999999
194 72.89999999999999
195 65.8
196 57.30000000000002
197 68.2
198 65.6
199 73.1
200 71.50000000000001
201 74.9
202 83.2
203 46.49999999999999
204 59.1
205 77.4
206 82.3
207 70.69999999999999
208 54.0
209 65.89999999999999
210 70.8
211 80.60000000000001
212 66.29999999999998
213 55.9
214 74.80000000000001
215 83.2
216 74.80000000000001
217 51.399999999999984
218 72.5
219 57.400000000000006
220 66.7
221 63.199999999999996
222 74.1
223 71.69999999999999
224 55.900000000000006
225 54.900000000000006
226 59.899999999999984
227 72.19999999999999
228 83.2
229 63.20000000000002
230 64.2
231 60.8
232 76.3
233 63.300000000000004
234 75.9
235 69.89999999999999
236 73.99999999999999
237 54.800000000000004
238 67.5
239 80.8
240 68.19999999999999
241 44.10000000000001
242 63.2
243 79.30000000000001
244 76.7
245 65.1
246 50.50000000000001
247 73.9
248 80.10000000000001
249 63.899999999999984
250 62.199999999999996
251 71.1
252 79.89999999999999
253 60.00000000000001
254 50.8
255 69.89999999999999
256 84.0
257 77.3
258 52.50000000000001
259 56.599999999999994
260 74.89999999999999
261 82.10000000000001
262 63.2
263 56.5
264 70.69999999999999
265 65.19999999999999
266 76.39999999999999
267 75.80000000000001
268 67.29999999999998
269 78.3
270 65.70000000000002
271 71.50000000000001
272 73.3
273 70.6
274 43.400000000000006
275 64.9
276 75.60000000000001
277 69.89999999999999
278 73.99999999999999
279 54.00000000000001
280 69.2
281 77.30000000000001
282 63.099999999999994
283 68.89999999999999
284 84.3
285 84.2
286 63.20000000000002
287 51.7
288 67.10000000000001
289 82.5
290 77.5
291 44.900000000000006
292 61.5
293 74.69999999999999
294 78.2
295 63.400000000000006
296 48.4
297 73.10000000000001
298 78.10000000000001
299 82.39999999999999
300 70.80000000000001
301 69.89999999999999
302 71.69999999999999
303 59.100000000000016
304 70.00000000000001
305 67.19999999999999
306 68.89999999999999
307 77.3
308 63.100000000000016
309 68.5
310 60.99999999999999
311 76.5
312 83.10000000000001
313 67.4
314 73.2
315 65.8
316 70.1
317 72.30000000000001
318 81.5
319 45.800000000000004
320 57.5
321 71.60000000000001
322 79.0
323 74.8
324 40.6
325 64.2
326 78.10000000000001
327 83.0
328 83.89999999999999
329 54.0
330 55.8
331 74.9
332 83.0
333 58.3
334 69.1
335 78.3
336 83.10000000000001
337 60.7
338 55.69999999999998
339 74.0
340 82.3
341 62.20000000000002
342 73.2
343 69.1
344 73.0
345 80.7
346 59.100000000000016
347 59.8
348 69.1
349 74.69999999999999
350 75.7
351 76.89999999999999
352 45.899999999999984
353 61.400000000000006
354 60.100000000000016
355 80.8
356 79.10000000000001
357 49.1
358 50.7
359 74.0
360 80.8
361 68.3
362 46.6
363 68.10000000000001
364 79.2
365 84.0
366 56.599999999999994
367 72.6
368 82.3
369 84.8
370 48.2
371 58.2
372 72.5
373 80.5
374 54.00000000000002
375 51.599999999999994
376 67.39999999999999
377 84.0
378 76.39999999999999
379 55.400000000000006
380 59.899999999999984
381 69.2
382 82.3
383 74.7
384 70.89999999999999
385 74.19999999999999
386 58.5
387 63.2
388 74.7
389 63.099999999999994
390 69.89999999999999
391 62.30000000000002
392 70.7
393 79.80000000000001
394 68.89999999999999
395 58.300000000000004
396 62.400000000000006
397 74.0
398 67.39999999999999
399 73.1
400 65.60000000000001
401 84.10000000000001
402 83.89999999999999
403 42.5
404 60.7
405 72.7
406 79.89999999999999
407 59.0
408 51.599999999999994
409 70.60000000000001
410 80.10000000000001
411 78.2
412 49.599999999999994
413 51.7
414 71.3
415 82.39999999999999
416 79.2
417 68.6
418 74.89999999999999
419 51.400000000000006
420 62.600000000000016
421 73.2
422 68.39999999999999
423 78.89999999999999
424 59.00000000000001
425 72.4
426 62.199999999999996
427 64.69999999999999
428 59.1
429 62.400000000000006
430 71.4
431 69.1
432 73.89999999999999
433 65.60000000000001
434 76.5
435 76.39999999999999
436 44.099999999999994
437 65.80000000000001
438 79.9
439 83.8
440 66.6
441 48.900000000000006
442 70.89999999999999
443 75.0
444 80.5
445 68.89999999999999
446 50.1
447 70.60000000000001
448 79.9
449 79.0
450 61.399999999999984
451 74.19999999999999
452 55.900000000000006
453 59.300000000000004
454 59.099999999999994
455 71.6
456 77.39999999999999
457 59.100000000000016
458 64.00000000000001
459 58.3
460 67.3
461 79.89999999999999
462 62.30000000000002
463 70.7
464 68.3
465 77.89999999999999
466 71.60000000000001
467 73.4
468 68.29999999999998
469 67.49999999999999
470 60.5
471 77.50000000000001
472 83.2
473 68.19999999999999
474 58.0
475 60.600000000000016
476 76.7
477 77.39999999999999
478 69.8
479 59.900000000000006
480 74.80000000000001
481 79.10000000000001
482 68.1
483 58.099999999999994
484 75.0
485 79.2
486 63.400000000000006
487 50.699999999999996
488 76.7
489 83.10000000000001
490 64.0
491 50.80000000000002
492 54.099999999999994
493 75.8
494 83.0
495 63.100000000000016
496 59.0
497 70.0
498 79.89999999999999
499 78.8
500 74.9
501 67.39999999999999
502 78.3
503 65.70000000000002
504 70.60000000000001
505 79.9
506 74.89999999999999
507 45.100000000000016
508 62.400000000000006
509 73.9
510 70.1
511 73.1
512 53.100000000000016
513 73.2
514 80.7
515 63.99999999999999
516 62.2
517 82.60000000000001
518 83.2
519 62.400000000000006
520 56.6
521 69.60000000000001
522 85.0
523 79.0
524 40.7
525 59.9
526 73.89999999999999
527 83.10000000000001
528 66.80000000000001
529 47.5
530 75.6
531 77.60000000000001
532 74.89999999999999
533 69.2
534 72.3
535 78.19999999999999
536 62.50000000000001
537 70.80000000000001
538 67.19999999999999
539 67.6
540 69.8
541 61.600000000000016
542 74.9
543 64.19999999999999
544 78.1
545 83.10000000000001
546 66.7
547 73.80000000000001
548 65.6
549 70.1
550 74.7
551 83.3
552 46.6
553 50.2
554 66.60000000000001
555 82.3
556 78.10000000000001
557 40.6
558 66.7
559 79.9
560 78.10000000000001
561 75.60000000000001
562 50.7
563 66.8
564 74.80000000000001
565 80.60000000000001
566 55.699999999999996
567 70.1
568 78.19999999999999
569 80.60000000000001
570 66.4
571 64.89999999999999
572 71.5
573 79.8
574 61.400000000000006
575 61.7
576 64.1
577 74.69999999999999
578 83.3
579 67.30000000000001
580 53.399999999999984
581 65.69999999999999
582 78.4
583 75.60000000000001
584 78.3
585 40.1
586 60.6
587 74.00000000000001
588 76.7
589 67.39999999999999
590 47.5
591 58.0
592 72.7
593 79.89999999999999
594 67.49999999999999
595 53.2
596 64.0
597 75.80000000000001
598 82.5
599 59.19999999999998
600 67.6
601 79.8
602 82.39999999999999
603 54.8
604 61.5
605 74.1
606 82.3
607 54.80000000000002
608 44.99999999999999
609 64.89999999999999
610 82.3
611 83.89999999999999
612 58.80000000000002
613 56.49999999999999
614 73.3
615 83.10000000000001
616 69.7
617 68.49999999999999
618 72.49999999999999
619 58.300000000000004
620 67.30000000000001
621 72.30000000000001
622 60.79999999999998
623 69.1
624 60.600000000000016
625 70.80000000000001
626 82.2
627 69.79999999999998
628 60.0
629 57.600000000000016
630 74.9
631 69.1
632 73.1
633 73.2
634 84.10000000000001
635 84.89999999999999
636 49.2
637 50.8
638 75.9
639 83.10000000000001
640 54.100000000000016
641 51.599999999999994
642 69.8
643 80.0
644 84.7
645 35.5
646 52.5
647 73.0
648 83.2
649 79.2
650 68.69999999999999
651 73.19999999999999
652 63.900000000000006
653 55.2
654 68.30000000000001
655 67.49999999999999
656 78.19999999999999
657 58.100000000000016
658 70.7
659 66.49999999999999
660 74.69999999999999
661 50.2
662 55.600000000000016
663 69.80000000000001
664 68.19999999999999
665 74.69999999999999
666 70.60000000000001
667 79.0
668 84.89999999999999
669 39.3
670 58.400000000000006
671 77.4
672 83.0
673 70.69999999999999
674 52.3
675 70.10000000000001
676 80.7
677 71.5
678 61.399999999999984
679 60.1
680 74.80000000000001
681 82.4
682 79.10000000000001
683 64.8
684 79.1
685 46.80000000000002
686 60.7
687 60.8
688 73.3
689 78.19999999999999
690 59.00000000000001
691 62.600000000000016
692 60.8
693 69.69999999999999
694 79.89999999999999
695 62.400000000000006
696 71.50000000000001
697 69.89999999999999
698 71.5
699 66.7
700 78.4
701 64.1
702 70.8
703 61.300000000000004
704 78.4
705 84.0
706 63.29999999999998
707 54.7
708 66.50000000000001
709 72.60000000000001
710 79.89999999999999
711 72.19999999999999
712 59.900000000000006
713 75.60000000000001
714 72.60000000000001
715 63.899999999999984
716 64.6
717 79.1
718 80.0
719 65.00000000000001
720 51.599999999999994
721 77.60000000000001
722 76.60000000000001
723 59.8
724 62.400000000000006
725 61.7
726 74.89999999999999
727 82.10000000000001
728 62.400000000000006
729 59.099999999999994
730 62.599999999999994
731 74.89999999999999
732 83.10000000000001
733 79.9
734 63.099999999999994
735 77.5
736 66.4
737 71.50000000000001
738 72.5
739 69.89999999999999
740 49.2
741 67.30000000000001
742 69.80000000000001
743 69.89999999999999
744 73.1
745 54.00000000000001
746 75.80000000000001
747 75.60000000000001
748 68.1
749 70.5
750 78.39999999999999
751 82.39999999999999
752 62.30000000000002
753 56.7
754 64.7
755 79.89999999999999
756 83.3
757 49.900000000000006
758 55.8
759 73.89999999999999
760 76.7
761 62.400000000000006
762 45.9
763 73.89999999999999
764 84.0
765 84.89999999999999
766 62.300000000000004
767 62.5
768 73.89999999999999
769 60.80000000000002
770 70.80000000000001
771 66.49999999999999
772 73.99999999999999
773 83.0
774 61.50000000000001
775 66.60000000000001
776 61.79999999999998
777 77.19999999999999
778 83.10000000000001
779 66.50000000000001
780 65.5
781 73.89999999999999
782 70.1
783 71.80000000000001
784 79.10000000000001
785 45.699999999999996
786 56.6
787 74.7
788 83.10000000000001
789 84.0
790 37.300000000000004
791 56.0
792 74.80000000000001
793 82.2
794 57.49999999999999
795 52.5
796 65.8
797 83.10000000000001
798 77.3
799 53.199999999999996
800 65.0
801 82.39999999999999
802 66.5
803 66.50000000000001
804 63.99999999999999
805 78.89999999999999
806 77.3
807 59.70000000000002
808 58.399999999999984
809 68.3
810 78.1
811 83.2
812 66.50000000000001
813 60.8
814 63.199999999999996
815 76.7
816 69.0
817 82.5
818 43.300000000000004
819 61.400000000000006
820 73.2
821 84.3
822 63.99999999999999
823 38.50000000000001
824 53.100000000000016
825 78.2
826 83.3
827 68.29999999999998
828 53.2
829 65.0
830 75.80000000000001
831 76.60000000000001
832 57.49999999999999
833 74.89999999999999
834 84.0
835 84.2
836 47.5
837 57.3
838 77.39999999999999
839 79.7
840 60.600000000000016
841 52.4
842 69.89999999999999
843 84.0
844 76.60000000000001
845 56.400000000000006
846 59.899999999999984
847 69.1
848 82.3
849 74.7
850 70.99999999999999
851 74.19999999999999
852 51.100000000000016
853 64.10000000000001
854 74.80000000000001
855 63.19999999999998
856 72.39999999999999
857 62.30000000000002
858 70.60000000000001
859 83.10000000000001
860 68.89999999999999
861 55.7
862 68.9
863 74.0
864 69.89999999999999
865 73.19999999999999
866 72.3
867 84.10000000000001
868 84.0
869 44.9
870 62.3
871 74.2
872 82.3
873 54.100000000000016
874 53.199999999999996
875 70.60000000000001
876 80.0
877 78.10000000000001
878 45.6
879 51.7
880 70.39999999999999
881 83.39999999999999
882 79.30000000000001
883 69.29999999999998
884 79.0
885 57.400000000000006
886 66.7
887 70.0
888 69.89999999999999
889 78.1
890 58.100000000000016
891 70.7
892 59.99999999999999
893 69.8
894 61.6
895 57.30000000000002
896 74.2
897 68.1
898 79.0
899 65.60000000000001
900 75.80000000000001
901 81.39999999999999
902 54.1
903 60.1
904 76.60000000000001
905 75.7
906 66.6
907 49.1
908 70.10000000000001
909 79.80000000000001
910 84.8
911 62.19999999999998
912 59.2
913 67.60000000000001
914 80.7
915 78.2
916 64.8
917 78.3
918 59.20000000000002
919 59.900000000000006
920 59.899999999999984
921 73.19999999999999
922 74.89999999999999
923 57.30000000000002
924 69.00000000000001
925 64.1
926 78.89999999999999
927 76.60000000000001
928 59.900000000000006
929 70.60000000000001
930 65.8
931 77.1
932 70.9
933 79.10000000000001
934 71.49999999999999
935 66.69999999999999
936 58.800000000000004
937 77.50000000000001
938 78.3
939 67.39999999999999
940 57.2
941 73.10000000000001
942 80.10000000000001
943 84.10000000000001
944 70.6
945 61.5
946 70.0
947 78.30000000000001
948 66.49999999999999
949 64.69999999999999
950 79.19999999999999
951 64.2
952 64.2
953 51.699999999999996
954 73.3
955 82.3
956 58.20000000000002
957 62.50000000000001
958 68.2
959 79.0
960 78.0
961 55.100000000000016
962 54.9
963 66.6
964 78.19999999999999
965 83.0
966 80.7
967 69.79999999999998
968 68.3
969 62.300000000000004
970 68.9
971 79.10000000000001
972 73.89999999999999
973 50.00000000000001
974 68.2
975 71.60000000000001
976 61.599999999999994
977 72.19999999999999
978 55.900000000000006
979 75.60000000000001
980 79.80000000000001
981 68.89999999999999
982 63.2
983 81.8
984 77.39999999999999
985 46.70000000000002
986 56.6
987 69.60000000000001
988 83.39999999999999
989 84.0
990 47.4
991 58.2
992 73.4
993 79.8
994 66.60000000000001
995 47.5
996 74.1
997 83.89999999999999
998 84.0
999 53.9
