0 1
1 3.24483
2 2.5
3 3.24483
4 3.24483
5 4.33944
6 5.75491
7 1
8 2
9 2.5
10 2.5
11 1
12 2
13 2
14 2
15 2
16 2
17 2
18 2
19 2
20 2
21 2
22 2
23 2
24 1
25 2
26 2
27 2
28 2
29 2
30 2
31 2
32 2
33 2
34 2
35 2
36 2
37 2
38 2
39 2
40 2
41 2
42 2.9
43 3.55301
44 3.83446
45 1
46 1
47 1
48 1
49 2
50 2.5
51 2.9
52 2.9
53 2.9
54 2.9
55 2.9
56 2.9
57 2.9
58 2
59 2.5
60 2.5
61 2.5
62 2.5
63 2.5
64 2.5
65 2.5
66 2.5
67 2.5
68 2.5
69 2.5
70 2.5
71 2.5
72 2.5
73 1
74 2
75 2
76 2
77 2
78 2
79 2
80 2
81 2
82 2
83 2
84 2
85 2
86 2
87 2
88 2
89 2
90 2
91 2
92 2
93 2
94 2
95 2
96 2
97 2
98 2
99 2
100 2
101 2
102 1
103 1
104 1
105 1
106 1
107 1
108 1
109 1
110 1
111 1
112 1
113 1
114 1
115 1
116 1
117 1
118 1
119 1
120 1
121 1
122 1
123 1
124 1
125 1
126 1
127 1
128 1
129 1
130 1
131 1
132 1
133 1
134 1
135 1
136 1
137 1
138 1
139 1
140 1
141 1
142 1
143 1
144 1
145 1
146 1
147 1
148 1
149 1
150 1
151 1
152 1
153 1
154 1
155 1
156 1
157 1
158 1
159 2
160 2
161 2
162 2
163 2
164 2
165 2
166 2
167 2
168 2
169 2
170 2
171 2
172 2
173 2
174 2
175 2
176 2
177 2
178 2
179 2
180 2
181 2
182 2
183 2
184 2
185 2
186 2
187 2
188 2
189 2
190 2
191 2
192 2
193 2
194 2
195 2
196 2
197 2
198 2
199 2
200 2
201 2
202 2
203 2
204 2
205 2
206 2
207 2
208 2
209 2
210 2
211 2
212 2
213 2
214 2
215 2
216 2
217 2
218 2
219 1
220 2
221 2
222 2
223 2
224 2
225 2
226 2
227 2
228 2
229 2
230 2
231 2
232 2
233 2
234 2
235 2
236 2
237 2
238 2
239 2
240 2
241 2
242 2
243 2
244 2
245 2
246 2
247 2
248 2
249 2
250 2
251 2
252 2
253 2
254 2
255 2
256 2
257 2
258 2
259 2
260 2
261 2
262 2
263 2
264 2
265 2
266 2
267 2
268 2
269 2
270 2
271 2
272 2
273 2
274 2
275 2
276 2
277 2
278 2
279 2
280 3.24483
281 4.33944
282 4.78871
283 1
284 2
285 1
286 2
287 2
288 2
289 2
290 2.9
291 2.9
292 2
293 2
294 2
295 1
296 2
297 2.9
298 1
299 1
300 1
301 1
302 2
303 2.9
304 3.83446
305 3.83446
306 1
307 2
308 2
309 2
310 2
311 2.9
312 2.9
313 1
314 1
315 1
316 2
317 2.9
318 4.33944
319 4.33944
320 1
321 2
322 3.83446
323 4.78871
324 5.92867
325 1
326 2
327 2.5
328 1
329 1
330 1
331 2.9
332 4.09525
333 4.78871
334 1
335 2
336 1
337 1
338 1
339 2.9
340 3.83446
341 4.78871
342 1
343 2
344 1
345 1
346 1
347 2.9
348 3.55301
349 4.78871
350 1
351 2
352 1
353 1
354 1
355 2.5
356 3.55301
357 4.56988
358 1
359 2
360 2
361 2
362 2
363 2
364 2
365 2.9
366 2.9
367 2
368 2
369 2
370 1
371 2.9
372 3.55301
373 3.55301
374 2
375 2
376 2
377 1
378 2.9
379 3.55301
380 3.55301
381 2
382 2
383 2
384 1
385 2.9
386 3.55301
387 3.55301
388 2
389 2
390 2
391 2
392 2.9
393 3.55301
394 1
395 2
396 2
397 1
398 2.5
399 3.55301
400 3.83446
401 1
402 2
403 2
404 2
405 2.9
406 3.83446
407 4.33944
408 2
409 2.5
410 3.83446
411 4.78871
412 5.92867
413 1
414 2
415 2.5
416 1
417 1
418 1
419 2.9
420 4.09525
421 4.78871
422 1
423 2
424 1
425 1
426 1
427 2.9
428 3.83446
429 4.78871
430 1
431 2
432 1
433 2
434 2
435 2
436 2
437 2.9
438 2.9
439 2
440 2
441 2
442 1
443 2
444 3.55301
445 3.55301
446 1
447 1
448 1
449 2.5
450 4.09525
451 4.78871
452 1
453 2
454 1
455 1
456 1
457 2.9
458 3.83446
459 4.78871
460 1
461 2
462 1
463 1
464 1
465 2.9
466 3.55301
467 4.78871
468 1
469 2
470 1
471 1
472 1
473 2.5
474 3.55301
475 4.56988
476 1
477 2
478 2
479 1
480 1
481 2
482 3.55301
483 4.33944
484 4.78871
485 2
486 2
487 2
488 2
489 2
490 2
491 2.9
492 2.9
493 2
494 2
495 2
496 1
497 2.9
498 3.55301
499 3.55301
500 2
501 2
502 2
503 1
504 2.9
505 3.55301
506 3.55301
507 2
508 2
509 2
510 1
511 2.9
512 3.55301
513 1
514 2
515 2
516 2
517 2
518 2.9
519 3.55301
520 1
521 2
522 2
523 1
524 2.9
525 3.55301
526 3.83446
527 1
528 2
529 2
530 2
531 3.55301
532 4.33944
533 1
534 2
535 2.5
536 4.33944
537 5.19763
538 6.09735
539 1
540 3.33333
541 3.33333
542 1
543 2
544 2
545 1
546 2.9
547 3.55301
548 3.55301
549 2
550 2
551 2
552 1
553 2.9
554 3.55301
555 3.55301
556 2
557 2
558 2
559 2
560 2.9
561 3.55301
562 1
563 2
564 2
565 2
566 2
567 2.9
568 3.83446
569 1
570 2
571 2
572 1
573 2.9
574 3.55301
575 3.83446
576 1
577 2
578 2
579 2.5
580 3.55301
581 4.33944
582 4.78871
583 2
584 1
585 1
586 1
587 2
588 3.55301
589 4.33944
590 4.78871
591 2
592 2
593 1
594 2
595 2
596 1
597 2.9
598 2.9
599 1
600 2
601 2
602 1
603 2.9
604 3.55301
605 1
606 1
607 1
608 1
609 1
610 1
611 1
612 1
613 1
614 2
615 2
616 2
617 2
618 2
619 2
620 2
621 2
622 2
623 2
624 2
625 2.9
626 2.9
627 2.9
628 1
629 1
630 1
631 1
632 1
633 2.5
634 2.5
635 2.5
636 2.5
637 2.5
638 2.5
639 2.5
640 2.5
641 2.5
642 1
643 1
644 1
645 1
646 1
647 1
648 1
649 1
650 1
651 1
652 1
653 1
654 1
655 1
656 1
657 1
658 1
659 1
660 1
661 2
662 2.5
663 2.5
664 2.5
665 2.5
666 2.5
667 2.5
668 2.5
669 2.5
670 2.5
671 2.5
672 2.5
673 2.5
674 2.5
675 2.5
676 2.5
677 2.5
678 2.5
679 2.5
680 2.5
681 2.5
682 2.5
683 2.5
684 2.5
685 2.5
686 2.5
687 2.5
688 2.5
689 2.5
690 2.5
691 2.5
692 2.5
693 2.5
694 2.5
695 2.5
696 2.5
697 2.5
698 1
699 1
700 1
701 1
702 1
703 1
704 1
705 1
706 1
707 1
708 1
709 1
710 1
711 1
712 1
713 1
714 1
715 1
716 1
717 1
718 1
719 1
720 1
721 1
722 1
723 1
724 1
725 1
726 1
727 1
728 1
729 1
730 1
731 1
732 1
733 1
734 1
735 1
736 1
737 1
738 1
739 1
740 1
741 1
742 1
743 1
744 1
745 1
746 1
747 1
748 1
749 1
750 1
751 1
752 1
753 1
754 1
755 1
756 1
757 1
758 1
759 2.9
760 3.55301
761 3.55301
762 1
763 1
764 1
765 1
766 1
767 2
768 2.5
769 2.5
770 2.5
771 2.5
772 2.5
773 2.5
774 2.5
775 2.5
776 1
777 1
778 1
779 1
780 1
781 1
782 1
783 1
784 1
785 1
786 1
787 1
788 1
789 1
790 1
791 1
792 1
793 2.9
794 3.55301
795 4.33944
796 4.33944
797 2
798 2.5
799 3.83446
800 5.39003
801 5.92867
802 1
803 2
804 2.5
805 1
806 1
807 1
808 2
809 2.9
810 3.83446
811 3.83446
812 1
813 2
814 2
815 1
816 2.9
817 3.55301
818 3.83446
819 1
820 2
821 2
822 2
823 2.9
824 3.55301
825 3.83446
826 1
827 2
828 2
829 2
830 3.55301
831 4.33944
832 1
833 2
834 2.5
835 4.33944
836 5.19763
837 6.09735
838 2
839 3.33333
840 3.33333
841 2
842 2
843 2
844 2
845 2.9
846 3.55301
847 3.83446
848 1
849 2
850 2
851 1
852 2.5
853 3.55301
854 3.55301
855 2
856 2
857 2
858 1
859 2.9
860 3.55301
861 1
862 2
863 2
864 2
865 2
866 2.9
867 3.55301
868 1
869 1
870 1
871 1
872 1
873 1
874 1
875 1
876 2
877 2
878 2
879 2
880 2
881 2
882 2
883 2
884 2
885 2
886 2
887 2.9
888 3.55301
889 3.55301
890 1
891 1
892 1
893 1
894 2
895 2.5
896 2.9
897 2.9
898 2.9
899 2.9
900 2.9
901 2.9
902 2.9
903 1
904 2
905 2
906 2
907 2
908 2
909 2
910 2
911 2
912 2
913 2
914 2
915 2
916 2
917 2
918 2
919 2
920 2
921 2
922 2
923 2
924 2
925 2
926 2
927 2
928 2
929 2
930 2
931 2
932 2
933 2
934 2
935 2
936 2
937 2
938 2
939 2
940 2
941 2
942 2
943 2
944 2
945 2
946 2
947 2
948 2
949 1
950 2.9
951 3.55301
952 3.83446
953 3.83446
954 1
955 1
956 1
957 1
958 2.5
959 2.9
960 2.9
961 2.9
962 2.9
963 2.9
964 2.9
965 2.9
966 1
967 2
968 2.5
969 1
970 1
971 1
972 1
973 2
974 2.9
975 2.9
976 2
977 2
978 2
979 2
980 2
981 2.9
982 1
983 1
984 1
985 1
986 3.55301
987 4.33944
988 4.78871
989 1
990 2
991 1
992 1
993 1
994 2
995 2.9
996 3.55301
997 3.83446
998 1
999 2
