0 1
1 3.24483
2 2.5
3 4.56988
4 6.26135
5 7.16526
6 8.33628
7 1
8 4
9 5.50703
10 6.51909
11 1
12 3
13 4.84749
14 5.97588
15 6.91805
16 1
17 3.33333
18 4.16441
19 4.84749
20 2.5
21 3.55301
22 4.99753
23 5.92867
24 1
25 3.55301
26 4.78871
27 6.09735
28 6.87746
29 2
30 4.16441
31 5.05378
32 5.97588
33 7.20419
34 8.48916
35 1
36 4
37 5.68862
38 6.82236
39 7.91801
40 1
41 3.33333
42 5.05378
43 6.46458
44 1
45 2
46 4.16441
47 5.97588
48 6.77034
49 1
50 3.33333
51 4.16441
52 4.84749
53 2
54 3.55301
55 4.33944
56 5.57555
57 1
58 3.24483
59 4.33944
60 5.57555
61 6.72885
62 1
63 3.33333
64 5.05378
65 5.97588
66 6.77034
67 8.12537
68 1
69 2
70 4.92064
71 6.51909
72 7.3909
73 1
74 2
75 4.84749
76 5.97588
77 6.91805
78 1
79 3.63333
80 5.25165
81 6.61927
82 1
83 2
84 3.63333
85 4.84749
86 1
87 3.24483
88 4.33944
89 5.19763
90 5.92867
91 2.9
92 4.33944
93 5.19763
94 6.26135
95 1
96 3.33333
97 4.40454
98 5.80357
99 6.77034
100 7.74424
101 8.83778
102 1
103 4.70824
104 6.20063
105 7.3909
106 7.91801
107 2
108 4.16441
109 5.97588
110 6.77034
111 1
112 3.33333
113 5.05378
114 6.14322
115 6.91805
116 2
117 3.33333
118 4.16441
119 1
120 2.9
121 4.09525
122 5.19763
123 5.92867
124 2
125 3.55301
126 5.19763
127 6.09735
128 6.87746
129 2
130 4.16441
131 5.05378
132 6.306
133 7.47918
134 8.48916
135 1
136 4
137 5.68862
138 7.11243
139 7.91801
140 1
141 3.90856
142 5.44207
143 6.77034
144 1
145 2
146 4.63158
147 5.97588
148 6.77034
149 1
150 3.33333
151 4.16441
152 4.84749
153 2
154 3.55301
155 4.78871
156 5.92867
157 1
158 3.55301
159 4.56988
160 5.92867
161 6.87746
162 1
163 3.90856
164 5.05378
165 5.97588
166 7.0626
167 8.36968
168 1
169 3
170 5.31903
171 6.51909
172 7.65907
173 1
174 3.33333
175 5.05378
176 6.14322
177 6.91805
178 2
179 4.16441
180 5.62582
181 6.77034
182 1
183 2
184 4.16441
185 4.84749
186 2
187 3.55301
188 4.33944
189 5.19763
190 1
191 2.9
192 4.33944
193 5.39003
194 6.5768
195 1
196 3.33333
197 4.84749
198 5.97588
199 6.77034
200 8.00038
201 8.83778
202 2
203 4.92064
204 6.51909
205 7.3909
206 1
207 2
208 4.63158
209 5.97588
210 6.77034
211 1
212 3.33333
213 5.05378
214 6.46458
215 1
216 2
217 3.33333
218 4.63158
219 1
220 2.9
221 4.33944
222 5.19763
223 5.92867
224 2.5
225 4.09525
226 5.19763
227 6.09735
228 6.87746
229 3
230 4.16441
231 5.44207
232 6.61927
233 7.61288
234 8.60696
235 1
236 4.25
237 5.86441
238 7.25303
239 7.91801
240 1
241 4.16441
242 5.80357
243 6.77034
244 1
245 3.33333
246 5.05378
247 5.97588
248 6.91805
249 2
250 3.33333
251 4.16441
252 4.84749
253 2.9
254 3.83446
255 5.19763
256 5.92867
257 2
258 3.55301
259 4.99753
260 6.09735
261 6.87746
262 2
263 4.16441
264 5.05378
265 6.14322
266 7.343
267 8.48916
268 1
269 4
270 5.68862
271 6.82236
272 7.91801
273 1
274 3.33333
275 5.05378
276 6.46458
277 1
278 2
279 4.16441
280 5.97588
281 6.77034
282 1
283 3.33333
284 4.16441
285 4.84749
286 2
287 3.55301
288 4.33944
289 5.57555
290 1
291 3.24483
292 4.33944
293 5.57555
294 6.87746
295 1
296 3.63333
297 5.05378
298 5.97588
299 6.91805
300 8.24844
301 1
302 2
303 5.12386
304 6.51909
305 7.5262
306 1
307 3
308 5.05378
309 5.97588
310 6.91805
311 2
312 3.90856
313 5.44207
314 6.77034
315 1
316 2
317 3.90856
318 4.84749
319 1
320 3.24483
321 4.33944
322 5.19763
323 5.92867
324 2.9
325 4.33944
326 5.19763
327 6.26135
328 1
329 3.33333
330 4.40454
331 5.80357
332 6.77034
333 7.74424
334 8.83778
335 1
336 4.70824
337 6.20063
338 7.3909
339 7.91801
340 2
341 4.16441
342 5.97588
343 6.77034
344 1
345 3.33333
346 5.05378
347 6.306
348 1
349 2
350 3.33333
351 4.40454
352 1
353 2.9
354 4.33944
355 5.19763
356 5.92867
357 2
358 3.83446
359 5.19763
360 6.09735
361 6.87746
362 2
363 4.16441
364 5.25165
365 6.46458
366 7.61288
367 8.48916
368 1
369 4
370 5.68862
371 7.11243
372 7.91801
373 1
374 3.90856
375 5.44207
376 6.77034
377 1
378 2
379 4.63158
380 5.97588
381 6.77034
382 1
383 3.33333
384 4.16441
385 4.84749
386 2
387 3.55301
388 4.78871
389 5.92867
390 1
391 3.55301
392 4.56988
393 5.92867
394 6.87746
395 1
396 3.90856
397 5.05378
398 5.97588
399 7.20419
400 8.48916
401 1
402 4
403 5.50703
404 6.67249
405 7.78963
406 1
407 3.33333
408 5.05378
409 6.306
410 1
411 2
412 4.16441
413 5.80357
414 6.77034
415 1
416 3
417 4.16441
418 4.84749
419 2
420 3.55301
421 4.33944
422 5.39003
423 1
424 2.9
425 4.33944
426 5.39003
427 6.5768
428 1
429 3.33333
430 4.84749
431 5.97588
432 6.77034
433 8.00038
434 8.83778
435 2
436 4.92064
437 6.51909
438 7.3909
439 1
440 2
441 4.63158
442 5.97588
443 6.77034
444 1
445 3.33333
446 5.05378
447 6.46458
448 1
449 2
450 3.63333
451 4.84749
452 1
453 2.9
454 4.33944
455 5.19763
456 5.92867
457 2.9
458 4.33944
459 5.19763
460 6.09735
461 1
462 3.33333
463 4.16441
464 5.62582
465 6.77034
466 7.61288
467 8.72314
468 1
469 4.48529
470 6.03493
471 7.3909
472 7.91801
473 1
474 4.16441
475 5.80357
476 6.77034
477 1
478 3.33333
479 5.05378
480 5.97588
481 6.91805
482 2
483 3.33333
484 4.16441
485 4.84749
486 2.9
487 3.83446
488 5.19763
489 5.92867
490 2
491 3.55301
492 4.99753
493 6.09735
494 6.87746
495 2
496 4.16441
497 5.05378
498 6.14322
499 7.343
500 8.48916
501 1
502 4
503 5.68862
504 6.96893
505 7.91801
506 1
507 3.63333
508 5.25165
509 6.61927
510 1
511 2
512 4.40454
513 5.97588
514 6.77034
515 1
516 3.33333
517 4.16441
518 4.84749
519 2
520 3.55301
521 4.56988
522 5.75491
523 1
524 3.55301
525 4.33944
526 5.75491
527 6.87746
528 1
529 3.63333
530 5.05378
531 5.97588
532 6.91805
533 8.24844
534 1
535 2
536 5.12386
537 6.51909
538 7.5262
539 1
540 3
541 5.05378
542 5.97588
543 6.91805
544 2
545 3.90856
546 5.44207
547 6.77034
548 1
549 2
550 3.90856
551 4.84749
552 1
553 3.24483
554 4.33944
555 5.19763
556 5.92867
557 2.9
558 4.33944
559 5.19763
560 6.42106
561 1
562 3.33333
563 4.63158
564 5.97588
565 6.77034
566 7.87337
567 8.83778
568 2
569 4.92064
570 6.36191
571 7.3909
572 7.91801
573 2
574 4.40454
575 5.97588
576 6.77034
577 1
578 3.33333
579 5.05378
580 6.306
581 1
582 2
583 3.33333
584 4.40454
585 1
586 2.9
587 4.33944
588 5.19763
589 5.92867
590 2
591 3.83446
592 5.19763
593 6.09735
594 6.87746
595 2
596 4.16441
597 5.25165
598 6.46458
599 7.61288
600 8.48916
601 1
602 4
603 5.68862
604 7.11243
605 7.91801
606 1
607 4.16441
608 5.62582
609 6.77034
610 1
611 3
612 4.84749
613 5.97588
614 6.91805
615 1
616 3.33333
617 4.16441
618 4.84749
619 2.5
620 3.55301
621 4.99753
622 5.92867
623 1
624 3.55301
625 4.78871
626 6.09735
627 6.87746
628 2
629 4.16441
630 5.05378
631 5.97588
632 7.20419
633 8.48916
634 1
635 4
636 5.50703
637 6.67249
638 7.78963
639 1
640 3.33333
641 5.05378
642 6.306
643 1
644 2
645 4.16441
646 5.80357
647 6.77034
648 1
649 3
650 4.16441
651 4.84749
652 2
653 3.55301
654 4.33944
655 5.39003
656 1
657 2.9
658 4.33944
659 5.57555
660 6.72885
661 1
662 3.33333
663 5.05378
664 5.97588
665 6.77034
666 8.12537
667 1
668 2
669 4.92064
670 6.51909
671 7.3909
672 1
673 2
674 4.84749
675 5.97588
676 6.91805
677 1
678 3.63333
679 5.25165
680 6.61927
681 1
682 2
683 3.63333
684 4.84749
685 1
686 2.9
687 4.33944
688 5.19763
689 5.92867
690 2.9
691 4.33944
692 5.19763
693 6.09735
694 1
695 3.33333
696 4.16441
697 5.62582
698 6.77034
699 7.61288
700 8.72314
701 1
702 4.48529
703 6.03493
704 7.3909
705 7.91801
706 1
707 4.16441
708 5.80357
709 6.77034
710 1
711 3.33333
712 5.05378
713 6.14322
714 6.91805
715 2
716 3.33333
717 4.16441
718 1
719 2.9
720 4.09525
721 5.19763
722 5.92867
723 2
724 3.55301
725 5.19763
726 6.09735
727 6.87746
728 2
729 4.16441
730 5.05378
731 6.306
732 7.47918
733 8.48916
734 1
735 4
736 5.68862
737 6.96893
738 7.91801
739 1
740 3.63333
741 5.25165
742 6.61927
743 1
744 2
745 4.40454
746 5.97588
747 6.77034
748 1
749 3.33333
750 4.16441
751 4.84749
752 2
753 3.55301
754 4.56988
755 5.75491
756 1
757 3.55301
758 4.33944
759 5.75491
760 6.87746
761 1
762 3.90856
763 5.05378
764 5.97588
765 7.0626
766 8.36968
767 1
768 3
769 5.31903
770 6.51909
771 7.65907
772 1
773 3.33333
774 5.05378
775 6.14322
776 6.91805
777 2
778 4.16441
779 5.62582
780 6.77034
781 1
782 2
783 4.16441
784 4.84749
785 2
786 3.55301
787 4.33944
788 5.19763
789 5.92867
790 2.9
791 4.33944
792 5.19763
793 6.42106
794 1
795 3.33333
796 4.63158
797 5.97588
798 6.77034
799 7.87337
800 8.83778
801 2
802 4.92064
803 6.36191
804 7.3909
805 7.91801
806 2
807 4.40454
808 5.97588
809 6.77034
810 1
811 3.33333
812 5.05378
813 6.306
814 1
815 2
816 3.33333
817 4.63158
818 1
819 2.9
820 4.33944
821 5.19763
822 5.92867
823 2.5
824 4.09525
825 5.19763
826 6.09735
827 6.87746
828 3
829 4.16441
830 5.44207
831 6.61927
832 7.61288
833 8.60696
834 1
835 4.25
836 5.86441
837 7.25303
838 7.91801
839 1
840 4.16441
841 5.62582
842 6.77034
843 1
844 3
845 4.84749
846 5.97588
847 6.91805
848 1
849 3.33333
850 4.16441
851 4.84749
852 2.5
853 3.55301
854 4.99753
855 5.92867
856 1
857 3.55301
858 4.78871
859 6.09735
860 6.87746
861 2
862 4.16441
863 5.05378
864 5.97588
865 7.20419
866 8.48916
867 1
868 4
869 5.68862
870 6.82236
871 7.91801
872 1
873 3.33333
874 5.05378
875 6.46458
876 1
877 2
878 4.16441
879 5.97588
880 6.77034
881 1
882 3.33333
883 4.16441
884 4.84749
885 2
886 3.55301
887 4.33944
888 5.57555
889 1
890 3.24483
891 4.33944
892 5.57555
893 6.72885
894 1
895 3.33333
896 5.05378
897 5.97588
898 6.77034
899 8.12537
900 1
901 2
902 4.92064
903 6.51909
904 7.3909
905 1
906 2
907 4.84749
908 5.97588
909 6.91805
910 1
911 3.63333
912 5.25165
913 6.61927
914 1
915 2
916 3.63333
917 4.84749
918 1
919 3.24483
920 4.33944
921 5.19763
922 5.92867
923 2.9
924 4.33944
925 5.19763
926 6.26135
927 1
928 3.33333
929 4.40454
930 5.80357
931 6.77034
932 7.74424
933 8.83778
934 1
935 4.70824
936 6.20063
937 7.3909
938 7.91801
939 2
940 4.16441
941 5.97588
942 6.77034
943 1
944 3.33333
945 5.05378
946 6.14322
947 6.91805
948 2
949 3.33333
950 4.16441
951 1
952 2.9
953 4.09525
954 5.19763
955 5.92867
956 2
957 3.55301
958 5.19763
959 6.09735
960 6.87746
961 2
962 4.16441
963 5.05378
964 6.306
965 7.47918
966 8.48916
967 1
968 4
969 5.68862
970 7.11243
971 7.91801
972 1
973 3.90856
974 5.44207
975 6.77034
976 1
977 2
978 4.63158
979 5.97588
980 6.77034
981 1
982 3.33333
983 4.16441
984 4.84749
985 2
986 3.55301
987 4.78871
988 5.92867
989 1
990 3.55301
991 4.56988
992 5.92867
993 6.87746
994 1
995 3.90856
996 5.05378
997 5.97588
998 7.0626
999 8.36968
