0 1
1 3.24483
2 2.5
3 3.24483
4 3.24483
5 4.33944
6 5.75491
7 1
8 2
9 2.5
10 2.5
11 1
12 2
13 2
14 2
15 2
16 2
17 2
18 2
19 2
20 2
21 2
22 2
23 2
24 1
25 2
26 2
27 2
28 2
29 2
30 2
31 2
32 2
33 2
34 2
35 2
36 2
37 2
38 2
39 2
40 2
41 1
42 2.9
43 3.55301
44 3.83446
45 3.83446
46 1
47 1
48 1
49 1
50 2
51 2.5
52 2.5
53 2.5
54 2.5
55 2.5
56 2.5
57 2.5
58 2.5
59 1
60 2
61 2
62 2
63 2
64 2
65 2
66 2
67 2
68 2
69 2
70 2
71 2
72 2
73 2
74 2
75 1
76 2.9
77 3.83446
78 4.78871
79 1
80 2
81 1
82 2
83 2
84 2
85 2
86 2.9
87 2.9
88 1
89 2
90 2
91 2
92 2
93 2.9
94 2.9
95 1
96 1
97 1
98 1
99 2.5
100 3.55301
101 3.55301
102 1
103 2
104 2
105 2
106 1
107 2
108 2.5
109 2.5
110 2.5
111 2.5
112 2.5
113 2.5
114 2.5
115 2
116 2
117 2
118 2
119 2
120 2
121 2
122 2
123 2
124 2
125 2
126 2
127 2
128 2
129 1
130 2
131 2
132 2
133 2
134 2
135 2
136 2
137 2
138 2
139 2
140 2
141 2
142 2
143 2
144 2
145 2
146 2
147 2
148 2
149 2
150 2
151 2
152 2
153 2
154 2
155 2
156 2
157 2
158 1
159 1
160 1
161 1
162 1
163 1
164 1
165 1
166 1
167 1
168 1
169 1
170 1
171 1
172 1
173 1
174 1
175 1
176 1
177 1
178 1
179 1
180 1
181 1
182 1
183 1
184 1
185 1
186 1
187 1
188 1
189 1
190 1
191 1
192 1
193 1
194 1
195 1
196 1
197 1
198 1
199 1
200 1
201 1
202 1
203 1
204 1
205 1
206 1
207 1
208 1
209 1
210 1
211 1
212 1
213 1
214 2
215 2
216 2
217 2
218 2
219 2
220 2
221 2
222 2
223 2
224 2
225 2
226 2
227 2
228 2
229 2
230 2
231 2
232 2
233 2
234 2
235 2
236 2
237 2
238 2
239 2
240 2
241 2
242 2
243 2
244 2
245 2
246 2
247 2
248 2
249 2
250 2
251 2
252 2
253 2
254 2
255 2
256 2
257 2
258 2
259 2
260 2
261 2
262 2
263 2
264 2
265 2
266 2
267 2
268 2
269 2
270 2
271 2
272 2
273 2
274 2
275 2.9
276 2.9
277 2.9
278 1
279 1
280 1
281 1
282 1
283 2
284 2
285 2
286 2
287 2
288 2
289 2
290 2
291 2
292 2
293 1
294 2.9
295 4.33944
296 4.78871
297 1
298 2
299 2
300 1
301 1
302 1
303 1
304 2
305 2.5
306 2.5
307 2.5
308 2.5
309 2.5
310 2.5
311 2.5
312 2.5
313 1
314 2
315 2
316 2
317 2
318 2
319 2
320 2
321 2
322 2
323 2
324 2
325 2
326 2
327 2
328 2
329 1
330 3.55301
331 4.33944
332 4.78871
333 1
334 2
335 1
336 2
337 2
338 1
339 2
340 2.9
341 1
342 2
343 2
344 2
345 1
346 2
347 2.9
348 1
349 1
350 1
351 1
352 2
353 3.24483
354 3.83446
355 3.83446
356 1
357 2
358 2
359 2
360 2
361 2.9
362 2.9
363 1
364 1
365 1
366 2
367 3.55301
368 4.33944
369 4.33944
370 1
371 2.5
372 3.83446
373 5.19763
374 5.92867
375 1
376 2
377 2.5
378 1
379 1
380 1
381 2.9
382 4.33944
383 4.78871
384 1
385 2
386 1
387 1
388 1
389 2.9
390 4.33944
391 4.78871
392 1
393 2
394 1
395 1
396 1
397 2.9
398 4.09525
399 4.78871
400 1
401 2
402 1
403 1
404 1
405 2.9
406 3.83446
407 4.78871
408 1
409 2
410 1
411 2
412 2
413 2
414 2
415 2.9
416 1
417 2
418 2
419 2
420 2
421 2.9
422 3.55301
423 1
424 2
425 2
426 2
427 2
428 2.9
429 3.55301
430 1
431 2
432 2
433 2
434 2
435 2.9
436 3.55301
437 1
438 2
439 2
440 2
441 2
442 2.9
443 3.55301
444 1
445 2
446 2
447 1
448 2.9
449 3.55301
450 3.83446
451 1
452 2
453 2
454 2
455 3.24483
456 4.33944
457 1
458 2
459 2.5
460 3.83446
461 5.39003
462 5.92867
463 1
464 2
465 2.5
466 1
467 1
468 1
469 3.24483
470 4.33944
471 4.78871
472 1
473 2
474 1
475 1
476 1
477 2.9
478 4.33944
479 4.78871
480 1
481 2
482 1
483 2
484 2
485 2
486 2
487 2.9
488 1
489 2
490 2
491 2
492 1
493 2.9
494 3.55301
495 3.55301
496 1
497 1
498 1
499 3.24483
500 4.33944
501 4.78871
502 1
503 2
504 1
505 1
506 1
507 2.9
508 4.33944
509 4.78871
510 1
511 2
512 1
513 1
514 1
515 2.9
516 4.33944
517 4.78871
518 1
519 2
520 1
521 1
522 1
523 2.9
524 4.09525
525 4.78871
526 1
527 2
528 1
529 1
530 1
531 2.9
532 3.83446
533 4.78871
534 1
535 2
536 1
537 1
538 1
539 2.9
540 3.55301
541 4.78871
542 1
543 2
544 1
545 2
546 2
547 2
548 2
549 2.9
550 2.9
551 2
552 2
553 2
554 1
555 2.9
556 3.55301
557 1
558 2
559 2
560 2
561 1
562 2.9
563 3.55301
564 3.55301
565 1
566 1
567 1
568 2.9
569 4.33944
570 4.78871
571 1
572 2
573 1
574 1
575 1
576 2.9
577 4.33944
578 4.78871
579 1
580 2
581 1
582 1
583 1
584 2.9
585 4.09525
586 4.78871
587 1
588 2
589 1
590 1
591 1
592 2.9
593 3.83446
594 4.78871
595 1
596 2
597 1
598 1
599 1
600 2.9
601 3.55301
602 4.78871
603 1
604 2
605 1
606 1
607 1
608 2.5
609 3.55301
610 4.56988
611 1
612 2
613 2
614 2
615 2
616 2
617 2
618 2.9
619 2.9
620 2
621 2
622 2
623 1
624 2.9
625 3.55301
626 3.55301
627 2
628 2
629 2
630 1
631 2.5
632 3.55301
633 3.55301
634 1
635 1
636 1
637 2.5
638 4.33944
639 4.78871
640 1
641 2
642 1
643 1
644 1
645 2.9
646 4.09525
647 4.78871
648 1
649 2
650 1
651 1
652 1
653 2.9
654 3.83446
655 4.78871
656 1
657 2
658 1
659 1
660 1
661 2.9
662 3.55301
663 4.78871
664 1
665 2
666 2
667 1
668 1
669 2.5
670 3.55301
671 4.56988
672 1
673 2
674 2
675 1
676 1
677 2
678 3.55301
679 4.33944
680 4.78871
681 2
682 2
683 2
684 2
685 2
686 1
687 2.9
688 2.9
689 1
690 2
691 2
692 1
693 2.9
694 3.55301
695 3.55301
696 1
697 2
698 2
699 1
700 2
701 3.55301
702 3.55301
703 1
704 1
705 1
706 2.5
707 4.09525
708 4.78871
709 1
710 2
711 1
712 1
713 1
714 2.9
715 3.55301
716 4.78871
717 1
718 2
719 1
720 1
721 1
722 2.5
723 3.55301
724 4.56988
725 1
726 2
727 2
728 1
729 1
730 2
731 3.55301
732 4.33944
733 4.78871
734 2
735 2
736 1
737 1
738 2
739 3.55301
740 4.33944
741 4.78871
742 2
743 2
744 1
745 1
746 2
747 3.55301
748 4.33944
749 4.78871
750 1
751 2
752 1
753 2
754 2
755 1
756 2.9
757 2.9
758 1
759 2
760 2
761 1
762 2.5
763 3.55301
764 3.55301
765 1
766 2
767 2
768 1
769 2
770 2.9
771 3.55301
772 1
773 1
774 1
775 2.5
776 3.55301
777 4.78871
778 1
779 2
780 1
781 1
782 1
783 2.5
784 3.55301
785 4.56988
786 1
787 2
788 2
789 1
790 1
791 2
792 3.55301
793 4.33944
794 4.78871
795 2
796 2
797 1
798 1
799 2
800 3.55301
801 4.33944
802 4.78871
803 2
804 2
805 1
806 1
807 2
808 3.55301
809 4.33944
810 4.78871
811 1
812 2
813 1
814 1
815 1
816 3.55301
817 4.33944
818 4.78871
819 1
820 2
821 1
822 2
823 2
824 1
825 2.5
826 2.9
827 1
828 2
829 2
830 1
831 2
832 3.24483
833 3.55301
834 1
835 2
836 2
837 2
838 2
839 2.9
840 3.55301
841 1
842 1
843 1
844 2.5
845 3.55301
846 4.56988
847 1
848 2
849 1
850 1
851 1
852 2
853 3.55301
854 4.33944
855 4.78871
856 2
857 2
858 1
859 1
860 2
861 3.55301
862 4.33944
863 4.78871
864 2
865 2
866 1
867 1
868 2
869 3.55301
870 4.33944
871 4.78871
872 1
873 2
874 1
875 1
876 1
877 3.55301
878 4.33944
879 4.78871
880 1
881 2
882 1
883 1
884 1
885 3.55301
886 4.33944
887 4.78871
888 1
889 2
890 1
891 2
892 2
893 1
894 2
895 2.9
896 1
897 2
898 2
899 2
900 2
901 2.9
902 3.55301
903 1
904 2
905 2
906 2
907 2
908 2.9
909 3.55301
910 1
911 1
912 1
913 2.5
914 3.55301
915 4.33944
916 4.78871
917 2
918 2
919 1
920 1
921 2
922 3.55301
923 4.33944
924 4.78871
925 2
926 2
927 1
928 1
929 2
930 3.55301
931 4.33944
932 4.78871
933 1
934 2
935 1
936 1
937 1
938 3.55301
939 4.33944
940 4.78871
941 1
942 2
943 1
944 1
945 1
946 3.24483
947 4.33944
948 4.78871
949 1
950 2
951 1
952 1
953 1
954 2.9
955 4.33944
956 4.78871
957 1
958 2
959 1
960 2
961 2
962 1
963 2
964 2.9
965 1
966 2
967 2
968 2
969 2
970 2.9
971 3.55301
972 1
973 2
974 2
975 2
976 2
977 2.9
978 3.55301
979 1
980 1
981 1
982 2
983 3.55301
984 4.33944
985 4.78871
986 1
987 2
988 1
989 1
990 1
991 3.55301
992 4.33944
993 4.78871
994 1
995 2
996 1
997 1
998 1
999 3.55301
