0 1
1 3.24483
2 2.5
3 3.24483
4 3.24483
5 4.33944
6 5.19763
7 1
8 2
9 2.5
10 1
11 1
12 1
13 1
14 2
15 2.9
16 2.9
17 1
18 1
19 1
20 1
21 1
22 2
23 2.9
24 2.9
25 1
26 2
27 2
28 2
29 2
30 1
31 2
32 2
33 2
34 2
35 2
36 2
37 2
38 2
39 1
40 1
41 1
42 1
43 1
44 1
45 1
46 1
47 1
48 1
49 1
50 1
51 1
52 1
53 1
54 1
55 1
56 1
57 2
58 2.9
59 2.9
60 1
61 1
62 1
63 1
64 1
65 1
66 2
67 2
68 2
69 2
70 2
71 2
72 2
73 2
74 2
75 2
76 2
77 3.55301
78 4.33944
79 4.78871
80 2
81 2
82 1
83 1
84 1
85 1
86 1
87 2
88 2.5
89 2.5
90 2.5
91 2.5
92 2.5
93 2.5
94 2.5
95 1
96 2
97 2
98 2
99 2
100 2
101 2
102 2
103 2
104 2
105 2
106 2
107 2
108 2
109 2
110 2
111 2
112 2.9
113 4.09525
114 4.78871
115 1
116 2
117 1
118 1
119 1
120 2.9
121 3.83446
122 4.78871
123 1
124 2
125 1
126 1
127 1
128 2.9
129 3.55301
130 4.78871
131 1
132 2
133 1
134 1
135 1
136 2.5
137 3.55301
138 4.56988
139 1
140 2
141 1
142 1
143 1
144 2
145 3.55301
146 4.56988
147 1
148 2
149 2
150 1
151 1
152 2
153 3.55301
154 4.33944
155 4.78871
156 2
157 2
158 1
159 1
160 2
161 3.55301
162 4.33944
163 4.78871
164 2
165 2
166 1
167 1
168 2
169 3.55301
170 4.33944
171 4.78871
172 1
173 2
174 1
175 1
176 1
177 3.55301
178 4.33944
179 4.78871
180 1
181 2
182 1
183 1
184 1
185 3.55301
186 4.33944
187 4.78871
188 1
189 2
190 1
191 1
192 1
193 3.24483
194 4.33944
195 4.78871
196 1
197 2
198 1
199 1
200 1
201 2.9
202 4.33944
203 4.78871
204 1
205 2
206 1
207 1
208 1
209 2.9
210 4.33944
211 4.78871
212 1
213 2
214 1
215 1
216 1
217 2.9
218 4.33944
219 4.78871
220 1
221 2
222 1
223 1
224 1
225 2.9
226 4.09525
227 4.78871
228 1
229 2
230 1
231 1
232 1
233 2.9
234 3.83446
235 4.78871
236 1
237 2
238 1
239 1
240 1
241 2.9
242 3.55301
243 4.78871
244 1
245 2
246 1
247 1
248 1
249 2.5
250 3.55301
251 4.56988
252 1
253 2
254 1
255 1
256 1
257 2
258 3.55301
259 4.33944
260 4.78871
261 2
262 2
263 1
264 1
265 2
266 3.55301
267 4.33944
268 4.78871
269 2
270 2
271 1
272 1
273 2
274 3.55301
275 4.33944
276 4.78871
277 2
278 2
279 1
280 1
281 2
282 3.55301
283 4.33944
284 4.78871
285 1
286 2
287 1
288 1
289 1
290 3.55301
291 4.33944
292 4.78871
293 1
294 2
295 1
296 1
297 1
298 3.55301
299 4.33944
300 4.78871
301 1
302 2
303 1
304 1
305 1
306 3.24483
307 4.33944
308 4.78871
309 1
310 2
311 1
312 1
313 1
314 2.9
315 4.33944
316 4.78871
317 1
318 2
319 1
320 1
321 1
322 2.9
323 4.33944
324 4.78871
325 1
326 2
327 1
328 1
329 1
330 2.9
331 4.09525
332 4.78871
333 1
334 2
335 1
336 1
337 1
338 2.9
339 4.09525
340 4.78871
341 1
342 2
343 1
344 1
345 1
346 2.9
347 3.83446
348 4.78871
349 1
350 2
351 1
352 1
353 1
354 2.9
355 3.55301
356 4.78871
357 1
358 2
359 1
360 1
361 1
362 2.5
363 3.55301
364 4.56988
365 1
366 2
367 1
368 1
369 1
370 2
371 3.55301
372 4.33944
373 4.78871
374 2
375 2
376 1
377 1
378 2
379 3.55301
380 4.33944
381 4.78871
382 2
383 2
384 1
385 1
386 2
387 3.55301
388 4.33944
389 4.78871
390 1
391 2
392 1
393 1
394 2
395 3.55301
396 4.33944
397 4.78871
398 1
399 2
400 1
401 1
402 1
403 3.55301
404 4.33944
405 4.78871
406 1
407 2
408 1
409 1
410 1
411 3.55301
412 4.33944
413 4.78871
414 1
415 2
416 1
417 1
418 1
419 3.24483
420 4.33944
421 4.78871
422 1
423 2
424 1
425 1
426 1
427 2.9
428 4.33944
429 4.78871
430 1
431 2
432 1
433 1
434 1
435 2.9
436 4.33944
437 4.78871
438 1
439 2
440 1
441 1
442 1
443 2.9
444 4.09525
445 4.78871
446 1
447 2
448 1
449 1
450 1
451 2.9
452 3.83446
453 4.78871
454 1
455 2
456 1
457 1
458 1
459 2.9
460 3.83446
461 4.78871
462 1
463 2
464 1
465 1
466 1
467 2.9
468 3.55301
469 4.78871
470 1
471 2
472 1
473 1
474 1
475 2.5
476 3.55301
477 4.56988
478 1
479 2
480 1
481 1
482 1
483 2
484 3.55301
485 4.33944
486 4.78871
487 2
488 2
489 1
490 1
491 2
492 3.55301
493 4.33944
494 4.78871
495 2
496 2
497 1
498 1
499 2
500 3.55301
501 4.33944
502 4.78871
503 1
504 2
505 1
506 1
507 1
508 3.55301
509 4.33944
510 4.78871
511 1
512 2
513 1
514 1
515 1
516 3.55301
517 4.33944
518 4.78871
519 1
520 2
521 1
522 1
523 1
524 3.55301
525 4.33944
526 4.78871
527 1
528 2
529 1
530 1
531 1
532 3.24483
533 4.33944
534 4.78871
535 1
536 2
537 1
538 1
539 1
540 2.9
541 4.33944
542 4.78871
543 1
544 2
545 1
546 1
547 1
548 2.9
549 4.33944
550 4.78871
551 1
552 2
553 1
554 1
555 1
556 2.9
557 4.09525
558 4.78871
559 1
560 2
561 1
562 1
563 1
564 2.9
565 3.83446
566 4.78871
567 1
568 2
569 1
570 1
571 1
572 2.9
573 3.55301
574 4.78871
575 1
576 2
577 1
578 1
579 1
580 2.5
581 3.55301
582 4.56988
583 1
584 2
585 1
586 1
587 1
588 2.5
589 3.55301
590 4.56988
591 1
592 2
593 1
594 1
595 1
596 2
597 3.55301
598 4.33944
599 4.78871
600 2
601 2
602 1
603 1
604 2
605 3.55301
606 4.33944
607 4.78871
608 2
609 2
610 1
611 1
612 2
613 3.55301
614 4.33944
615 4.78871
616 1
617 2
618 1
619 1
620 1
621 3.55301
622 4.33944
623 4.78871
624 1
625 2
626 1
627 1
628 1
629 3.55301
630 4.33944
631 4.78871
632 1
633 2
634 1
635 1
636 1
637 3.24483
638 4.33944
639 4.78871
640 1
641 2
642 1
643 1
644 1
645 2.9
646 4.33944
647 4.78871
648 1
649 2
650 1
651 1
652 1
653 2.9
654 4.33944
655 4.78871
656 1
657 2
658 1
659 1
660 1
661 2.9
662 4.33944
663 4.78871
664 1
665 2
666 1
667 1
668 1
669 2.9
670 4.09525
671 4.78871
672 1
673 2
674 1
675 1
676 1
677 2.9
678 3.83446
679 4.78871
680 1
681 2
682 1
683 1
684 1
685 2.9
686 3.55301
687 4.78871
688 1
689 2
690 1
691 1
692 1
693 2.5
694 3.55301
695 4.56988
696 1
697 2
698 1
699 1
700 1
701 2
702 3.55301
703 4.33944
704 4.78871
705 2
706 2
707 1
708 1
709 2
710 3.55301
711 4.33944
712 4.78871
713 2
714 2
715 1
716 1
717 2
718 3.55301
719 4.33944
720 4.78871
721 2
722 2
723 1
724 1
725 2
726 3.55301
727 4.33944
728 4.78871
729 1
730 2
731 1
732 1
733 1
734 3.55301
735 4.33944
736 4.78871
737 1
738 2
739 1
740 1
741 1
742 3.55301
743 4.33944
744 4.78871
745 1
746 2
747 1
748 1
749 1
750 3.24483
751 4.33944
752 4.78871
753 1
754 2
755 1
756 1
757 1
758 2.9
759 4.33944
760 4.78871
761 1
762 2
763 1
764 1
765 1
766 2.9
767 4.33944
768 4.78871
769 1
770 2
771 1
772 1
773 1
774 2.9
775 4.33944
776 4.78871
777 1
778 2
779 1
780 1
781 1
782 2.9
783 4.09525
784 4.78871
785 1
786 2
787 1
788 1
789 1
790 2.9
791 3.83446
792 4.78871
793 1
794 2
795 1
796 1
797 1
798 2.9
799 3.55301
800 4.78871
801 1
802 2
803 1
804 1
805 1
806 2.5
807 3.55301
808 4.56988
809 1
810 2
811 1
812 1
813 1
814 2
815 3.55301
816 4.33944
817 4.78871
818 2
819 2
820 1
821 1
822 2
823 3.55301
824 4.33944
825 4.78871
826 2
827 2
828 1
829 1
830 2
831 3.55301
832 4.33944
833 4.78871
834 2
835 2
836 1
837 1
838 2
839 3.55301
840 4.33944
841 4.78871
842 1
843 2
844 1
845 1
846 1
847 3.55301
848 4.33944
849 4.78871
850 1
851 2
852 1
853 1
854 1
855 3.55301
856 4.33944
857 4.78871
858 1
859 2
860 1
861 1
862 1
863 3.24483
864 4.33944
865 4.78871
866 1
867 2
868 1
869 1
870 1
871 2.9
872 4.33944
873 4.78871
874 1
875 2
876 1
877 1
878 1
879 2.9
880 4.33944
881 4.78871
882 1
883 2
884 1
885 1
886 1
887 2.9
888 4.09525
889 4.78871
890 1
891 2
892 1
893 1
894 1
895 2.9
896 4.09525
897 4.78871
898 1
899 2
900 1
901 1
902 1
903 2.9
904 3.83446
905 4.78871
906 1
907 2
908 1
909 1
910 1
911 2.9
912 3.55301
913 4.78871
914 1
915 2
916 1
917 1
918 1
919 2.5
920 3.55301
921 4.56988
922 1
923 2
924 1
925 1
926 1
927 2
928 3.55301
929 4.33944
930 4.78871
931 2
932 2
933 1
934 1
935 2
936 3.55301
937 4.33944
938 4.78871
939 2
940 2
941 1
942 1
943 2
944 3.55301
945 4.33944
946 4.78871
947 1
948 2
949 1
950 1
951 1
952 3.55301
953 4.33944
954 4.78871
955 1
956 2
957 1
958 1
959 1
960 3.55301
961 4.33944
962 4.78871
963 1
964 2
965 1
966 1
967 1
968 3.55301
969 4.33944
970 4.78871
971 1
972 2
973 1
974 1
975 1
976 3.24483
977 4.33944
978 4.78871
979 1
980 2
981 1
982 1
983 1
984 2.9
985 4.33944
986 4.78871
987 1
988 2
989 1
990 1
991 1
992 2.9
993 4.33944
994 4.78871
995 1
996 2
997 1
998 1
999 1
