1 2.949845454545454
2 2.5
3 4.070304999999999
4 5.406777999999999
5 6.4514700000000005
6 5.4876939999999985
7 1.699999000000001
8 3.9490160000000003
9 5.141905
10 5.690896999999999
11 1.0
12 3.182655000000001
13 4.322395
14 5.230906000000001
15 6.024439999999999
16 1.9900000000000004
17 3.215988000000001
18 4.0699510000000005
19 4.754847
20 2.01
21 3.1890840000000007
22 4.494939000000001
23 5.2470989999999995
24 3.3211020000000016
25 2.3765049999999994
26 4.127206
27 4.964808999999999
28 5.681695999999999
29 3.4754150000000013
30 2.982205
31 4.176213000000001
32 5.142621999999999
33 6.0887210000000005
34 4.9445799999999975
35 1.8999990000000009
36 3.916134000000001
37 5.0370740000000005
38 5.90091
39 4.559004999999998
40 2.0493230000000007
41 3.5027990000000013
42 4.8878379999999995
43 4.049466999999999
44 1.8834460000000006
45 2.804808000000001
46 4.119327999999999
47 5.219042000000001
48 3.8851699999999982
49 1.699999000000001
50 3.4827990000000013
51 4.2249690000000015
52 4.8048470000000005
53 1.65
54 3.3758280000000003
55 4.128030000000001
56 5.101319
57 1.25
58 3.185687
59 3.8810819999999997
60 4.90059
61 5.754970999999999
62 1.0999999999999999
63 3.0866640000000003
64 4.343024000000001
65 5.080704000000001
66 5.875356
67 4.811912999999998
68 2.1493230000000008
69 2.916134000000001
70 4.833408
71 3.9595449999999985
72 5.049569999999999
73 2.221362000000001
74 3.541071000000001
75 4.837363
76 3.7779399999999983
77 5.1977709999999995
78 3.328949000000001
79 4.298392000000001
80 5.133095000000001
81 3.970062999999999
82 2.0493230000000007
83 2.816134000000001
84 4.118557000000001
85 3.0237449999999995
86 2.289999000000001
87 3.6251610000000003
88 4.312484
89 5.079917000000001
90 3.714334999999999
91 2.989999
92 4.135854
93 4.931579000000002
94 5.8099739999999995
95 1.3000000000000003
96 3.215988000000001
97 4.168581
98 5.210083000000001
99 4.135169999999999
100 5.479071999999999
101 6.363664999999998
102 2.9927640000000015
103 4.870182
104 3.8648269999999987
105 5.185448999999999
106 5.775139
107 3.192764000000001
108 4.703672000000001
109 4.03794
110 5.084492999999999
111 2.525495000000001
112 4.146039000000001
113 3.486414999999999
114 4.865591999999999
115 2.7812789999999996
116 3.192764000000001
117 3.9977670000000014
118 2.7782569999999995
119 1.8899990000000009
120 3.456134
121 4.521511
122 5.3531010000000006
123 3.8643349999999996
124 2.6493230000000008
125 3.7645800000000005
126 4.838189000000001
127 3.6486749999999977
128 4.928728999999999
129 2.8447750000000003
130 4.553840000000002
131 4.937139999999999
132 3.9164319999999977
133 5.183068999999998
134 6.060713999999999
135 2.592764000000001
136 4.5254150000000015
137 3.999610999999999
138 5.518766
139 5.891626
140 2.8857810000000015
141 2.6566199999999993
142 4.0945339999999995
143 5.139416999999999
144 2.6927640000000013
145 3.986403000000001
146 3.359141999999999
147 4.460507999999999
148 5.3603879999999995
149 2.6927640000000013
150 4.042080000000001
151 2.982205
152 4.073068
153 3.3879220000000005
154 4.396230000000001
155 3.456753999999999
156 4.3643339999999995
157 2.3542470000000013
158 3.769269000000001
159 4.603574000000001
160 3.631806999999998
161 5.066598999999999
162 2.950078000000001
163 4.428255000000002
164 4.902305000000001
165 3.887939999999999
166 5.037258999999998
167 6.065252999999999
168 2.7857810000000014
169 2.6553009999999997
170 4.268657999999999
171 5.354022999999999
172 5.874523
173 2.831102000000002
174 2.166664999999999
175 3.8994579999999996
176 4.852855999999999
177 3.3398699999999995
178 3.6093590000000018
179 3.261076
180 4.333333
181 5.317790999999999
182 2.6857810000000018
183 1.9
184 3.2822039999999997
185 4.333293
186 3.326708000000001
187 4.386478
188 2.669719999999999
189 4.148343000000001
190 2.2161340000000007
191 3.6308980000000006
192 4.445135000000001
193 3.793705999999999
194 5.132487000000001
195 2.7666170000000014
196 3.8977670000000004
197 3.106260999999999
198 4.187939
199 5.101304
200 6.042950000000001
201 3.7048799999999997
202 1.8339439999999998
203 4.288513999999999
204 4.975678999999999
205 5.8384160000000005
206 2.775415000000002
207 1.8
208 3.8514769999999996
209 5.0656859999999995
210 6.0093
211 1.378871
212 2.986664
213 4.422172
214 5.38693
215 2.831102000000002
216 1.5999999999999999
217 3.525988000000001
218 4.552232
219 3.021837000000002
220 3.825415000000001
221 3.1697199999999994
222 4.148138
223 4.952081000000001
224 3.7411020000000006
225 2.9353009999999995
226 4.2083390000000005
227 5.2436799999999995
228 3.1805099999999995
229 4.064434
230 2.6822049999999993
231 4.343857999999999
232 5.186196999999999
233 6.139405999999999
234 7.008813
235 1.7788710000000003
236 3.7684390000000003
237 5.088159000000001
238 6.012765000000001
239 4.559004999999998
240 1.7999990000000006
241 4.088339000000001
242 5.318774000000001
243 6.095142999999999
244 1.0999999999999999
245 3.3159880000000004
246 4.343024000000001
247 5.246676
248 4.059024999999999
249 2.35
250 3.543328
251 4.480264
252 3.2158510000000007
253 2.149999999999999
254 3.321545
255 4.414949000000001
256 5.057099
257 3.4311020000000014
258 2.6318059999999996
259 4.462072000000001
260 5.2436799999999995
261 5.730529999999999
262 1.6999999999999995
263 3.2822049999999994
264 4.148251999999999
265 5.277792999999999
266 6.312374999999999
267 5.178523999999998
268 2.1788700000000003
269 3.916134000000001
270 5.0370740000000005
271 5.80091
272 4.559004999999998
273 2.1493230000000008
274 3.8581000000000008
275 5.221781999999999
276 4.3630369999999985
277 1.8900000000000006
278 2.621362000000001
279 4.119327999999999
280 5.219042000000001
281 3.9851699999999983
282 1.955300000000001
283 3.816743000000001
284 4.553840000000002
285 4.754847
286 1.6999999999999995
287 3.325828
288 4.078029999999999
289 5.051319
290 1.355301
291 3.279631
292 4.169952999999999
293 4.800590000000001
294 5.959832
295 1.333944
296 3.5956270000000004
297 4.243024
298 5.336005000000001
299 6.226204000000001
300 5.3515869999999985
301 1.9493230000000006
302 3.2754950000000007
303 4.7793719999999995
304 3.8595449999999984
305 5.1662469999999985
306 2.463957000000001
307 4.1100400000000015
308 5.286863
309 3.7048759999999987
310 4.9990239999999995
311 2.8661340000000006
312 4.199384000000001
313 5.0699499999999995
314 4.475169999999998
315 2.3832670000000005
316 3.2543660000000005
317 4.295994000000001
318 3.123744999999999
319 2.1999990000000005
320 3.4351610000000004
321 4.262484000000001
322 5.119917000000001
323 3.8982789999999983
324 3.2188699999999995
325 3.9858539999999993
326 4.791579000000001
327 5.569973999999999
328 1.4000000000000001
329 3.115988
330 4.513882000000001
331 5.753552000000002
332 4.642911999999998
333 5.123770999999999
334 6.2083639999999995
335 2.8927640000000014
336 4.770182
337 3.7648269999999986
338 5.1754489999999995
339 6.084663999999998
340 3.5616350000000008
341 4.453672
342 3.9879399999999987
343 4.934492999999999
344 2.375495000000001
345 3.806039000000001
346 3.316889999999998
347 4.8898769999999985
348 2.5331180000000013
349 2.992764000000001
350 3.9977670000000014
351 2.7930859999999993
352 1.9725680000000005
353 3.390617
354 4.635929999999999
355 5.412977000000001
356 4.143205999999998
357 2.749323000000001
358 4.0541670000000005
359 4.884596000000001
360 3.6486749999999977
361 4.828728999999998
362 3.3942470000000005
363 4.330270000000001
364 5.290083
365 3.7941659999999984
366 5.379007999999998
367 6.263134999999999
368 2.8267080000000013
369 4.709359000000001
370 3.8146259999999987
371 5.467079
372 6.409016
373 3.484415000000001
374 3.149487
375 4.0945339999999995
376 5.139416999999999
377 2.6427640000000014
378 3.7311020000000013
379 3.1574549999999992
380 4.694451999999999
381 5.729259
382 2.926708000000001
383 4.420951000000001
384 2.8822049999999995
385 3.9730679999999996
386 3.1326210000000017
387 4.217587000000001
388 3.3118269999999996
389 4.733204999999999
390 2.488191000000001
391 4.24814
392 4.603574000000001
393 3.631806999999998
394 4.9112979999999995
395 2.8714350000000013
396 4.383328000000002
397 5.371176
398 4.164400999999999
399 5.585813000000001
400 6.132325999999998
401 2.831102000000002
402 2.4999999999999996
403 4.281451000000001
404 5.446271000000001
405 6.507801999999999
406 3.014548000000002
407 2.6455359999999994
408 3.976213
409 5.032565999999999
410 2.542966000000001
411 3.630716000000001
412 3.316149
413 4.898903000000001
414 5.372915999999998
415 3.0211020000000017
416 2.1333319999999993
417 3.382204
418 4.239879
419 3.3172470000000014
420 4.4415510000000005
421 3.2385909999999996
422 4.473846999999999
423 2.3161340000000012
424 3.7308980000000007
425 4.545135000000001
426 3.6692229999999992
427 5.088543
428 2.9116900000000014
429 4.531939
430 3.006260999999999
431 4.387939
432 5.2013039999999995
433 6.14295
434 3.6148799999999994
435 1.88
436 4.498888
437 5.354549999999999
438 5.8384160000000005
439 2.975415000000002
440 1.9
441 3.951477
442 5.0656859999999995
443 6.120657
444 1.309525
445 3.465535
446 4.422172
447 5.38693
448 2.9211020000000016
449 1.7553009999999996
450 3.659526
451 4.329878999999999
452 2.9752460000000016
453 2.5668029999999997
454 3.3697199999999996
455 4.44466
456 5.239350000000001
457 3.681102
458 2.769719999999999
459 4.138814
460 5.397301
461 3.3106380000000013
462 4.390634
463 2.7782569999999995
464 4.433333
465 5.251303999999998
466 5.950783999999999
467 5.097425999999999
468 1.8553010000000005
469 4.4565410000000005
470 5.35876
471 6.405423
472 4.4590049999999986
473 2.1999990000000005
474 3.7983390000000012
475 5.113473000000002
476 5.871572999999999
477 1.5469880000000003
478 3.449932
479 4.721895000000001
480 5.146676
481 4.059024999999999
482 2.1
483 3.3880270000000006
484 4.378577000000001
485 3.5497950000000005
486 2.428870999999999
487 3.511545
488 4.414949000000001
489 5.057099
490 3.3311020000000013
491 2.4765049999999995
492 4.283429000000001
493 5.288752999999999
494 6.164702
495 1.8553009999999999
496 3.2822049999999994
497 4.048252
498 5.077792999999999
499 6.281557
500 5.333824999999997
501 2.4128140000000005
502 4.0950050000000005
503 4.937074000000001
504 5.91728
505 4.759004999999998
506 1.9493230000000006
507 3.8922520000000005
508 5.430612
509 4.582877999999998
510 2.0788700000000007
511 2.6894740000000006
512 4.385850000000001
513 5.219042000000001
514 3.8851699999999982
515 1.9799990000000007
516 3.972044000000001
517 4.787784000000002
518 5.078031000000001
519 1.9
520 3.325828
521 4.147967
522 5.086332999999999
523 1.19
524 3.5413299999999994
525 4.564185
526 5.318593999999999
527 5.769832
528 1.0999999999999999
529 3.2167560000000006
530 4.243024
531 5.1707040000000015
532 6.3001890000000005
533 5.685530999999999
534 2.328194000000001
535 3.2754950000000007
536 4.879372
537 3.7595449999999984
538 5.016246999999999
539 2.279474000000001
540 4.071397000000002
541 5.470807
542 3.9337469999999986
543 4.849023999999999
544 2.816134000000001
545 4.149384000000001
546 5.16995
547 4.285169999999999
548 2.2393230000000006
549 3.299439000000001
550 4.764865000000001
551 3.0237449999999995
552 2.2999990000000006
553 3.4351610000000004
554 4.162484
555 5.096877000000001
556 1.9381679999999988
557 3.1320930000000002
558 4.364724999999999
559 4.7685390000000005
560 5.748241
561 1.3000000000000003
562 3.3059880000000006
563 4.490076
564 5.619022000000001
565 4.168615999999998
566 5.5663589999999985
567 6.073136999999999
568 3.2827640000000007
569 5.025365999999999
570 4.122697999999999
571 5.0680179999999995
572 3.1979349999999984
573 3.248065000000001
574 4.9473720000000005
575 3.7879399999999994
576 5.124492999999999
577 2.6665650000000016
578 4.2313170000000015
579 3.0268899999999985
580 4.666430999999999
581 2.409548000000001
582 3.349752000000002
583 3.8977670000000004
584 3.083085999999999
585 2.182093000000001
586 3.545005
587 4.162484
588 5.124230000000001
589 4.019635999999999
590 3.0063110000000006
591 3.854167000000001
592 5.0745960000000006
593 3.832120999999998
594 5.017599999999999
595 3.054247000000001
596 4.274969000000001
597 5.188396000000001
598 4.128109999999999
599 5.557878999999999
600 6.297834
601 2.8480650000000014
602 4.754286000000001
603 3.7146259999999987
604 5.261778
605 6.046926999999999
606 3.065046000000002
607 2.961075999999999
608 4.334008999999999
609 5.456605
610 2.8497520000000014
611 3.864434
612 3.206260999999999
613 4.792564
614 5.609103
615 3.421837000000002
616 4.042080000000001
617 3.082204999999999
618 4.0630679999999995
619 3.487746
620 4.220187000000001
621 3.434106
622 4.598278
623 2.995005000000001
624 3.959269000000001
625 5.064285999999999
626 3.8039759999999982
627 4.988052999999999
628 2.816134000000001
629 4.480472000000001
630 5.136249
631 4.383746999999999
632 5.362243
633 6.487626999999998
634 2.7311020000000017
635 2.4999999999999996
636 4.02615
637 5.48681
638 6.606818999999999
639 3.4888440000000016
640 2.166664999999999
641 4.176213000000001
642 4.932566
643 2.542966000000001
644 3.275415000000002
645 3.262205
646 5.063501000000001
647 6.030657999999999
648 2.7311020000000017
649 2.3333319999999995
650 3.2822039999999997
651 4.1398790000000005
652 2.992764000000001
653 4.387607000000001
654 3.287109999999999
655 4.976288
656 2.2161340000000007
657 3.8308980000000004
658 2.669719999999999
659 3.959519
660 4.945230999999999
661 2.821071000000001
662 4.607012000000001
663 3.7846319999999993
664 4.187939
665 5.3603879999999995
666 6.204677
667 2.7311020000000017
668 1.4999999999999998
669 4.330931
670 5.540505
671 6.577229
672 1.0
673 2.7
674 4.127623
675 4.929011
676 5.690127
677 1.69
678 3.6655030000000006
679 5.130941999999999
680 5.741697999999999
681 2.9311020000000023
682 1.5999999999999999
683 3.4760800000000005
684 4.239879
685 2.8818000000000015
686 2.3432329999999997
687 3.838590999999999
688 4.3101769999999995
689 5.005406
690 3.781102
691 2.769719999999999
692 3.7988140000000006
693 5.170408999999999
694 3.003366000000001
695 4.5100560000000005
696 2.6782569999999994
697 4.533333
698 5.2013039999999995
699 5.950783999999999
700 5.007425999999999
701 1.9553010000000006
702 4.363789
703 5.35876
704 6.305422999999999
705 4.559004999999998
706 2.349999000000001
707 4.107864000000001
708 5.342344000000001
709 5.716271999999999
710 1.6553010000000001
711 3.449932
712 4.681256000000001
713 5.376095999999999
714 1.8818049999999984
715 2.4553000000000007
716 3.6350100000000007
717 4.271020999999999
718 3.086403000000001
719 2.283943999999999
720 3.814170999999999
721 4.414949000000001
722 5.2070989999999995
723 3.5307160000000013
724 3.046073
725 4.148138
726 5.1794709999999995
727 6.012047999999999
728 1.878871
729 3.2822039999999997
730 4.395511999999999
731 5.464497
732 6.358115999999999
733 5.1234509999999975
734 2.1453000000000007
735 4.150078
736 5.215945
737 5.81728
738 4.9590049999999986
739 2.204624000000001
740 4.036196
741 5.220238
742 4.225363999999998
743 2.1339430000000004
744 2.9683450000000007
745 4.28585
746 5.419042000000001
747 4.140470999999999
748 2.123943000000001
749 3.7616700000000005
750 4.299452000000001
751 5.133104000000001
752 2.178871
753 3.325828
754 4.347967000000001
755 5.086332999999999
756 1.19
757 3.166504
758 4.04137
759 5.373667
760 6.148703
761 1.0
762 3.6791880000000003
763 4.498325
764 5.2360050000000005
765 5.863351
766 5.322631999999998
767 2.3832670000000005
768 4.111492000000001
769 5.0204960000000005
770 4.110904999999999
771 5.337058999999999
772 2.154247000000001
773 3.6594290000000016
774 4.947992
775 4.120665999999999
776 3.0985449999999997
777 3.0950050000000005
778 4.174969000000001
779 5.259425000000001
780 4.1851699999999985
781 1.9493230000000006
782 3.422621000000001
783 4.727511000000002
784 3.557916999999999
785 2.5569870000000003
786 3.530752
787 4.262484000000001
788 5.006877000000001
789 1.4928669999999988
790 3.012568
791 4.2693
792 5.302711000000001
793 5.882185000000001
794 1.7788710000000003
795 3.215988000000001
796 4.3347750000000005
797 5.1737210000000005
798 4.075169999999998
799 5.542788999999998
800 6.707308999999999
801 3.326708000000001
802 5.170293
803 3.843826999999998
804 5.168018
805 2.907934999999999
806 3.142764000000001
807 4.923802000000001
808 4.4002289999999995
809 5.168436999999999
810 2.811492000000001
811 3.8524460000000005
812 3.126889999999999
813 4.416430999999999
814 2.3161340000000012
815 3.248065000000001
816 4.607012000000001
817 3.614968999999999
818 2.428194000000001
819 3.2661339999999996
820 4.312685999999999
821 4.874230000000001
822 3.964334999999999
823 3.214624
824 4.366991
825 5.3587880000000006
826 3.838674999999998
827 2.387744999999999
828 3.449466000000001
829 4.174969000000001
830 5.125636999999999
831 4.225363999999998
832 5.814189999999998
833 6.700258
834 2.6429660000000013
835 4.694531000000001
836 3.900412999999999
837 5.230986000000001
838 6.0467509999999995
839 3.176403000000001
840 3.1714499999999997
841 4.462879999999999
842 5.101304
843 2.592764000000001
844 4.0144340000000005
845 3.261561999999999
846 4.794251
847 5.43046
848 3.376910000000001
849 4.320951000000002
850 2.8822049999999995
851 3.9730679999999996
852 3.3977460000000006
853 4.375488000000001
854 3.4127489999999985
855 4.798506
856 3.050078000000001
857 4.24814
858 4.708984999999999
859 3.6486749999999977
860 4.988052999999999
861 2.971435000000001
862 4.459115000000001
863 5.405659
864 4.2888199999999985
865 5.585813000000001
866 6.185650999999999
867 2.831102000000002
868 2.599999999999999
869 4.29961
870 5.519886
871 6.520639999999999
872 3.065046000000002
873 2.7655359999999996
874 4.0553609999999995
875 5.110299999999999
876 2.591800000000002
877 1.7553009999999996
878 3.6122009999999993
879 5.0781730000000005
880 5.660184999999999
881 3.209973000000001
882 2.166664999999999
883 3.382204
884 4.1398790000000005
885 3.248065000000001
886 4.341551000000001
887 3.330767
888 4.618367
889 2.6950050000000014
890 3.8374870000000003
891 2.869719999999999
892 4.059518999999999
893 4.945230999999999
894 2.5410710000000014
895 4.397767000000001
896 3.3364149999999984
897 4.666810000000001
898 5.260388
899 6.304677000000001
900 2.831102000000002
901 1.6899999999999997
902 4.246232
903 5.165678999999999
904 6.224816000000001
905 1.478871
906 2.6
907 4.2276229999999995
908 5.119011
909 5.945427999999999
910 1.4000000000000001
911 3.316756
912 4.673428
913 5.891698
914 2.9864030000000024
915 1.9339439999999997
916 3.754951000000001
917 4.239879
918 3.139374000000001
919 2.3956869999999992
920 3.6250199999999997
921 4.645277000000001
922 5.2124
923 4.115046
924 3.048590999999999
925 3.9888139999999996
926 5.010693
927 2.592764000000001
928 4.197381000000001
929 3.527029999999999
930 5.054204000000001
931 5.594608999999998
932 6.542016999999999
933 4.918889999999998
934 2.1999990000000005
935 4.128553999999999
936 5.412892
937 6.260496
938 5.093176999999998
939 2.7239430000000007
940 4.3732619999999995
941 4.980704
942 5.760585
943 1.4000000000000001
944 3.3712890000000004
945 4.636329
946 5.879449999999999
947 1.9257489999999984
948 2.6788700000000003
949 3.2561390000000006
950 4.271020999999999
951 2.7311020000000017
952 2.205300999999999
953 3.7692440000000005
954 4.883820000000001
955 5.291042999999999
956 3.754286000000002
957 2.6890849999999995
958 4.148138
959 4.824169999999999
960 5.933405
961 1.9339439999999997
962 3.6610750000000007
963 4.295511999999999
964 5.499195999999999
965 6.024171999999999
966 4.844579999999998
967 1.8899990000000009
968 4.071435
969 5.271018000000001
970 6.456741
971 5.014305999999999
972 2.0493230000000007
973 3.9892410000000016
974 5.080316
975 3.9851699999999983
976 2.024482000000001
977 3.578191000000001
978 5.029090000000001
979 5.219042000000001
980 4.044253999999999
981 1.872568000000001
982 3.4827990000000013
983 4.330270000000001
984 5.223104000000001
985 2.7128149999999995
986 3.6046990000000005
987 4.4105039999999995
988 5.250115999999999
989 1.0
990 2.976504
991 4.282020000000001
992 5.548514999999999
993 6.382647
994 1.778871
995 3.5291879999999995
996 4.343024000000001
997 4.980704
998 5.863351
999 5.287932999999998
