1 0.03636363636363636
2 0.039999999999999994
3 0.016000000000000004
4 0.03200000000000001
5 0.039999999999999994
6 0.03200000000000001
7 0.039999999999999994
8 0.03200000000000001
9 0.03200000000000001
10 0.03200000000000001
11 0.03200000000000001
12 0.03200000000000001
13 0.03200000000000001
14 0.03200000000000001
15 0.03200000000000001
16 0.03200000000000001
17 0.039999999999999994
18 0.03200000000000001
19 0.039999999999999994
20 0.03200000000000001
21 0.03200000000000001
22 0.03200000000000001
23 0.03200000000000001
24 0.03200000000000001
25 0.03200000000000001
26 0.03200000000000001
27 0.03200000000000001
28 0.03200000000000001
29 0.039999999999999994
30 0.03200000000000001
31 0.039999999999999994
32 0.03200000000000001
33 0.03200000000000001
34 0.03200000000000001
35 0.03200000000000001
36 0.03200000000000001
37 0.03200000000000001
38 0.03200000000000001
39 0.03200000000000001
40 0.03200000000000001
41 0.039999999999999994
42 0.03200000000000001
43 0.039999999999999994
44 0.03200000000000001
45 0.03200000000000001
46 0.03200000000000001
47 0.03200000000000001
48 0.03200000000000001
49 0.03200000000000001
50 0.03200000000000001
51 0.03200000000000001
52 0.03200000000000001
53 0.039999999999999994
54 0.03200000000000001
55 0.039999999999999994
56 0.03200000000000001
57 0.03200000000000001
58 0.03200000000000001
59 0.03200000000000001
60 0.03200000000000001
61 0.03200000000000001
62 0.03200000000000001
63 0.03200000000000001
64 0.03200000000000001
65 0.039999999999999994
66 0.03200000000000001
67 0.039999999999999994
68 0.03200000000000001
69 0.03200000000000001
70 0.03200000000000001
71 0.03200000000000001
72 0.03200000000000001
73 0.03200000000000001
74 0.03200000000000001
75 0.03200000000000001
76 0.03200000000000001
77 0.039999999999999994
78 0.03200000000000001
79 0.039999999999999994
80 0.03200000000000001
81 0.03200000000000001
82 0.03200000000000001
83 0.03200000000000001
84 0.03200000000000001
85 0.03200000000000001
86 0.03200000000000001
87 0.03200000000000001
88 0.03200000000000001
89 0.039999999999999994
90 0.03200000000000001
91 0.039999999999999994
92 0.03200000000000001
93 0.03200000000000001
94 0.03200000000000001
95 0.03200000000000001
96 0.03200000000000001
97 0.03200000000000001
98 0.03200000000000001
99 0.03200000000000001
100 0.03200000000000001
101 0.039999999999999994
102 0.03200000000000001
103 0.039999999999999994
104 0.03200000000000001
105 0.03200000000000001
106 0.03200000000000001
107 0.03200000000000001
108 0.03200000000000001
109 0.03200000000000001
110 0.03200000000000001
111 0.03200000000000001
112 0.03200000000000001
113 0.039999999999999994
114 0.03200000000000001
115 0.039999999999999994
116 0.03200000000000001
117 0.03200000000000001
118 0.03200000000000001
119 0.03200000000000001
120 0.03200000000000001
121 0.03200000000000001
122 0.03200000000000001
123 0.03200000000000001
124 0.03200000000000001
125 0.039999999999999994
126 0.03200000000000001
127 0.039999999999999994
128 0.03200000000000001
129 0.03200000000000001
130 0.03200000000000001
131 0.03200000000000001
132 0.03200000000000001
133 0.03200000000000001
134 0.03200000000000001
135 0.03200000000000001
136 0.03200000000000001
137 0.039999999999999994
138 0.03200000000000001
139 0.039999999999999994
140 0.03200000000000001
141 0.03200000000000001
142 0.03200000000000001
143 0.03200000000000001
144 0.03200000000000001
145 0.03200000000000001
146 0.03200000000000001
147 0.03200000000000001
148 0.03200000000000001
149 0.039999999999999994
150 0.03200000000000001
151 0.039999999999999994
152 0.03200000000000001
153 0.03200000000000001
154 0.03200000000000001
155 0.03200000000000001
156 0.03200000000000001
157 0.03200000000000001
158 0.03200000000000001
159 0.03200000000000001
160 0.03200000000000001
161 0.039999999999999994
162 0.03200000000000001
163 0.039999999999999994
164 0.03200000000000001
165 0.03200000000000001
166 0.03200000000000001
167 0.03200000000000001
168 0.03200000000000001
169 0.03200000000000001
170 0.03200000000000001
171 0.03200000000000001
172 0.03200000000000001
173 0.039999999999999994
174 0.03200000000000001
175 0.039999999999999994
176 0.03200000000000001
177 0.03200000000000001
178 0.03200000000000001
179 0.03200000000000001
180 0.03200000000000001
181 0.03200000000000001
182 0.03200000000000001
183 0.03200000000000001
184 0.03200000000000001
185 0.039999999999999994
186 0.03200000000000001
187 0.039999999999999994
188 0.03200000000000001
189 0.03200000000000001
190 0.03200000000000001
191 0.03200000000000001
192 0.03200000000000001
193 0.03200000000000001
194 0.03200000000000001
195 0.03200000000000001
196 0.03200000000000001
197 0.039999999999999994
198 0.03200000000000001
199 0.039999999999999994
200 0.03200000000000001
201 0.03200000000000001
202 0.03200000000000001
203 0.03200000000000001
204 0.03200000000000001
205 0.03200000000000001
206 0.03200000000000001
207 0.03200000000000001
208 0.03200000000000001
209 0.039999999999999994
210 0.03200000000000001
211 0.039999999999999994
212 0.03200000000000001
213 0.03200000000000001
214 0.03200000000000001
215 0.03200000000000001
216 0.03200000000000001
217 0.03200000000000001
218 0.03200000000000001
219 0.03200000000000001
220 0.03200000000000001
221 0.039999999999999994
222 0.03200000000000001
223 0.039999999999999994
224 0.03200000000000001
225 0.03200000000000001
226 0.03200000000000001
227 0.03200000000000001
228 0.03200000000000001
229 0.03200000000000001
230 0.03200000000000001
231 0.03200000000000001
232 0.03200000000000001
233 0.039999999999999994
234 0.03200000000000001
235 0.039999999999999994
236 0.03200000000000001
237 0.03200000000000001
238 0.03200000000000001
239 0.03200000000000001
240 0.03200000000000001
241 0.03200000000000001
242 0.03200000000000001
243 0.03200000000000001
244 0.03200000000000001
245 0.039999999999999994
246 0.03200000000000001
247 0.039999999999999994
248 0.03200000000000001
249 0.03200000000000001
250 0.03200000000000001
251 0.03200000000000001
252 0.03200000000000001
253 0.03200000000000001
254 0.03200000000000001
255 0.03200000000000001
256 0.03200000000000001
257 0.039999999999999994
258 0.03200000000000001
259 0.039999999999999994
260 0.03200000000000001
261 0.03200000000000001
262 0.03200000000000001
263 0.03200000000000001
264 0.03200000000000001
265 0.03200000000000001
266 0.03200000000000001
267 0.03200000000000001
268 0.03200000000000001
269 0.039999999999999994
270 0.03200000000000001
271 0.039999999999999994
272 0.03200000000000001
273 0.03200000000000001
274 0.03200000000000001
275 0.03200000000000001
276 0.03200000000000001
277 0.03200000000000001
278 0.03200000000000001
279 0.03200000000000001
280 0.03200000000000001
281 0.039999999999999994
282 0.03200000000000001
283 0.039999999999999994
284 0.03200000000000001
285 0.03200000000000001
286 0.03200000000000001
287 0.03200000000000001
288 0.03200000000000001
289 0.03200000000000001
290 0.03200000000000001
291 0.03200000000000001
292 0.03200000000000001
293 0.039999999999999994
294 0.03200000000000001
295 0.039999999999999994
296 0.03200000000000001
297 0.03200000000000001
298 0.03200000000000001
299 0.03200000000000001
300 0.03200000000000001
301 0.03200000000000001
302 0.03200000000000001
303 0.03200000000000001
304 0.03200000000000001
305 0.039999999999999994
306 0.03200000000000001
307 0.039999999999999994
308 0.03200000000000001
309 0.03200000000000001
310 0.03200000000000001
311 0.03200000000000001
312 0.03200000000000001
313 0.03200000000000001
314 0.03200000000000001
315 0.03200000000000001
316 0.03200000000000001
317 0.039999999999999994
318 0.03200000000000001
319 0.039999999999999994
320 0.03200000000000001
321 0.03200000000000001
322 0.03200000000000001
323 0.03200000000000001
324 0.03200000000000001
325 0.03200000000000001
326 0.03200000000000001
327 0.03200000000000001
328 0.03200000000000001
329 0.039999999999999994
330 0.03200000000000001
331 0.039999999999999994
332 0.03200000000000001
333 0.03200000000000001
334 0.03200000000000001
335 0.03200000000000001
336 0.03200000000000001
337 0.03200000000000001
338 0.03200000000000001
339 0.03200000000000001
340 0.03200000000000001
341 0.039999999999999994
342 0.03200000000000001
343 0.039999999999999994
344 0.03200000000000001
345 0.03200000000000001
346 0.03200000000000001
347 0.03200000000000001
348 0.03200000000000001
349 0.03200000000000001
350 0.03200000000000001
351 0.03200000000000001
352 0.03200000000000001
353 0.039999999999999994
354 0.03200000000000001
355 0.039999999999999994
356 0.03200000000000001
357 0.03200000000000001
358 0.03200000000000001
359 0.03200000000000001
360 0.03200000000000001
361 0.03200000000000001
362 0.03200000000000001
363 0.03200000000000001
364 0.03200000000000001
365 0.039999999999999994
366 0.03200000000000001
367 0.039999999999999994
368 0.03200000000000001
369 0.03200000000000001
370 0.03200000000000001
371 0.03200000000000001
372 0.03200000000000001
373 0.03200000000000001
374 0.03200000000000001
375 0.03200000000000001
376 0.03200000000000001
377 0.039999999999999994
378 0.03200000000000001
379 0.039999999999999994
380 0.03200000000000001
381 0.03200000000000001
382 0.03200000000000001
383 0.03200000000000001
384 0.03200000000000001
385 0.03200000000000001
386 0.03200000000000001
387 0.03200000000000001
388 0.03200000000000001
389 0.039999999999999994
390 0.03200000000000001
391 0.039999999999999994
392 0.03200000000000001
393 0.03200000000000001
394 0.03200000000000001
395 0.03200000000000001
396 0.03200000000000001
397 0.03200000000000001
398 0.03200000000000001
399 0.03200000000000001
400 0.03200000000000001
401 0.039999999999999994
402 0.03200000000000001
403 0.039999999999999994
404 0.03200000000000001
405 0.03200000000000001
406 0.03200000000000001
407 0.03200000000000001
408 0.03200000000000001
409 0.03200000000000001
410 0.03200000000000001
411 0.03200000000000001
412 0.03200000000000001
413 0.039999999999999994
414 0.03200000000000001
415 0.039999999999999994
416 0.03200000000000001
417 0.03200000000000001
418 0.03200000000000001
419 0.03200000000000001
420 0.03200000000000001
421 0.03200000000000001
422 0.03200000000000001
423 0.03200000000000001
424 0.03200000000000001
425 0.039999999999999994
426 0.03200000000000001
427 0.039999999999999994
428 0.03200000000000001
429 0.03200000000000001
430 0.03200000000000001
431 0.03200000000000001
432 0.03200000000000001
433 0.03200000000000001
434 0.03200000000000001
435 0.03200000000000001
436 0.03200000000000001
437 0.039999999999999994
438 0.03200000000000001
439 0.039999999999999994
440 0.03200000000000001
441 0.03200000000000001
442 0.03200000000000001
443 0.03200000000000001
444 0.03200000000000001
445 0.03200000000000001
446 0.03200000000000001
447 0.03200000000000001
448 0.03200000000000001
449 0.039999999999999994
450 0.03200000000000001
451 0.039999999999999994
452 0.03200000000000001
453 0.03200000000000001
454 0.03200000000000001
455 0.03200000000000001
456 0.03200000000000001
457 0.03200000000000001
458 0.03200000000000001
459 0.03200000000000001
460 0.03200000000000001
461 0.039999999999999994
462 0.03200000000000001
463 0.039999999999999994
464 0.03200000000000001
465 0.03200000000000001
466 0.03200000000000001
467 0.03200000000000001
468 0.03200000000000001
469 0.03200000000000001
470 0.03200000000000001
471 0.03200000000000001
472 0.03200000000000001
473 0.039999999999999994
474 0.03200000000000001
475 0.039999999999999994
476 0.03200000000000001
477 0.03200000000000001
478 0.03200000000000001
479 0.03200000000000001
480 0.03200000000000001
481 0.03200000000000001
482 0.03200000000000001
483 0.03200000000000001
484 0.03200000000000001
485 0.039999999999999994
486 0.03200000000000001
487 0.039999999999999994
488 0.03200000000000001
489 0.03200000000000001
490 0.03200000000000001
491 0.03200000000000001
492 0.03200000000000001
493 0.03200000000000001
494 0.03200000000000001
495 0.03200000000000001
496 0.03200000000000001
497 0.039999999999999994
498 0.03200000000000001
499 0.039999999999999994
500 0.03200000000000001
501 0.03200000000000001
502 0.03200000000000001
503 0.03200000000000001
504 0.03200000000000001
505 0.03200000000000001
506 0.03200000000000001
507 0.03200000000000001
508 0.03200000000000001
509 0.039999999999999994
510 0.03200000000000001
511 0.039999999999999994
512 0.03200000000000001
513 0.03200000000000001
514 0.03200000000000001
515 0.03200000000000001
516 0.03200000000000001
517 0.03200000000000001
518 0.03200000000000001
519 0.03200000000000001
520 0.03200000000000001
521 0.039999999999999994
522 0.03200000000000001
523 0.039999999999999994
524 0.03200000000000001
525 0.03200000000000001
526 0.03200000000000001
527 0.03200000000000001
528 0.03200000000000001
529 0.03200000000000001
530 0.03200000000000001
531 0.03200000000000001
532 0.03200000000000001
533 0.039999999999999994
534 0.03200000000000001
535 0.039999999999999994
536 0.03200000000000001
537 0.03200000000000001
538 0.03200000000000001
539 0.03200000000000001
540 0.03200000000000001
541 0.03200000000000001
542 0.03200000000000001
543 0.03200000000000001
544 0.03200000000000001
545 0.039999999999999994
546 0.03200000000000001
547 0.039999999999999994
548 0.03200000000000001
549 0.03200000000000001
550 0.03200000000000001
551 0.03200000000000001
552 0.03200000000000001
553 0.03200000000000001
554 0.03200000000000001
555 0.03200000000000001
556 0.03200000000000001
557 0.039999999999999994
558 0.03200000000000001
559 0.039999999999999994
560 0.03200000000000001
561 0.03200000000000001
562 0.03200000000000001
563 0.03200000000000001
564 0.03200000000000001
565 0.03200000000000001
566 0.03200000000000001
567 0.03200000000000001
568 0.03200000000000001
569 0.039999999999999994
570 0.03200000000000001
571 0.039999999999999994
572 0.03200000000000001
573 0.03200000000000001
574 0.03200000000000001
575 0.03200000000000001
576 0.03200000000000001
577 0.03200000000000001
578 0.03200000000000001
579 0.03200000000000001
580 0.03200000000000001
581 0.039999999999999994
582 0.03200000000000001
583 0.039999999999999994
584 0.03200000000000001
585 0.03200000000000001
586 0.03200000000000001
587 0.03200000000000001
588 0.03200000000000001
589 0.03200000000000001
590 0.03200000000000001
591 0.03200000000000001
592 0.03200000000000001
593 0.039999999999999994
594 0.03200000000000001
595 0.039999999999999994
596 0.03200000000000001
597 0.03200000000000001
598 0.03200000000000001
599 0.03200000000000001
600 0.03200000000000001
601 0.03200000000000001
602 0.03200000000000001
603 0.03200000000000001
604 0.03200000000000001
605 0.039999999999999994
606 0.03200000000000001
607 0.039999999999999994
608 0.03200000000000001
609 0.03200000000000001
610 0.03200000000000001
611 0.03200000000000001
612 0.03200000000000001
613 0.03200000000000001
614 0.03200000000000001
615 0.03200000000000001
616 0.03200000000000001
617 0.039999999999999994
618 0.03200000000000001
619 0.039999999999999994
620 0.03200000000000001
621 0.03200000000000001
622 0.03200000000000001
623 0.03200000000000001
624 0.03200000000000001
625 0.03200000000000001
626 0.03200000000000001
627 0.03200000000000001
628 0.03200000000000001
629 0.039999999999999994
630 0.03200000000000001
631 0.039999999999999994
632 0.03200000000000001
633 0.03200000000000001
634 0.03200000000000001
635 0.03200000000000001
636 0.03200000000000001
637 0.03200000000000001
638 0.03200000000000001
639 0.03200000000000001
640 0.03200000000000001
641 0.039999999999999994
642 0.03200000000000001
643 0.039999999999999994
644 0.03200000000000001
645 0.03200000000000001
646 0.03200000000000001
647 0.03200000000000001
648 0.03200000000000001
649 0.03200000000000001
650 0.03200000000000001
651 0.03200000000000001
652 0.03200000000000001
653 0.039999999999999994
654 0.03200000000000001
655 0.039999999999999994
656 0.03200000000000001
657 0.03200000000000001
658 0.03200000000000001
659 0.03200000000000001
660 0.03200000000000001
661 0.03200000000000001
662 0.03200000000000001
663 0.03200000000000001
664 0.03200000000000001
665 0.039999999999999994
666 0.03200000000000001
667 0.039999999999999994
668 0.03200000000000001
669 0.03200000000000001
670 0.03200000000000001
671 0.03200000000000001
672 0.03200000000000001
673 0.03200000000000001
674 0.03200000000000001
675 0.03200000000000001
676 0.03200000000000001
677 0.039999999999999994
678 0.03200000000000001
679 0.039999999999999994
680 0.03200000000000001
681 0.03200000000000001
682 0.03200000000000001
683 0.03200000000000001
684 0.03200000000000001
685 0.03200000000000001
686 0.03200000000000001
687 0.03200000000000001
688 0.03200000000000001
689 0.039999999999999994
690 0.03200000000000001
691 0.039999999999999994
692 0.03200000000000001
693 0.03200000000000001
694 0.03200000000000001
695 0.03200000000000001
696 0.03200000000000001
697 0.03200000000000001
698 0.03200000000000001
699 0.03200000000000001
700 0.03200000000000001
701 0.039999999999999994
702 0.03200000000000001
703 0.039999999999999994
704 0.03200000000000001
705 0.03200000000000001
706 0.03200000000000001
707 0.03200000000000001
708 0.03200000000000001
709 0.03200000000000001
710 0.03200000000000001
711 0.03200000000000001
712 0.03200000000000001
713 0.039999999999999994
714 0.03200000000000001
715 0.039999999999999994
716 0.03200000000000001
717 0.03200000000000001
718 0.03200000000000001
719 0.03200000000000001
720 0.03200000000000001
721 0.03200000000000001
722 0.03200000000000001
723 0.03200000000000001
724 0.03200000000000001
725 0.039999999999999994
726 0.03200000000000001
727 0.039999999999999994
728 0.03200000000000001
729 0.03200000000000001
730 0.03200000000000001
731 0.03200000000000001
732 0.03200000000000001
733 0.03200000000000001
734 0.03200000000000001
735 0.03200000000000001
736 0.03200000000000001
737 0.039999999999999994
738 0.03200000000000001
739 0.039999999999999994
740 0.03200000000000001
741 0.03200000000000001
742 0.03200000000000001
743 0.03200000000000001
744 0.03200000000000001
745 0.03200000000000001
746 0.03200000000000001
747 0.03200000000000001
748 0.03200000000000001
749 0.039999999999999994
750 0.03200000000000001
751 0.039999999999999994
752 0.03200000000000001
753 0.03200000000000001
754 0.03200000000000001
755 0.03200000000000001
756 0.03200000000000001
757 0.03200000000000001
758 0.03200000000000001
759 0.03200000000000001
760 0.03200000000000001
761 0.039999999999999994
762 0.03200000000000001
763 0.039999999999999994
764 0.03200000000000001
765 0.03200000000000001
766 0.03200000000000001
767 0.03200000000000001
768 0.03200000000000001
769 0.03200000000000001
770 0.03200000000000001
771 0.03200000000000001
772 0.03200000000000001
773 0.039999999999999994
774 0.03200000000000001
775 0.039999999999999994
776 0.03200000000000001
777 0.03200000000000001
778 0.03200000000000001
779 0.03200000000000001
780 0.03200000000000001
781 0.03200000000000001
782 0.03200000000000001
783 0.03200000000000001
784 0.03200000000000001
785 0.039999999999999994
786 0.03200000000000001
787 0.039999999999999994
788 0.03200000000000001
789 0.03200000000000001
790 0.03200000000000001
791 0.03200000000000001
792 0.03200000000000001
793 0.03200000000000001
794 0.03200000000000001
795 0.03200000000000001
796 0.03200000000000001
797 0.039999999999999994
798 0.03200000000000001
799 0.039999999999999994
800 0.03200000000000001
801 0.03200000000000001
802 0.03200000000000001
803 0.03200000000000001
804 0.03200000000000001
805 0.03200000000000001
806 0.03200000000000001
807 0.03200000000000001
808 0.03200000000000001
809 0.039999999999999994
810 0.03200000000000001
811 0.039999999999999994
812 0.03200000000000001
813 0.03200000000000001
814 0.03200000000000001
815 0.03200000000000001
816 0.03200000000000001
817 0.03200000000000001
818 0.03200000000000001
819 0.03200000000000001
820 0.03200000000000001
821 0.039999999999999994
822 0.03200000000000001
823 0.039999999999999994
824 0.03200000000000001
825 0.03200000000000001
826 0.03200000000000001
827 0.03200000000000001
828 0.03200000000000001
829 0.03200000000000001
830 0.03200000000000001
831 0.03200000000000001
832 0.03200000000000001
833 0.039999999999999994
834 0.03200000000000001
835 0.039999999999999994
836 0.03200000000000001
837 0.03200000000000001
838 0.03200000000000001
839 0.03200000000000001
840 0.03200000000000001
841 0.03200000000000001
842 0.03200000000000001
843 0.03200000000000001
844 0.03200000000000001
845 0.039999999999999994
846 0.03200000000000001
847 0.039999999999999994
848 0.03200000000000001
849 0.03200000000000001
850 0.03200000000000001
851 0.03200000000000001
852 0.03200000000000001
853 0.03200000000000001
854 0.03200000000000001
855 0.03200000000000001
856 0.03200000000000001
857 0.039999999999999994
858 0.03200000000000001
859 0.039999999999999994
860 0.03200000000000001
861 0.03200000000000001
862 0.03200000000000001
863 0.03200000000000001
864 0.03200000000000001
865 0.03200000000000001
866 0.03200000000000001
867 0.03200000000000001
868 0.03200000000000001
869 0.039999999999999994
870 0.03200000000000001
871 0.039999999999999994
872 0.03200000000000001
873 0.03200000000000001
874 0.03200000000000001
875 0.03200000000000001
876 0.03200000000000001
877 0.03200000000000001
878 0.03200000000000001
879 0.03200000000000001
880 0.03200000000000001
881 0.039999999999999994
882 0.03200000000000001
883 0.039999999999999994
884 0.03200000000000001
885 0.03200000000000001
886 0.03200000000000001
887 0.03200000000000001
888 0.03200000000000001
889 0.03200000000000001
890 0.03200000000000001
891 0.03200000000000001
892 0.03200000000000001
893 0.039999999999999994
894 0.03200000000000001
895 0.039999999999999994
896 0.03200000000000001
897 0.03200000000000001
898 0.03200000000000001
899 0.03200000000000001
900 0.03200000000000001
901 0.03200000000000001
902 0.03200000000000001
903 0.03200000000000001
904 0.03200000000000001
905 0.039999999999999994
906 0.03200000000000001
907 0.039999999999999994
908 0.03200000000000001
909 0.03200000000000001
910 0.03200000000000001
911 0.03200000000000001
912 0.03200000000000001
913 0.03200000000000001
914 0.03200000000000001
915 0.03200000000000001
916 0.03200000000000001
917 0.039999999999999994
918 0.03200000000000001
919 0.039999999999999994
920 0.03200000000000001
921 0.03200000000000001
922 0.03200000000000001
923 0.03200000000000001
924 0.03200000000000001
925 0.03200000000000001
926 0.03200000000000001
927 0.03200000000000001
928 0.03200000000000001
929 0.039999999999999994
930 0.03200000000000001
931 0.039999999999999994
932 0.03200000000000001
933 0.03200000000000001
934 0.03200000000000001
935 0.03200000000000001
936 0.03200000000000001
937 0.03200000000000001
938 0.03200000000000001
939 0.03200000000000001
940 0.03200000000000001
941 0.039999999999999994
942 0.03200000000000001
943 0.039999999999999994
944 0.03200000000000001
945 0.03200000000000001
946 0.03200000000000001
947 0.03200000000000001
948 0.03200000000000001
949 0.03200000000000001
950 0.03200000000000001
951 0.03200000000000001
952 0.03200000000000001
953 0.039999999999999994
954 0.03200000000000001
955 0.039999999999999994
956 0.03200000000000001
957 0.03200000000000001
958 0.03200000000000001
959 0.03200000000000001
960 0.03200000000000001
961 0.03200000000000001
962 0.03200000000000001
963 0.03200000000000001
964 0.03200000000000001
965 0.039999999999999994
966 0.03200000000000001
967 0.039999999999999994
968 0.03200000000000001
969 0.03200000000000001
970 0.03200000000000001
971 0.03200000000000001
972 0.03200000000000001
973 0.03200000000000001
974 0.03200000000000001
975 0.03200000000000001
976 0.03200000000000001
977 0.039999999999999994
978 0.03200000000000001
979 0.039999999999999994
980 0.03200000000000001
981 0.03200000000000001
982 0.03200000000000001
983 0.03200000000000001
984 0.03200000000000001
985 0.03200000000000001
986 0.03200000000000001
987 0.03200000000000001
988 0.03200000000000001
989 0.039999999999999994
990 0.03200000000000001
991 0.039999999999999994
992 0.03200000000000001
993 0.03200000000000001
994 0.03200000000000001
995 0.03200000000000001
996 0.03200000000000001
997 0.03200000000000001
998 0.03200000000000001
999 0.03200000000000001
