0 0
1 11
2 11
3 11
4 33
5 75
6 75
7 83
8 83
9 83
10 83
11 83
12 83
13 83
14 83
15 83
16 83
17 83
18 83
19 83
20 83
21 83
22 83
23 83
24 83
25 83
26 83
27 83
28 83
29 83
30 83
31 83
32 83
33 83
34 83
35 83
36 83
37 83
38 83
39 83
40 83
41 83
42 67
43 74
44 74
45 74
46 74
47 74
48 74
49 74
50 74
51 74
52 74
53 74
54 74
55 74
56 74
57 74
58 74
59 74
60 74
61 74
62 74
63 74
64 74
65 74
66 74
67 74
68 74
69 74
70 74
71 74
72 74
73 74
74 74
75 74
76 74
77 74
78 74
79 74
80 74
81 74
82 74
83 74
84 74
85 74
86 74
87 74
88 74
89 74
90 74
91 74
92 74
93 74
94 74
95 74
96 74
97 74
98 74
99 74
100 74
101 74
102 74
103 74
104 74
105 74
106 74
107 74
108 74
109 74
110 74
111 74
112 74
113 74
114 74
115 74
116 74
117 74
118 74
119 74
120 74
121 74
122 74
123 74
124 74
125 74
126 74
127 74
128 74
129 74
130 74
131 74
132 74
133 74
134 74
135 74
136 74
137 74
138 74
139 74
140 74
141 74
142 74
143 74
144 74
145 74
146 74
147 74
148 74
149 74
150 74
151 74
152 74
153 74
154 74
155 74
156 74
157 74
158 74
159 74
160 74
161 74
162 74
163 74
164 74
165 74
166 74
167 74
168 74
169 74
170 74
171 74
172 74
173 74
174 74
175 74
176 74
177 74
178 74
179 74
180 74
181 74
182 74
183 74
184 74
185 74
186 74
187 74
188 74
189 74
190 74
191 74
192 74
193 74
194 74
195 74
196 74
197 74
198 74
199 74
200 74
201 74
202 74
203 74
204 74
205 74
206 74
207 74
208 74
209 74
210 74
211 74
212 74
213 74
214 74
215 74
216 74
217 74
218 74
219 74
220 74
221 74
222 74
223 74
224 74
225 74
226 74
227 74
228 74
229 74
230 74
231 74
232 74
233 74
234 74
235 74
236 74
237 74
238 74
239 74
240 74
241 74
242 74
243 74
244 74
245 74
246 74
247 74
248 74
249 74
250 74
251 74
252 74
253 74
254 74
255 74
256 74
257 74
258 74
259 74
260 74
261 74
262 74
263 74
264 74
265 74
266 74
267 74
268 74
269 74
270 74
271 74
272 74
273 74
274 74
275 74
276 74
277 74
278 74
279 74
280 36
281 75
282 75
283 75
284 75
285 75
286 75
287 75
288 75
289 75
290 83
291 83
292 83
293 83
294 83
295 83
296 83
297 83
298 83
299 83
300 83
301 83
302 83
303 67
304 74
305 74
306 74
307 74
308 74
309 74
310 74
311 83
312 83
313 83
314 83
315 83
316 83
317 66
318 83
319 83
320 83
321 83
322 33
323 67
324 83
325 83
326 83
327 83
328 83
329 83
330 83
331 35
332 50
333 75
334 75
335 75
336 75
337 75
338 75
339 35
340 50
341 75
342 75
343 75
344 75
345 75
346 75
347 35
348 50
349 75
350 75
351 75
352 75
353 75
354 75
355 75
356 50
357 75
358 75
359 75
360 75
361 75
362 75
363 75
364 75
365 83
366 83
367 83
368 83
369 83
370 83
371 75
372 83
373 83
374 83
375 83
376 83
377 83
378 75
379 83
380 83
381 83
382 83
383 83
384 83
385 75
386 83
387 83
388 83
389 83
390 83
391 83
392 75
393 84
394 84
395 84
396 84
397 84
398 84
399 75
400 75
401 75
402 75
403 75
404 75
405 67
406 75
407 83
408 83
409 83
410 33
411 66
412 83
413 83
414 83
415 83
416 83
417 83
418 83
419 35
420 50
421 75
422 75
423 75
424 75
425 75
426 75
427 33
428 50
429 75
430 75
431 75
432 75
433 75
434 75
435 75
436 75
437 84
438 84
439 84
440 84
441 84
442 84
443 84
444 83
445 83
446 83
447 83
448 83
449 83
450 67
451 83
452 83
453 83
454 83
455 83
456 83
457 35
458 50
459 75
460 75
461 75
462 75
463 75
464 75
465 35
466 50
467 75
468 75
469 75
470 75
471 75
472 75
473 75
474 49
475 75
476 75
477 75
478 75
479 75
480 75
481 75
482 50
483 74
484 74
485 74
486 74
487 74
488 74
489 74
490 74
491 83
492 83
493 83
494 83
495 83
496 83
497 75
498 83
499 83
500 83
501 83
502 83
503 83
504 75
505 83
506 83
507 83
508 83
509 83
510 83
511 75
512 84
513 84
514 84
515 84
516 84
517 84
518 75
519 83
520 83
521 83
522 83
523 83
524 67
525 75
526 75
527 75
528 75
529 75
530 75
531 66
532 83
533 83
534 83
535 83
536 33
537 58
538 75
539 75
540 75
541 75
542 75
543 75
544 75
545 75
546 75
547 83
548 83
549 83
550 83
551 83
552 83
553 74
554 84
555 84
556 84
557 84
558 84
559 84
560 75
561 83
562 83
563 83
564 83
565 83
566 83
567 75
568 75
569 75
570 75
571 75
572 75
573 66
574 75
575 75
576 75
577 75
578 75
579 75
580 58
581 75
582 75
583 75
584 75
585 75
586 75
587 75
588 50
589 75
590 75
591 75
592 75
593 75
594 75
595 75
596 75
597 83
598 83
599 83
600 83
601 83
602 83
603 75
604 83
605 83
606 83
607 83
608 83
609 83
610 83
611 83
612 83
613 83
614 83
615 83
616 83
617 83
618 83
619 83
620 83
621 83
622 83
623 83
624 83
625 75
626 75
627 75
628 75
629 75
630 75
631 75
632 75
633 75
634 75
635 75
636 75
637 75
638 75
639 75
640 75
641 75
642 75
643 75
644 75
645 75
646 75
647 75
648 75
649 75
650 75
651 75
652 75
653 75
654 75
655 75
656 75
657 75
658 75
659 75
660 75
661 75
662 75
663 75
664 75
665 75
666 75
667 75
668 75
669 75
670 75
671 75
672 75
673 75
674 75
675 75
676 75
677 75
678 75
679 75
680 75
681 75
682 75
683 75
684 75
685 75
686 75
687 75
688 75
689 75
690 75
691 75
692 75
693 75
694 75
695 75
696 75
697 75
698 75
699 75
700 75
701 75
702 75
703 75
704 75
705 75
706 75
707 75
708 75
709 75
710 75
711 75
712 75
713 75
714 75
715 75
716 75
717 75
718 75
719 75
720 75
721 75
722 75
723 75
724 75
725 75
726 75
727 75
728 75
729 75
730 75
731 75
732 75
733 75
734 75
735 75
736 75
737 75
738 75
739 75
740 75
741 75
742 75
743 75
744 75
745 75
746 75
747 75
748 75
749 75
750 75
751 75
752 75
753 75
754 75
755 75
756 75
757 75
758 75
759 83
760 83
761 83
762 83
763 83
764 83
765 83
766 83
767 83
768 83
769 83
770 83
771 83
772 83
773 83
774 83
775 83
776 83
777 83
778 83
779 83
780 83
781 83
782 83
783 83
784 83
785 83
786 83
787 83
788 83
789 83
790 83
791 83
792 83
793 50
794 67
795 83
796 83
797 83
798 83
799 33
800 67
801 83
802 83
803 83
804 83
805 83
806 83
807 83
808 83
809 67
810 74
811 74
812 74
813 74
814 74
815 74
816 66
817 75
818 75
819 75
820 75
821 75
822 75
823 67
824 75
825 75
826 75
827 75
828 75
829 75
830 66
831 83
832 83
833 83
834 83
835 33
836 58
837 75
838 75
839 75
840 75
841 75
842 75
843 75
844 75
845 75
846 75
847 75
848 75
849 75
850 75
851 75
852 75
853 84
854 84
855 84
856 84
857 84
858 84
859 74
860 84
861 84
862 84
863 84
864 84
865 84
866 75
867 83
868 83
869 83
870 83
871 83
872 83
873 83
874 83
875 83
876 83
877 83
878 83
879 83
880 83
881 83
882 83
883 83
884 83
885 83
886 83
887 67
888 83
889 83
890 83
891 83
892 83
893 83
894 83
895 83
896 83
897 83
898 83
899 83
900 83
901 83
902 83
903 83
904 83
905 83
906 83
907 83
908 83
909 83
910 83
911 83
912 83
913 83
914 83
915 83
916 83
917 83
918 83
919 83
920 83
921 83
922 83
923 83
924 83
925 83
926 83
927 83
928 83
929 83
930 83
931 83
932 83
933 83
934 83
935 83
936 83
937 83
938 83
939 83
940 83
941 83
942 83
943 83
944 83
945 83
946 83
947 83
948 83
949 83
950 67
951 75
952 75
953 75
954 75
955 75
956 75
957 75
958 75
959 75
960 75
961 75
962 75
963 75
964 75
965 75
966 75
967 75
968 83
969 83
970 83
971 83
972 83
973 83
974 83
975 83
976 83
977 83
978 83
979 83
980 83
981 83
982 83
983 83
984 83
985 83
986 50
987 75
988 75
989 75
990 75
991 75
992 75
993 75
994 75
995 66
996 75
997 75
998 75
999 75
