0 0
1 11
2 11
3 33
4 50
5 67
6 83
7 83
8 25
9 58
10 66
11 84
12 50
13 41
14 59
15 84
16 84
17 58
18 75
19 83
20 42
21 50
22 75
23 83
24 83
25 42
26 67
27 74
28 84
29 84
30 50
31 66
32 75
33 75
34 67
35 83
36 33
37 49
38 67
39 83
40 83
41 33
42 42
43 75
44 83
45 83
46 42
47 59
48 74
49 84
50 58
51 75
52 83
53 83
54 50
55 58
56 83
57 83
58 42
59 50
60 74
61 84
62 84
63 34
64 66
65 75
66 83
67 67
68 83
69 83
70 42
71 50
72 67
73 83
74 83
75 42
76 58
77 83
78 83
79 42
80 59
81 74
82 84
83 84
84 75
85 83
86 83
87 50
88 58
89 75
90 83
91 25
92 50
93 67
94 84
95 84
96 34
97 66
98 75
99 83
100 67
101 83
102 83
103 42
104 50
105 67
106 83
107 83
108 33
109 58
110 75
111 83
112 50
113 41
114 74
115 84
116 84
117 58
118 75
119 83
120 42
121 58
122 75
123 83
124 83
125 42
126 67
127 74
128 84
129 84
130 50
131 66
132 83
133 75
134 67
135 83
136 33
137 49
138 67
139 83
140 83
141 33
142 58
143 75
144 83
145 83
146 41
147 59
148 74
149 84
150 58
151 75
152 83
153 83
154 50
155 75
156 83
157 83
158 42
159 67
160 74
161 84
162 84
163 50
164 66
165 75
166 75
167 67
168 83
169 33
170 49
171 50
172 83
173 83
174 33
175 42
176 75
177 83
178 83
179 42
180 59
181 74
182 84
183 84
184 75
185 83
186 83
187 50
188 58
189 75
190 83
191 25
192 50
193 74
194 84
195 84
196 34
197 66
198 75
199 83
200 67
201 83
202 83
203 42
204 50
205 67
206 83
207 83
208 42
209 58
210 75
211 83
212 50
213 41
214 74
215 84
216 84
217 58
218 83
219 83
220 42
221 58
222 75
223 83
224 25
225 50
226 67
227 74
228 84
229 34
230 50
231 75
232 83
233 75
234 83
235 83
236 42
237 50
238 67
239 83
240 83
241 33
242 58
243 75
244 83
245 50
246 41
247 59
248 84
249 84
250 58
251 75
252 83
253 42
254 58
255 75
256 83
257 83
258 42
259 67
260 74
261 84
262 84
263 50
264 66
265 83
266 75
267 67
268 83
269 33
270 49
271 67
272 83
273 83
274 33
275 42
276 75
277 83
278 83
279 42
280 59
281 74
282 84
283 58
284 75
285 83
286 83
287 50
288 58
289 83
290 83
291 42
292 50
293 74
294 84
295 84
296 50
297 66
298 75
299 75
300 67
301 83
302 83
303 49
304 50
305 83
306 83
307 33
308 42
309 58
310 83
311 83
312 42
313 59
314 74
315 84
316 84
317 75
318 83
319 83
320 50
321 58
322 75
323 83
324 25
325 50
326 67
327 84
328 84
329 34
330 66
331 75
332 83
333 67
334 83
335 83
336 42
337 50
338 67
339 83
340 83
341 33
342 58
343 75
344 83
345 50
346 41
347 74
348 84
349 84
350 58
351 83
352 83
353 42
354 58
355 75
356 83
357 83
358 50
359 67
360 74
361 84
362 84
363 50
364 75
365 83
366 75
367 67
368 83
369 33
370 49
371 67
372 83
373 83
374 33
375 58
376 75
377 83
378 83
379 41
380 59
381 74
382 84
383 58
384 75
385 83
386 83
387 50
388 75
389 83
390 83
391 42
392 67
393 74
394 84
395 84
396 50
397 66
398 75
399 75
400 67
401 83
402 33
403 49
404 67
405 83
406 83
407 33
408 42
409 75
410 83
411 83
412 42
413 59
414 74
415 84
416 58
417 75
418 83
419 83
420 50
421 58
422 83
423 83
424 25
425 50
426 74
427 84
428 84
429 34
430 66
431 75
432 83
433 67
434 83
435 83
436 42
437 50
438 67
439 83
440 83
441 42
442 58
443 75
444 83
445 50
446 41
447 74
448 84
449 84
450 75
451 83
452 83
453 42
454 58
455 75
456 83
457 25
458 50
459 67
460 74
461 84
462 34
463 50
464 75
465 83
466 75
467 83
468 83
469 42
470 50
471 67
472 83
473 83
474 33
475 58
476 75
477 83
478 50
479 41
480 59
481 84
482 84
483 58
484 75
485 83
486 42
487 58
488 75
489 83
490 83
491 42
492 67
493 74
494 84
495 84
496 50
497 66
498 83
499 75
500 67
501 83
502 33
503 49
504 67
505 83
506 83
507 33
508 58
509 75
510 83
511 83
512 41
513 59
514 74
515 84
516 58
517 75
518 83
519 83
520 50
521 75
522 83
523 83
524 42
525 50
526 74
527 84
528 84
529 50
530 66
531 75
532 75
533 67
534 83
535 83
536 49
537 50
538 83
539 83
540 33
541 42
542 58
543 83
544 83
545 42
546 59
547 74
548 84
549 84
550 75
551 83
552 83
553 50
554 58
555 75
556 83
557 25
558 50
559 67
560 84
561 84
562 34
563 66
564 75
565 83
566 67
567 83
568 83
569 42
570 50
571 67
572 83
573 83
574 42
575 58
576 75
577 83
578 50
579 41
580 74
581 84
582 84
583 58
584 83
585 83
586 42
587 58
588 75
589 83
590 83
591 50
592 67
593 74
594 84
595 84
596 50
597 75
598 83
599 75
600 67
601 83
602 33
603 49
604 67
605 83
606 83
607 33
608 58
609 75
610 83
611 50
612 41
613 59
614 84
615 84
616 58
617 75
618 83
619 42
620 50
621 75
622 83
623 83
624 42
625 67
626 74
627 84
628 84
629 50
630 66
631 75
632 75
633 67
634 83
635 33
636 49
637 67
638 83
639 83
640 33
641 42
642 75
643 83
644 83
645 42
646 59
647 74
648 84
649 58
650 75
651 83
652 83
653 50
654 58
655 83
656 83
657 25
658 50
659 74
660 84
661 84
662 34
663 66
664 75
665 83
666 67
667 83
668 83
669 42
670 50
671 67
672 83
673 83
674 42
675 58
676 83
677 83
678 42
679 59
680 74
681 84
682 84
683 75
684 83
685 83
686 42
687 58
688 75
689 83
690 25
691 50
692 67
693 74
694 84
695 34
696 50
697 75
698 83
699 75
700 83
701 83
702 42
703 50
704 67
705 83
706 83
707 33
708 58
709 75
710 83
711 50
712 41
713 74
714 84
715 84
716 58
717 75
718 83
719 42
720 58
721 75
722 83
723 83
724 42
725 67
726 74
727 84
728 84
729 50
730 66
731 83
732 75
733 67
734 83
735 33
736 49
737 67
738 83
739 83
740 33
741 58
742 75
743 83
744 83
745 41
746 59
747 74
748 84
749 58
750 75
751 83
752 83
753 50
754 75
755 83
756 83
757 42
758 50
759 74
760 84
761 84
762 50
763 66
764 75
765 75
766 67
767 83
768 33
769 49
770 50
771 83
772 83
773 33
774 42
775 75
776 83
777 83
778 42
779 59
780 74
781 84
782 84
783 75
784 83
785 83
786 50
787 58
788 75
789 83
790 25
791 50
792 67
793 84
794 84
795 34
796 66
797 75
798 83
799 67
800 83
801 83
802 42
803 50
804 67
805 83
806 83
807 42
808 58
809 75
810 83
811 50
812 41
813 74
814 84
815 84
816 58
817 83
818 83
819 42
820 58
821 75
822 83
823 25
824 50
825 67
826 74
827 84
828 34
829 50
830 75
831 83
832 75
833 83
834 83
835 42
836 50
837 67
838 83
839 83
840 33
841 58
842 75
843 83
844 50
845 41
846 59
847 84
848 84
849 58
850 75
851 83
852 42
853 50
854 75
855 83
856 83
857 42
858 67
859 74
860 84
861 84
862 50
863 66
864 75
865 75
866 67
867 83
868 33
869 49
870 67
871 83
872 83
873 33
874 42
875 75
876 83
877 83
878 42
879 59
880 74
881 84
882 58
883 75
884 83
885 83
886 50
887 58
888 83
889 83
890 42
891 50
892 74
893 84
894 84
895 34
896 66
897 75
898 83
899 67
900 83
901 83
902 42
903 50
904 67
905 83
906 83
907 42
908 58
909 83
910 83
911 42
912 59
913 74
914 84
915 84
916 75
917 83
918 83
919 50
920 58
921 75
922 83
923 25
924 50
925 67
926 84
927 84
928 34
929 66
930 75
931 83
932 67
933 83
934 83
935 42
936 50
937 67
938 83
939 83
940 33
941 58
942 75
943 83
944 50
945 41
946 74
947 84
948 84
949 58
950 75
951 83
952 42
953 58
954 75
955 83
956 83
957 42
958 67
959 74
960 84
961 84
962 50
963 66
964 83
965 75
966 67
967 83
968 33
969 49
970 67
971 83
972 83
973 33
974 58
975 75
976 83
977 83
978 41
979 59
980 74
981 84
982 58
983 75
984 83
985 83
986 50
987 75
988 83
989 83
990 42
991 67
992 74
993 84
994 84
995 50
996 66
997 75
998 75
999 67
