0 0
1 11
2 11
3 11
4 42
5 66
6 83
7 83
8 83
9 83
10 83
11 83
12 83
13 83
14 83
15 83
16 83
17 83
18 83
19 83
20 83
21 83
22 83
23 83
24 83
25 83
26 83
27 83
28 83
29 83
30 83
31 83
32 83
33 83
34 83
35 83
36 83
37 83
38 83
39 83
40 83
41 83
42 83
43 83
44 83
45 83
46 83
47 83
48 83
49 83
50 83
51 83
52 83
53 83
54 83
55 83
56 83
57 83
58 84
59 84
60 84
61 84
62 84
63 84
64 84
65 84
66 84
67 84
68 84
69 84
70 84
71 84
72 84
73 84
74 84
75 84
76 84
77 50
78 75
79 75
80 75
81 75
82 75
83 75
84 75
85 75
86 75
87 75
88 75
89 75
90 75
91 75
92 75
93 75
94 75
95 75
96 75
97 75
98 75
99 75
100 75
101 75
102 75
103 75
104 75
105 75
106 75
107 75
108 75
109 75
110 75
111 75
112 33
113 50
114 75
115 75
116 75
117 75
118 75
119 75
120 75
121 75
122 83
123 83
124 83
125 83
126 83
127 83
128 66
129 84
130 84
131 84
132 84
133 33
134 67
135 83
136 83
137 83
138 83
139 83
140 83
141 83
142 83
143 67
144 75
145 75
146 75
147 75
148 75
149 75
150 75
151 75
152 83
153 83
154 83
155 83
156 83
157 83
158 75
159 83
160 83
161 83
162 83
163 83
164 58
165 67
166 83
167 83
168 83
169 83
170 83
171 83
172 50
173 75
174 75
175 75
176 75
177 75
178 75
179 75
180 50
181 75
182 75
183 75
184 75
185 75
186 75
187 75
188 75
189 75
190 83
191 83
192 83
193 83
194 83
195 83
196 75
197 83
198 83
199 83
200 83
201 83
202 58
203 66
204 84
205 84
206 84
207 84
208 84
209 84
210 50
211 75
212 75
213 75
214 75
215 75
216 75
217 75
218 75
219 75
220 84
221 84
222 84
223 84
224 84
225 84
226 74
227 84
228 84
229 84
230 84
231 84
232 58
233 83
234 83
235 83
236 83
237 83
238 83
239 83
240 50
241 75
242 75
243 75
244 75
245 75
246 75
247 75
248 75
249 75
250 83
251 83
252 83
253 83
254 83
255 83
256 83
257 83
258 83
259 83
260 83
261 83
262 75
263 83
264 83
265 83
266 83
267 83
268 83
269 75
270 75
271 75
272 75
273 75
274 75
275 67
276 74
277 74
278 74
279 74
280 33
281 59
282 83
283 83
284 83
285 83
286 83
287 83
288 83
289 83
290 75
291 75
292 75
293 75
294 75
295 75
296 75
297 74
298 84
299 84
300 84
301 84
302 84
303 84
304 84
305 84
306 84
307 84
308 84
309 84
310 84
311 84
312 84
313 84
314 84
315 84
316 84
317 50
318 66
319 83
320 83
321 83
322 83
323 83
324 83
325 83
326 83
327 83
328 83
329 83
330 83
331 83
332 83
333 83
334 83
335 83
336 83
337 83
338 83
339 83
340 83
341 83
342 83
343 83
344 83
345 83
346 83
347 83
348 83
349 83
350 83
351 83
352 83
353 83
354 83
355 83
356 83
357 83
358 83
359 83
360 83
361 83
362 83
363 83
364 83
365 83
366 83
367 83
368 83
369 83
370 83
371 83
372 83
373 83
374 83
375 83
376 83
377 83
378 83
379 83
380 83
381 83
382 83
383 83
384 83
385 83
386 83
387 83
388 83
389 83
390 83
391 83
392 83
393 83
394 83
395 83
396 83
397 83
398 83
399 83
400 83
401 83
402 83
403 83
404 83
405 83
406 83
407 83
408 83
409 83
410 83
411 83
412 83
413 83
414 83
415 83
416 83
417 83
418 83
419 83
420 83
421 83
422 83
423 83
424 83
425 83
426 83
427 83
428 83
429 83
430 83
431 83
432 83
433 83
434 83
435 83
436 83
437 83
438 83
439 83
440 83
441 83
442 83
443 83
444 83
445 83
446 75
447 83
448 83
449 83
450 83
451 83
452 83
453 83
454 83
455 83
456 83
457 83
458 83
459 83
460 83
461 83
462 83
463 83
464 83
465 83
466 83
467 83
468 83
469 83
470 83
471 83
472 83
473 83
474 83
475 83
476 83
477 83
478 83
479 83
480 50
481 75
482 75
483 75
484 75
485 75
486 75
487 75
488 50
489 75
490 75
491 75
492 75
493 75
494 75
495 75
496 50
497 75
498 75
499 75
500 75
501 75
502 75
503 75
504 50
505 74
506 74
507 74
508 74
509 74
510 74
511 74
512 50
513 75
514 75
515 75
516 75
517 75
518 75
519 75
520 34
521 75
522 75
523 75
524 75
525 75
526 75
527 75
528 34
529 75
530 75
531 75
532 75
533 75
534 75
535 75
536 33
537 75
538 75
539 75
540 75
541 75
542 75
543 75
544 34
545 75
546 75
547 75
548 75
549 75
550 75
551 75
552 33
553 50
554 75
555 75
556 75
557 75
558 75
559 75
560 34
561 50
562 75
563 75
564 75
565 75
566 75
567 75
568 33
569 50
570 75
571 75
572 75
573 75
574 75
575 75
576 75
577 50
578 75
579 75
580 75
581 75
582 75
583 75
584 75
585 50
586 75
587 75
588 75
589 75
590 75
591 75
592 75
593 50
594 74
595 74
596 74
597 74
598 74
599 74
600 74
601 50
602 75
603 75
604 75
605 75
606 75
607 75
608 75
609 49
610 75
611 75
612 75
613 75
614 75
615 75
616 75
617 50
618 75
619 75
620 75
621 75
622 75
623 75
624 75
625 50
626 75
627 75
628 75
629 75
630 75
631 75
632 75
633 34
634 75
635 75
636 75
637 75
638 75
639 75
640 75
641 33
642 75
643 75
644 75
645 75
646 75
647 75
648 75
649 34
650 75
651 75
652 75
653 75
654 75
655 75
656 75
657 33
658 50
659 75
660 75
661 75
662 75
663 75
664 75
665 34
666 50
667 75
668 75
669 75
670 75
671 75
672 75
673 33
674 50
675 75
676 75
677 75
678 75
679 75
680 75
681 75
682 50
683 74
684 74
685 74
686 74
687 74
688 74
689 74
690 50
691 75
692 75
693 75
694 75
695 75
696 75
697 75
698 50
699 74
700 74
701 74
702 74
703 74
704 74
705 74
706 50
707 75
708 75
709 75
710 75
711 75
712 75
713 75
714 49
715 75
716 75
717 75
718 75
719 75
720 75
721 75
722 50
723 75
724 75
725 75
726 75
727 75
728 75
729 75
730 50
731 75
732 75
733 75
734 75
735 75
736 75
737 75
738 34
739 75
740 75
741 75
742 75
743 75
744 75
745 75
746 33
747 75
748 75
749 75
750 75
751 75
752 75
753 75
754 34
755 75
756 75
757 75
758 75
759 75
760 75
761 75
762 33
763 50
764 75
765 75
766 75
767 75
768 75
769 75
770 34
771 50
772 75
773 75
774 75
775 75
776 75
777 75
778 34
779 50
780 75
781 75
782 75
783 75
784 75
785 75
786 34
787 50
788 74
789 74
790 74
791 74
792 74
793 74
794 74
795 50
796 75
797 75
798 75
799 75
800 75
801 75
802 75
803 49
804 75
805 75
806 75
807 75
808 75
809 75
810 75
811 50
812 75
813 75
814 75
815 75
816 75
817 75
818 75
819 50
820 75
821 75
822 75
823 75
824 75
825 75
826 75
827 50
828 75
829 75
830 75
831 75
832 75
833 75
834 75
835 50
836 75
837 75
838 75
839 75
840 75
841 75
842 75
843 50
844 75
845 75
846 75
847 75
848 75
849 75
850 75
851 33
852 75
853 75
854 75
855 75
856 75
857 75
858 75
859 34
860 75
861 75
862 75
863 75
864 75
865 75
866 75
867 33
868 75
869 75
870 75
871 75
872 75
873 75
874 75
875 34
876 50
877 74
878 74
879 74
880 74
881 74
882 74
883 34
884 50
885 75
886 75
887 75
888 75
889 75
890 75
891 34
892 50
893 74
894 74
895 74
896 74
897 74
898 74
899 74
900 50
901 75
902 75
903 75
904 75
905 75
906 75
907 75
908 50
909 75
910 75
911 75
912 75
913 75
914 75
915 75
916 50
917 75
918 75
919 75
920 75
921 75
922 75
923 75
924 50
925 75
926 75
927 75
928 75
929 75
930 75
931 75
932 50
933 75
934 75
935 75
936 75
937 75
938 75
939 75
940 50
941 75
942 75
943 75
944 75
945 75
946 75
947 75
948 50
949 75
950 75
951 75
952 75
953 75
954 75
955 75
956 33
957 75
958 75
959 75
960 75
961 75
962 75
963 75
964 34
965 74
966 74
967 74
968 74
969 74
970 74
971 74
972 34
973 75
974 75
975 75
976 75
977 75
978 75
979 75
980 34
981 50
982 74
983 74
984 74
985 74
986 74
987 74
988 34
989 50
990 75
991 75
992 75
993 75
994 75
995 75
996 34
997 49
998 75
999 75
