0 0
1 11
2 11
3 42
4 41
5 83
6 83
7 41
8 67
9 83
10 83
11 83
12 50
13 66
14 84
15 83
16 41
17 50
18 66
19 84
20 84
21 34
22 66
23 83
24 84
25 84
26 50
27 66
28 83
29 83
30 41
31 49
32 67
33 83
34 83
35 33
36 67
37 83
38 83
39 42
40 50
41 67
42 83
43 83
44 33
45 50
46 83
47 83
48 83
49 33
50 67
51 83
52 83
53 42
54 50
55 67
56 83
57 83
58 33
59 50
60 83
61 83
62 83
63 33
64 66
65 84
66 83
67 42
68 50
69 66
70 84
71 83
72 33
73 50
74 83
75 84
76 84
77 34
78 66
79 83
80 84
81 41
82 50
83 66
84 83
85 84
86 34
87 49
88 83
89 83
90 83
91 33
92 67
93 83
94 83
95 41
96 50
97 67
98 83
99 83
100 33
101 50
102 83
103 83
104 83
105 33
106 67
107 83
108 83
109 42
110 50
111 67
112 83
113 83
114 33
115 50
116 83
117 83
118 83
119 33
120 66
121 84
122 83
123 42
124 50
125 66
126 84
127 83
128 33
129 50
130 84
131 83
132 83
133 34
134 66
135 83
136 84
137 41
138 50
139 66
140 84
141 84
142 34
143 66
144 83
145 83
146 83
147 49
148 67
149 83
150 83
151 41
152 50
153 67
154 83
155 83
156 33
157 67
158 83
159 83
160 83
161 50
162 67
163 83
164 83
165 42
166 50
167 67
168 83
169 83
170 33
171 67
172 83
173 83
174 83
175 50
176 67
177 83
178 83
179 42
180 50
181 66
182 83
183 83
184 33
185 66
186 84
187 83
188 83
189 50
190 66
191 83
192 84
193 41
194 50
195 66
196 84
197 84
198 34
199 66
200 83
201 84
202 84
203 49
204 67
205 83
206 83
207 41
208 50
209 67
210 83
211 83
212 33
213 67
214 83
215 83
216 83
217 50
218 67
219 83
220 83
221 42
222 50
223 67
224 83
225 83
226 33
227 67
228 83
229 83
230 83
231 50
232 67
233 83
234 83
235 42
236 50
237 66
238 83
239 83
240 33
241 66
242 84
243 83
244 42
245 50
246 66
247 84
248 83
249 34
250 50
251 83
252 84
253 84
254 34
255 66
256 83
257 84
258 41
259 50
260 66
261 83
262 83
263 34
264 49
265 83
266 83
267 83
268 33
269 67
270 83
271 83
272 42
273 50
274 67
275 83
276 83
277 33
278 50
279 83
280 83
281 83
282 33
283 67
284 83
285 83
286 42
287 50
288 67
289 83
290 83
291 33
292 50
293 83
294 83
295 83
296 33
297 66
298 84
299 83
300 42
301 50
302 66
303 84
304 83
305 33
306 50
307 83
308 84
309 84
310 34
311 66
312 83
313 84
314 41
315 50
316 66
317 83
318 84
319 34
320 49
321 83
322 83
323 83
324 33
325 67
326 83
327 83
328 41
329 50
330 67
331 83
332 83
333 33
334 50
335 83
336 83
337 83
338 33
339 67
340 83
341 83
342 42
343 50
344 67
345 83
346 83
347 33
348 67
349 83
350 83
351 83
352 50
353 66
354 84
355 83
356 42
357 50
358 66
359 83
360 83
361 33
362 66
363 84
364 83
365 83
366 50
367 66
368 83
369 84
370 41
371 50
372 66
373 84
374 84
375 34
376 66
377 83
378 83
379 83
380 49
381 67
382 83
383 83
384 41
385 50
386 67
387 83
388 83
389 33
390 67
391 83
392 83
393 83
394 50
395 67
396 83
397 83
398 42
399 50
400 67
401 83
402 83
403 33
404 67
405 83
406 83
407 83
408 50
409 67
410 83
411 83
412 42
413 50
414 66
415 83
416 83
417 33
418 66
419 84
420 83
421 83
422 50
423 66
424 83
425 84
426 41
427 50
428 66
429 84
430 84
431 34
432 66
433 83
434 84
435 84
436 49
437 67
438 83
439 83
440 41
441 50
442 67
443 83
444 83
445 33
446 67
447 83
448 83
449 83
450 50
451 67
452 83
453 83
454 33
455 50
456 83
457 83
458 83
459 33
460 67
461 83
462 83
463 42
464 50
465 67
466 83
467 83
468 33
469 50
470 84
471 83
472 83
473 33
474 66
475 84
476 83
477 42
478 50
479 66
480 84
481 83
482 34
483 50
484 83
485 84
486 84
487 34
488 66
489 83
490 84
491 41
492 50
493 66
494 83
495 83
496 34
497 49
498 83
499 83
500 83
501 33
502 67
503 83
504 83
505 42
506 50
507 67
508 83
509 83
510 33
511 50
512 83
513 83
514 83
515 33
516 67
517 83
518 83
519 42
520 50
521 67
522 83
523 83
524 33
525 50
526 83
527 83
528 83
529 33
530 66
531 84
532 83
533 42
534 50
535 66
536 84
537 83
538 33
539 50
540 83
541 84
542 84
543 34
544 66
545 83
546 84
547 41
548 50
549 66
550 83
551 84
552 34
553 49
554 83
555 83
556 83
557 50
558 67
559 83
560 83
561 41
562 50
563 67
564 83
565 83
566 33
567 67
568 83
569 83
570 83
571 50
572 67
573 83
574 83
575 42
576 50
577 67
578 83
579 83
580 33
581 67
582 83
583 83
584 83
585 50
586 66
587 84
588 83
589 42
590 50
591 66
592 83
593 83
594 33
595 66
596 84
597 83
598 83
599 50
600 66
601 83
602 84
603 41
604 50
605 66
606 84
607 84
608 34
609 66
610 83
611 83
612 83
613 49
614 67
615 83
616 83
617 41
618 50
619 67
620 83
621 83
622 33
623 67
624 83
625 83
626 83
627 50
628 67
629 83
630 83
631 42
632 50
633 67
634 83
635 83
636 33
637 67
638 83
639 83
640 83
641 50
642 67
643 83
644 83
645 42
646 50
647 66
648 83
649 83
650 33
651 66
652 84
653 83
654 83
655 50
656 66
657 83
658 84
659 34
660 50
661 83
662 84
663 84
664 34
665 66
666 83
667 84
668 41
669 49
670 67
671 83
672 83
673 33
674 50
675 83
676 83
677 83
678 33
679 67
680 83
681 83
682 42
683 50
684 67
685 83
686 83
687 33
688 50
689 83
690 83
691 83
692 33
693 67
694 83
695 83
696 42
697 50
698 67
699 83
700 83
701 33
702 50
703 84
704 83
705 83
706 33
707 66
708 84
709 83
710 42
711 50
712 66
713 84
714 83
715 34
716 50
717 83
718 84
719 84
720 34
721 66
722 83
723 84
724 41
725 50
726 66
727 83
728 83
729 34
730 49
731 83
732 83
733 83
734 33
735 67
736 83
737 83
738 42
739 50
740 67
741 83
742 83
743 33
744 50
745 83
746 83
747 83
748 33
749 67
750 83
751 83
752 42
753 50
754 67
755 83
756 83
757 33
758 50
759 83
760 83
761 83
762 50
763 66
764 84
765 83
766 42
767 50
768 66
769 83
770 83
771 33
772 66
773 83
774 84
775 84
776 50
777 66
778 83
779 84
780 41
781 50
782 66
783 84
784 84
785 34
786 67
787 83
788 83
789 83
790 50
791 67
792 83
793 83
794 41
795 50
796 67
797 83
798 83
799 33
800 67
801 83
802 83
803 83
804 50
805 67
806 83
807 83
808 42
809 50
810 67
811 83
812 83
813 33
814 67
815 83
816 83
817 83
818 50
819 66
820 84
821 83
822 42
823 50
824 66
825 83
826 83
827 33
828 66
829 84
830 83
831 83
832 50
833 66
834 83
835 84
836 41
837 50
838 66
839 84
840 84
841 34
842 66
843 83
844 83
845 83
846 49
847 67
848 83
849 83
850 41
851 50
852 67
853 83
854 83
855 33
856 67
857 83
858 83
859 83
860 50
861 67
862 83
863 83
864 42
865 50
866 83
867 83
868 83
869 33
870 67
871 83
872 83
873 42
874 50
875 67
876 83
877 83
878 33
879 50
880 84
881 83
882 83
883 33
884 66
885 84
886 83
887 42
888 50
889 66
890 83
891 84
892 34
893 50
894 83
895 84
896 84
897 34
898 66
899 83
900 84
901 41
902 49
903 67
904 83
905 83
906 33
907 50
908 83
909 83
910 83
911 33
912 67
913 83
914 83
915 42
916 50
917 67
918 83
919 83
920 33
921 50
922 83
923 83
924 83
925 33
926 67
927 83
928 83
929 42
930 50
931 67
932 83
933 83
934 33
935 50
936 84
937 83
938 83
939 33
940 66
941 84
942 83
943 42
944 50
945 66
946 84
947 83
948 34
949 50
950 83
951 84
952 84
953 34
954 66
955 83
956 84
957 41
958 50
959 66
960 83
961 83
962 34
963 49
964 83
965 83
966 83
967 33
968 67
969 83
970 83
971 42
972 50
973 67
974 83
975 83
976 33
977 67
978 83
979 83
980 83
981 50
982 67
983 83
984 83
985 42
986 50
987 67
988 83
989 83
990 33
991 67
992 83
993 83
994 83
995 50
996 66
997 84
998 83
999 42
