0 0
1 11
2 11
3 11
4 42
5 66
6 83
7 83
8 83
9 83
10 83
11 83
12 83
13 83
14 83
15 83
16 83
17 83
18 83
19 83
20 83
21 83
22 83
23 83
24 83
25 83
26 83
27 83
28 83
29 83
30 83
31 83
32 83
33 83
34 83
35 83
36 83
37 83
38 83
39 83
40 83
41 83
42 83
43 83
44 83
45 83
46 83
47 83
48 83
49 83
50 83
51 83
52 83
53 83
54 83
55 83
56 83
57 83
58 83
59 83
60 83
61 83
62 83
63 83
64 83
65 83
66 83
67 83
68 83
69 83
70 83
71 83
72 83
73 83
74 83
75 83
76 83
77 50
78 75
79 75
80 75
81 75
82 75
83 75
84 75
85 75
86 75
87 75
88 75
89 75
90 75
91 75
92 75
93 75
94 75
95 75
96 75
97 75
98 75
99 75
100 75
101 75
102 75
103 75
104 75
105 75
106 75
107 75
108 75
109 75
110 75
111 75
112 34
113 50
114 75
115 75
116 75
117 75
118 75
119 75
120 33
121 50
122 75
123 75
124 75
125 75
126 75
127 75
128 33
129 50
130 75
131 75
132 75
133 75
134 75
135 75
136 75
137 50
138 75
139 75
140 75
141 75
142 75
143 75
144 75
145 50
146 75
147 75
148 75
149 75
150 75
151 75
152 75
153 50
154 74
155 74
156 74
157 74
158 74
159 74
160 74
161 50
162 75
163 75
164 75
165 75
166 75
167 75
168 75
169 50
170 75
171 75
172 75
173 75
174 75
175 75
176 75
177 50
178 75
179 75
180 75
181 75
182 75
183 75
184 75
185 50
186 75
187 75
188 75
189 75
190 75
191 75
192 75
193 34
194 75
195 75
196 75
197 75
198 75
199 75
200 75
201 33
202 75
203 75
204 75
205 75
206 75
207 75
208 75
209 33
210 75
211 75
212 75
213 75
214 75
215 75
216 75
217 34
218 75
219 75
220 75
221 75
222 75
223 75
224 75
225 33
226 50
227 75
228 75
229 75
230 75
231 75
232 75
233 33
234 50
235 75
236 75
237 75
238 75
239 75
240 75
241 34
242 49
243 75
244 75
245 75
246 75
247 75
248 75
249 75
250 50
251 75
252 75
253 75
254 75
255 75
256 75
257 75
258 50
259 75
260 75
261 75
262 75
263 75
264 75
265 75
266 50
267 75
268 75
269 75
270 75
271 75
272 75
273 75
274 49
275 75
276 75
277 75
278 75
279 75
280 75
281 75
282 50
283 75
284 75
285 75
286 75
287 75
288 75
289 75
290 50
291 75
292 75
293 75
294 75
295 75
296 75
297 75
298 50
299 75
300 75
301 75
302 75
303 75
304 75
305 75
306 34
307 75
308 75
309 75
310 75
311 75
312 75
313 75
314 34
315 75
316 75
317 75
318 75
319 75
320 75
321 75
322 33
323 75
324 75
325 75
326 75
327 75
328 75
329 75
330 33
331 50
332 75
333 75
334 75
335 75
336 75
337 75
338 34
339 50
340 74
341 74
342 74
343 74
344 74
345 74
346 34
347 50
348 75
349 75
350 75
351 75
352 75
353 75
354 33
355 50
356 75
357 75
358 75
359 75
360 75
361 75
362 75
363 50
364 75
365 75
366 75
367 75
368 75
369 75
370 75
371 50
372 74
373 74
374 74
375 74
376 74
377 74
378 74
379 50
380 75
381 75
382 75
383 75
384 75
385 75
386 75
387 50
388 75
389 75
390 75
391 75
392 75
393 75
394 75
395 50
396 75
397 75
398 75
399 75
400 75
401 75
402 75
403 50
404 74
405 74
406 74
407 74
408 74
409 74
410 74
411 50
412 75
413 75
414 75
415 75
416 75
417 75
418 75
419 33
420 75
421 75
422 75
423 75
424 75
425 75
426 75
427 33
428 75
429 75
430 75
431 75
432 75
433 75
434 75
435 34
436 74
437 74
438 74
439 74
440 74
441 74
442 74
443 34
444 50
445 75
446 75
447 75
448 75
449 75
450 75
451 33
452 50
453 75
454 75
455 75
456 75
457 75
458 75
459 33
460 50
461 75
462 75
463 75
464 75
465 75
466 75
467 34
468 50
469 75
470 75
471 75
472 75
473 75
474 75
475 75
476 50
477 75
478 75
479 75
480 75
481 75
482 75
483 75
484 50
485 75
486 75
487 75
488 75
489 75
490 75
491 75
492 50
493 75
494 75
495 75
496 75
497 75
498 75
499 75
500 50
501 75
502 75
503 75
504 75
505 75
506 75
507 75
508 50
509 75
510 75
511 75
512 75
513 75
514 75
515 75
516 50
517 75
518 75
519 75
520 75
521 75
522 75
523 75
524 49
525 75
526 75
527 75
528 75
529 75
530 75
531 75
532 34
533 75
534 75
535 75
536 75
537 75
538 75
539 75
540 33
541 75
542 75
543 75
544 75
545 75
546 75
547 75
548 33
549 75
550 75
551 75
552 75
553 75
554 75
555 75
556 34
557 49
558 75
559 75
560 75
561 75
562 75
563 75
564 34
565 50
566 75
567 75
568 75
569 75
570 75
571 75
572 33
573 50
574 75
575 75
576 75
577 75
578 75
579 75
580 75
581 50
582 75
583 75
584 75
585 75
586 75
587 75
588 75
589 50
590 74
591 74
592 74
593 74
594 74
595 74
596 74
597 50
598 75
599 75
600 75
601 75
602 75
603 75
604 75
605 50
606 75
607 75
608 75
609 75
610 75
611 75
612 75
613 50
614 75
615 75
616 75
617 75
618 75
619 75
620 75
621 50
622 74
623 74
624 74
625 74
626 74
627 74
628 74
629 50
630 75
631 75
632 75
633 75
634 75
635 75
636 75
637 33
638 75
639 75
640 75
641 75
642 75
643 75
644 75
645 33
646 75
647 75
648 75
649 75
650 75
651 75
652 75
653 34
654 74
655 74
656 74
657 74
658 74
659 74
660 74
661 34
662 75
663 75
664 75
665 75
666 75
667 75
668 75
669 33
670 50
671 75
672 75
673 75
674 75
675 75
676 75
677 33
678 50
679 75
680 75
681 75
682 75
683 75
684 75
685 34
686 50
687 74
688 74
689 74
690 74
691 74
692 74
693 74
694 50
695 75
696 75
697 75
698 75
699 75
700 75
701 75
702 50
703 75
704 75
705 75
706 75
707 75
708 75
709 75
710 50
711 75
712 75
713 75
714 75
715 75
716 75
717 75
718 50
719 74
720 74
721 74
722 74
723 74
724 74
725 74
726 50
727 75
728 75
729 75
730 75
731 75
732 75
733 75
734 50
735 75
736 75
737 75
738 75
739 75
740 75
741 75
742 50
743 75
744 75
745 75
746 75
747 75
748 75
749 75
750 34
751 75
752 75
753 75
754 75
755 75
756 75
757 75
758 34
759 75
760 75
761 75
762 75
763 75
764 75
765 75
766 33
767 75
768 75
769 75
770 75
771 75
772 75
773 75
774 34
775 75
776 75
777 75
778 75
779 75
780 75
781 75
782 34
783 50
784 75
785 75
786 75
787 75
788 75
789 75
790 33
791 50
792 75
793 75
794 75
795 75
796 75
797 75
798 33
799 50
800 75
801 75
802 75
803 75
804 75
805 75
806 75
807 49
808 75
809 75
810 75
811 75
812 75
813 75
814 75
815 50
816 75
817 75
818 75
819 75
820 75
821 75
822 75
823 50
824 75
825 75
826 75
827 75
828 75
829 75
830 75
831 50
832 75
833 75
834 75
835 75
836 75
837 75
838 75
839 49
840 75
841 75
842 75
843 75
844 75
845 75
846 75
847 50
848 75
849 75
850 75
851 75
852 75
853 75
854 75
855 50
856 75
857 75
858 75
859 75
860 75
861 75
862 75
863 33
864 75
865 75
866 75
867 75
868 75
869 75
870 75
871 34
872 74
873 74
874 74
875 74
876 74
877 74
878 74
879 34
880 75
881 75
882 75
883 75
884 75
885 75
886 75
887 33
888 50
889 75
890 75
891 75
892 75
893 75
894 75
895 33
896 50
897 75
898 75
899 75
900 75
901 75
902 75
903 34
904 50
905 74
906 74
907 74
908 74
909 74
910 74
911 34
912 50
913 75
914 75
915 75
916 75
917 75
918 75
919 75
920 50
921 75
922 75
923 75
924 75
925 75
926 75
927 75
928 50
929 75
930 75
931 75
932 75
933 75
934 75
935 75
936 50
937 74
938 74
939 74
940 74
941 74
942 74
943 74
944 50
945 75
946 75
947 75
948 75
949 75
950 75
951 75
952 50
953 75
954 75
955 75
956 75
957 75
958 75
959 75
960 50
961 75
962 75
963 75
964 75
965 75
966 75
967 75
968 50
969 74
970 74
971 74
972 74
973 74
974 74
975 74
976 34
977 75
978 75
979 75
980 75
981 75
982 75
983 75
984 33
985 75
986 75
987 75
988 75
989 75
990 75
991 75
992 33
993 75
994 75
995 75
996 75
997 75
998 75
999 75
