1 10.0
2 11.0
3 33.800000000000004
4 54.3
5 75.5
6 82.2
7 59.8
8 51.6
9 70.2
10 77.8
11 83.2
12 53.0
13 57.0
14 73.0
15 83.0
16 83.0
17 56.6
18 76.2
19 83.39999999999999
20 66.2
21 50.2
22 70.2
23 79.39999999999999
24 83.39999999999999
25 66.60000000000001
26 59.4
27 69.8
28 83.39999999999999
29 83.0
30 69.8
31 59.8
32 79.8
33 79.8
34 76.60000000000001
35 60.2
36 53.4
37 66.60000000000001
38 76.60000000000001
39 83.39999999999999
40 66.60000000000001
41 53.4
42 72.60000000000001
43 79.39999999999999
44 60.2
45 73.39999999999999
46 63.4
47 73.0
48 79.8
49 59.8
50 63.4
51 76.60000000000001
52 83.0
53 83.0
54 53.4
55 69.8
56 83.0
57 83.0
58 43.4
59 59.8
60 76.60000000000001
61 83.0
62 83.0
63 46.6
64 66.60000000000001
65 76.60000000000001
66 79.8
67 76.2
68 66.60000000000001
69 73.8
70 69.8
71 69.8
72 59.8
73 73.39999999999999
74 59.8
75 66.2
76 68.60000000000001
77 53.6
78 72.2
79 61.0
80 71.8
81 78.2
82 64.60000000000001
83 71.39999999999999
84 78.60000000000001
85 81.39999999999999
86 59.0
87 59.0
88 69.39999999999999
89 79.0
90 82.60000000000001
91 42.6
92 59.0
93 72.3
94 82.7
95 82.7
96 45.9
97 72.7
98 79.10000000000001
99 82.7
100 52.2
101 72.60000000000001
102 79.39999999999999
103 65.39999999999999
104 69.0
105 59.4
106 72.2
107 79.0
108 65.39999999999999
109 72.60000000000001
110 62.2
111 79.39999999999999
112 64.89999999999999
113 63.3
114 55.8
115 72.2
116 79.0
117 72.60000000000001
118 82.2
119 65.8
120 51.2
121 66.89999999999999
122 79.0
123 82.2
124 65.8
125 65.8
126 75.39999999999999
127 79.0
128 54.8
129 70.10000000000001
130 65.8
131 79.0
132 82.2
133 62.2
134 65.8
135 79.0
136 62.6
137 66.5
138 59.0
139 78.60000000000001
140 82.60000000000001
141 62.6
142 49.4
143 68.60000000000001
144 79.39999999999999
145 66.89999999999999
146 65.8
147 55.4
148 72.2
149 79.0
150 73.0
151 79.39999999999999
152 65.8
153 59.7
154 68.89999999999999
155 79.3
156 58.9
157 72.10000000000001
158 62.5
159 75.3
160 78.89999999999999
161 63.3
162 72.2
163 65.8
164 75.8
165 79.0
166 62.6
167 72.2
168 82.60000000000001
169 60.1
170 45.800000000000004
171 65.8
172 79.0
173 82.2
174 62.2
175 49.0
176 68.60000000000001
177 76.89999999999999
178 82.60000000000001
179 65.39999999999999
180 55.8
181 75.8
182 82.2
183 72.60000000000001
184 55.8
185 70.10000000000001
186 79.0
187 69.0
188 72.60000000000001
189 65.39999999999999
190 72.60000000000001
191 65.8
192 69.0
193 74.89999999999999
194 65.39999999999999
195 78.60000000000001
196 62.6
197 75.8
198 55.8
199 72.2
200 72.2
201 78.8
202 82.60000000000001
203 48.6
204 59.0
205 75.8
206 82.60000000000001
207 82.60000000000001
208 49.0
209 65.2
210 82.60000000000001
211 83.0
212 42.199999999999996
213 62.2
214 75.8
215 82.2
216 82.60000000000001
217 58.5
218 72.2
219 82.2
220 65.39999999999999
221 72.60000000000001
222 62.6
223 79.0
224 59.0
225 64.8
226 49.7
227 69.0
228 79.0
229 62.2
230 69.0
231 62.6
232 72.2
233 74.8
234 80.10000000000001
235 82.60000000000001
236 49.0
237 65.8
238 75.8
239 82.2
240 59.0
241 48.5
242 66.8
243 78.60000000000001
244 82.60000000000001
245 52.2
246 56.2
247 79.0
248 82.2
249 59.0
250 60.5
251 75.39999999999999
252 82.60000000000001
253 65.39999999999999
254 49.4
255 69.39999999999999
256 78.60000000000001
257 82.60000000000001
258 63.3
259 58.6
260 69.0
261 82.60000000000001
262 82.2
263 45.800000000000004
264 65.8
265 79.0
266 76.5
267 75.8
268 59.4
269 52.6
270 65.8
271 75.8
272 82.60000000000001
273 65.8
274 50.0
275 72.60000000000001
276 78.60000000000001
277 59.4
278 72.60000000000001
279 62.6
280 72.2
281 79.0
282 56.5
283 62.6
284 75.8
285 82.2
286 82.2
287 52.6
288 69.0
289 82.2
290 79.7
291 42.6
292 59.0
293 75.8
294 77.39999999999999
295 81.39999999999999
296 51.8
297 65.0
298 72.5
299 78.2
300 74.60000000000001
301 65.0
302 58.6
303 68.2
304 68.2
305 58.2
306 67.7
307 58.2
308 64.60000000000001
309 77.8
310 65.0
311 72.2
312 61.0
313 71.39999999999999
314 74.10000000000001
315 64.60000000000001
316 78.2
317 78.60000000000001
318 81.39999999999999
319 58.2
320 58.2
321 68.60000000000001
322 74.0
323 81.8
324 41.800000000000004
325 58.2
326 71.39999999999999
327 81.8
328 81.8
329 45.0
330 65.0
331 75.7
332 81.8
333 51.4
334 71.8
335 78.60000000000001
336 64.60000000000001
337 68.2
338 54.5
339 68.89999999999999
340 78.89999999999999
341 65.3
342 72.5
343 62.1
344 79.3
345 68.89999999999999
346 61.7
347 53.3
348 72.2
349 79.0
350 72.60000000000001
351 82.2
352 65.8
353 53.7
354 64.39999999999999
355 75.7
356 81.39999999999999
357 41.800000000000004
358 65.0
359 74.60000000000001
360 78.2
361 59.0
362 52.6
363 63.3
364 79.0
365 82.2
366 62.2
367 71.3
368 79.10000000000001
369 65.5
370 69.10000000000001
371 56.6
372 73.5
373 80.89999999999999
374 62.5
375 49.3
376 68.5
377 79.3
378 69.3
379 63.3
380 55.4
381 67.3
382 78.10000000000001
383 72.10000000000001
384 78.5
385 64.89999999999999
386 61.3
387 65.60000000000001
388 78.5
389 54.3
390 71.39999999999999
391 61.8
392 74.60000000000001
393 78.2
394 65.0
395 68.89999999999999
396 65.0
397 71.0
398 78.89999999999999
399 61.8
400 71.39999999999999
401 81.8
402 61.8
403 42.5
404 64.89999999999999
405 74.10000000000001
406 78.8
407 61.3
408 48.1
409 67.7
410 81.7
411 79.3
412 64.60000000000001
413 55.0
414 75.0
415 82.2
416 72.60000000000001
417 55.8
418 72.60000000000001
419 74.8
420 69.0
421 71.8
422 65.39999999999999
423 72.60000000000001
424 65.8
425 69.0
426 79.0
427 61.2
428 77.8
429 62.6
430 75.8
431 55.8
432 72.2
433 72.2
434 83.0
435 77.7
436 48.5
437 58.9
438 75.7
439 82.5
440 82.5
441 48.9
442 68.5
443 78.5
444 80.5
445 42.199999999999996
446 62.2
447 75.8
448 81.39999999999999
449 81.7
450 61.7
451 67.10000000000001
452 78.8
453 68.10000000000001
454 48.5
455 67.39999999999999
456 79.0
457 59.0
458 69.0
459 48.0
460 64.8
461 77.3
462 62.3
463 75.89999999999999
464 62.7
465 72.3
466 75.5
467 78.60000000000001
468 57.0
469 50.6
470 65.0
471 75.0
472 81.39999999999999
473 58.2
474 51.8
475 68.60000000000001
476 75.3
477 77.60000000000001
478 51.4
479 55.4
480 78.2
481 81.39999999999999
482 58.2
483 62.2
484 72.10000000000001
485 81.8
486 64.60000000000001
487 49.4
488 69.39999999999999
489 78.60000000000001
490 82.60000000000001
491 65.8
492 56.1
493 68.2
494 82.60000000000001
495 82.2
496 45.800000000000004
497 65.8
498 79.0
499 76.5
500 71.60000000000001
501 59.5
502 52.7
503 65.89999999999999
504 76.3
505 82.7
506 65.89999999999999
507 54.6
508 69.3
509 77.8
510 58.6
511 71.8
512 61.8
513 71.39999999999999
514 78.2
515 61.0
516 59.3
517 75.0
518 81.39999999999999
519 81.39999999999999
520 51.8
521 75.0
522 81.39999999999999
523 77.3
524 36.699999999999996
525 64.60000000000001
526 75.0
527 81.39999999999999
528 81.39999999999999
529 51.8
530 65.0
531 71.10000000000001
532 71.5
533 74.60000000000001
534 65.0
535 58.6
536 68.2
537 68.2
538 58.2
539 67.8
540 51.5
541 64.60000000000001
542 77.8
543 65.0
544 72.2
545 61.0
546 71.39999999999999
547 78.2
548 60.4
549 79.0
550 79.39999999999999
551 82.2
552 59.0
553 59.0
554 69.39999999999999
555 81.39999999999999
556 78.5
557 40.0
558 59.0
559 75.8
560 82.60000000000001
561 82.60000000000001
562 45.0
563 72.7
564 75.0
565 80.2
566 52.3
567 72.7
568 79.5
569 63.7
570 69.0
571 59.4
572 68.0
573 76.5
574 65.39999999999999
575 72.60000000000001
576 57.4
577 78.60000000000001
578 68.2
579 65.0
580 55.0
581 68.89999999999999
582 78.2
583 71.8
584 77.39999999999999
585 62.5
586 54.5
587 68.5
588 78.10000000000001
589 78.8
590 41.6
591 64.8
592 70.5
593 75.60000000000001
594 58.1
595 51.7
596 64.89999999999999
597 75.7
598 81.39999999999999
599 61.4
600 68.2
601 75.7
602 64.60000000000001
603 68.2
604 58.2
605 75.3
606 81.8
607 61.8
608 48.6
609 65.3
610 78.60000000000001
611 68.60000000000001
612 65.0
613 52.1
614 71.39999999999999
615 81.39999999999999
616 72.2
617 78.60000000000001
618 65.8
619 62.2
620 72.60000000000001
621 76.89999999999999
622 58.9
623 72.10000000000001
624 61.7
625 75.3
626 78.89999999999999
627 65.7
628 72.10000000000001
629 66.5
630 75.8
631 82.2
632 62.6
633 72.2
634 82.60000000000001
635 62.6
636 45.800000000000004
637 61.6
638 77.39999999999999
639 82.2
640 62.2
641 49.0
642 68.60000000000001
643 82.60000000000001
644 82.60000000000001
645 56.5
646 52.4
647 75.0
648 81.39999999999999
649 71.8
650 55.0
651 71.8
652 78.2
653 60.1
654 69.2
655 64.5
656 71.7
657 64.89999999999999
658 68.10000000000001
659 54.9
660 71.7
661 69.5
662 66.10000000000001
663 75.0
664 55.0
665 68.2
666 71.39999999999999
667 82.2
668 81.8
669 47.2
670 53.2
671 81.39999999999999
672 81.8
673 37.800000000000004
674 54.6
675 68.60000000000001
676 81.8
677 78.0
678 36.4
679 61.4
680 75.0
681 81.39999999999999
682 81.8
683 61.8
684 71.39999999999999
685 77.3
686 65.7
687 49.3
688 68.89999999999999
689 78.89999999999999
690 58.9
691 68.89999999999999
692 52.1
693 71.3
694 76.5
695 62.2
696 75.8
697 62.6
698 72.2
699 75.39999999999999
700 82.60000000000001
701 59.4
702 52.9
703 65.8
704 75.8
705 82.2
706 59.0
707 51.0
708 69.39999999999999
709 78.60000000000001
710 80.10000000000001
711 52.2
712 62.6
713 79.0
714 77.39999999999999
715 55.7
716 62.2
717 77.8
718 79.3
719 64.5
720 54.9
721 68.5
722 77.7
723 78.8
724 68.10000000000001
725 57.7
726 72.5
727 81.8
728 81.39999999999999
729 45.0
730 68.2
731 75.7
732 78.2
733 75.0
734 62.9
735 51.8
736 65.0
737 75.39999999999999
738 81.8
739 62.5
740 58.6
741 71.8
742 75.3
743 58.6
744 71.8
745 61.8
746 71.39999999999999
747 75.7
748 65.0
749 61.8
750 70.89999999999999
751 81.39999999999999
752 81.39999999999999
753 51.8
754 75.0
755 81.39999999999999
756 82.2
757 42.6
758 61.3
759 75.8
760 82.2
761 82.2
762 52.6
763 65.89999999999999
764 75.89999999999999
765 79.10000000000001
766 71.3
767 65.89999999999999
768 59.5
769 69.10000000000001
770 75.0
771 59.0
772 72.60000000000001
773 59.0
774 61.3
775 78.60000000000001
776 63.3
777 73.10000000000001
778 61.9
779 72.3
780 79.10000000000001
781 65.5
782 65.39999999999999
783 77.0
784 78.89999999999999
785 58.2
786 58.2
787 68.60000000000001
788 81.39999999999999
789 81.8
790 37.6
791 55.7
792 72.5
793 81.8
794 81.8
795 45.0
796 71.8
797 78.2
798 77.60000000000001
799 48.9
800 69.3
801 78.60000000000001
802 64.60000000000001
803 68.2
804 58.6
805 71.39999999999999
806 78.2
807 62.0
808 69.3
809 61.3
810 78.5
811 68.10000000000001
812 64.89999999999999
813 54.9
814 71.3
815 75.60000000000001
816 75.7
817 81.39999999999999
818 65.0
819 54.6
820 71.8
821 78.2
822 81.39999999999999
823 39.300000000000004
824 65.0
825 74.60000000000001
826 79.0
827 59.0
828 52.6
829 65.8
830 79.0
831 79.7
832 61.4
833 73.0
834 83.0
835 65.39999999999999
836 69.0
837 59.0
838 78.60000000000001
839 79.10000000000001
840 62.7
841 49.5
842 68.7
843 79.5
844 69.5
845 63.4
846 55.4
847 69.7
848 82.2
849 73.0
850 79.39999999999999
851 65.8
852 62.2
853 69.3
854 78.60000000000001
855 55.7
856 71.39999999999999
857 61.8
858 74.60000000000001
859 78.2
860 65.0
861 68.89999999999999
862 68.10000000000001
863 70.7
864 81.3
865 61.7
866 71.3
867 81.7
868 61.7
869 42.4
870 65.0
871 74.10000000000001
872 81.3
873 61.7
874 55.3
875 67.7
876 81.7
877 79.2
878 41.699999999999996
879 57.3
880 75.0
881 81.39999999999999
882 71.8
883 55.0
884 71.8
885 75.7
886 68.2
887 74.0
888 62.1
889 71.8
890 65.0
891 68.2
892 55.0
893 71.8
894 77.8
895 65.2
896 73.3
897 55.8
898 69.0
899 72.2
900 83.0
901 81.8
902 52.2
903 54.9
904 79.7
905 82.5
906 38.5
907 55.3
908 68.5
909 82.5
910 82.89999999999999
911 38.1
912 59.7
913 75.8
914 79.7
915 81.0
916 62.6
917 72.2
918 82.2
919 69.0
920 46.9
921 69.0
922 75.7
923 58.1
924 68.10000000000001
925 58.1
926 71.3
927 78.10000000000001
928 58.8
929 74.89999999999999
930 59.3
931 78.2
932 74.60000000000001
933 81.8
934 58.6
935 54.6
936 62.5
937 74.89999999999999
938 78.8
939 64.89999999999999
940 54.5
941 68.5
942 77.7
943 81.7
944 48.9
945 61.8
946 74.2
947 81.39999999999999
948 58.2
949 62.2
950 77.8
951 81.8
952 62.1
953 55.0
954 64.60000000000001
955 77.8
956 81.39999999999999
957 68.2
958 57.8
959 75.0
960 79.3
961 81.39999999999999
962 45.0
963 68.2
964 79.0
965 79.0
966 75.8
967 66.2
968 50.1
969 65.7
970 75.3
971 82.5
972 65.7
973 59.3
974 72.5
975 78.5
976 55.3
977 58.2
978 62.6
979 72.2
980 82.2
981 65.8
982 62.6
983 73.3
984 76.39999999999999
985 65.39999999999999
986 52.6
987 75.8
988 82.2
989 82.2
990 42.6
991 62.1
992 70.8
993 81.39999999999999
994 81.39999999999999
995 51.8
996 65.0
997 75.0
998 78.2
999 72.10000000000001
