0 0
1 11
2 11
3 33
4 50
5 66
6 83
7 83
8 58
9 66
10 83
11 83
12 50
13 67
14 83
15 83
16 67
17 66
18 84
19 84
20 49
21 59
22 75
23 75
24 50
25 67
26 83
27 83
28 50
29 66
30 84
31 84
32 50
33 58
34 75
35 75
36 50
37 67
38 83
39 83
40 50
41 66
42 84
43 84
44 50
45 58
46 75
47 75
48 50
49 67
50 83
51 83
52 50
53 67
54 83
55 83
56 50
57 58
58 75
59 75
60 50
61 67
62 83
63 83
64 50
65 67
66 83
67 83
68 50
69 58
70 75
71 75
72 49
73 67
74 83
75 83
76 50
77 67
78 83
79 83
80 50
81 58
82 75
83 75
84 50
85 66
86 83
87 83
88 50
89 67
90 83
91 83
92 50
93 58
94 75
95 75
96 50
97 66
98 83
99 83
100 50
101 67
102 83
103 83
104 50
105 58
106 75
107 75
108 50
109 66
110 83
111 83
112 50
113 67
114 83
115 83
116 50
117 58
118 75
119 75
120 50
121 66
122 84
123 84
124 49
125 67
126 83
127 83
128 50
129 58
130 75
131 75
132 50
133 66
134 84
135 84
136 50
137 66
138 83
139 83
140 50
141 74
142 74
143 74
144 50
145 67
146 83
147 83
148 50
149 66
150 83
151 83
152 50
153 74
154 74
155 74
156 50
157 67
158 83
159 83
160 50
161 66
162 83
163 83
164 49
165 75
166 75
167 75
168 50
169 67
170 83
171 83
172 50
173 66
174 84
175 84
176 50
177 75
178 75
179 75
180 50
181 67
182 83
183 83
184 50
185 66
186 84
187 84
188 50
189 75
190 75
191 75
192 50
193 67
194 83
195 83
196 50
197 67
198 83
199 83
200 50
201 75
202 75
203 75
204 50
205 67
206 83
207 83
208 50
209 67
210 83
211 83
212 50
213 75
214 75
215 75
216 49
217 67
218 83
219 83
220 50
221 67
222 83
223 83
224 50
225 75
226 75
227 75
228 50
229 66
230 83
231 83
232 50
233 67
234 83
235 83
236 50
237 75
238 75
239 75
240 50
241 66
242 83
243 83
244 50
245 67
246 83
247 66
248 50
249 75
250 75
251 75
252 50
253 66
254 83
255 83
256 50
257 67
258 83
259 66
260 50
261 75
262 75
263 75
264 50
265 66
266 84
267 84
268 49
269 67
270 83
271 66
272 50
273 75
274 75
275 75
276 50
277 66
278 84
279 84
280 50
281 66
282 83
283 66
284 50
285 75
286 75
287 75
288 50
289 66
290 84
291 84
292 50
293 66
294 83
295 66
296 59
297 74
298 74
299 66
300 50
301 83
302 83
303 83
304 50
305 66
306 83
307 66
308 59
309 75
310 75
311 66
312 50
313 83
314 83
315 83
316 50
317 66
318 84
319 67
320 59
321 75
322 75
323 66
324 50
325 83
326 83
327 83
328 50
329 66
330 84
331 67
332 58
333 75
334 75
335 66
336 50
337 83
338 83
339 83
340 50
341 66
342 84
343 67
344 58
345 75
346 75
347 66
348 50
349 83
350 83
351 50
352 50
353 83
354 83
355 67
356 58
357 75
358 75
359 66
360 50
361 83
362 83
363 50
364 50
365 83
366 83
367 67
368 58
369 75
370 75
371 67
372 49
373 83
374 83
375 50
376 50
377 83
378 83
379 67
380 58
381 75
382 75
383 67
384 50
385 83
386 83
387 50
388 50
389 83
390 83
391 67
392 58
393 75
394 75
395 67
396 50
397 83
398 83
399 50
400 50
401 83
402 83
403 66
404 58
405 75
406 75
407 67
408 66
409 83
410 83
411 49
412 50
413 83
414 83
415 66
416 58
417 75
418 75
419 67
420 66
421 84
422 84
423 50
424 49
425 83
426 83
427 66
428 58
429 75
430 75
431 67
432 66
433 84
434 84
435 50
436 50
437 83
438 83
439 66
440 59
441 74
442 74
443 67
444 67
445 83
446 83
447 50
448 50
449 83
450 83
451 66
452 59
453 74
454 74
455 66
456 67
457 83
458 83
459 50
460 66
461 83
462 83
463 67
464 59
465 75
466 75
467 66
468 67
469 83
470 83
471 50
472 66
473 84
474 84
475 67
476 58
477 75
478 75
479 66
480 67
481 83
482 83
483 50
484 66
485 84
486 84
487 67
488 58
489 75
490 75
491 66
492 67
493 83
494 83
495 50
496 67
497 83
498 83
499 67
500 58
501 75
502 75
503 66
504 67
505 83
506 83
507 50
508 67
509 83
510 83
511 67
512 58
513 75
514 75
515 67
516 67
517 83
518 83
519 50
520 67
521 83
522 83
523 67
524 58
525 75
526 75
527 67
528 66
529 83
530 83
531 50
532 67
533 83
534 83
535 67
536 58
537 75
538 75
539 67
540 66
541 83
542 83
543 50
544 67
545 83
546 83
547 66
548 58
549 75
550 75
551 67
552 66
553 83
554 83
555 49
556 67
557 83
558 83
559 50
560 58
561 75
562 75
563 67
564 66
565 84
566 84
567 50
568 67
569 83
570 83
571 50
572 58
573 75
574 75
575 67
576 66
577 84
578 84
579 50
580 66
581 83
582 83
583 50
584 58
585 75
586 75
587 67
588 66
589 84
590 84
591 50
592 66
593 83
594 83
595 50
596 59
597 74
598 74
599 66
600 67
601 83
602 83
603 50
604 66
605 83
606 83
607 50
608 59
609 75
610 75
611 50
612 67
613 83
614 83
615 50
616 66
617 84
618 84
619 49
620 59
621 75
622 75
623 50
624 67
625 83
626 83
627 50
628 66
629 84
630 84
631 50
632 58
633 75
634 75
635 50
636 67
637 83
638 83
639 50
640 66
641 84
642 84
643 50
644 58
645 75
646 75
647 50
648 67
649 83
650 83
651 50
652 67
653 83
654 83
655 50
656 58
657 75
658 75
659 50
660 67
661 83
662 83
663 50
664 67
665 83
666 83
667 50
668 58
669 75
670 75
671 49
672 67
673 83
674 83
675 50
676 67
677 83
678 83
679 50
680 58
681 75
682 75
683 50
684 66
685 83
686 83
687 50
688 67
689 83
690 83
691 50
692 58
693 75
694 75
695 50
696 66
697 83
698 83
699 50
700 67
701 83
702 83
703 50
704 58
705 75
706 75
707 50
708 66
709 83
710 83
711 50
712 67
713 83
714 83
715 50
716 58
717 75
718 75
719 50
720 66
721 84
722 84
723 49
724 67
725 83
726 83
727 50
728 58
729 75
730 75
731 50
732 66
733 84
734 84
735 50
736 66
737 83
738 83
739 50
740 59
741 74
742 74
743 50
744 67
745 83
746 83
747 50
748 66
749 83
750 83
751 50
752 59
753 74
754 74
755 50
756 67
757 83
758 83
759 50
760 66
761 83
762 83
763 49
764 75
765 75
766 75
767 50
768 67
769 83
770 83
771 50
772 66
773 84
774 84
775 50
776 75
777 75
778 75
779 50
780 67
781 83
782 83
783 50
784 66
785 84
786 84
787 50
788 75
789 75
790 75
791 50
792 67
793 83
794 83
795 50
796 67
797 83
798 83
799 50
800 75
801 75
802 75
803 50
804 67
805 83
806 83
807 50
808 67
809 83
810 83
811 50
812 75
813 75
814 75
815 49
816 67
817 83
818 83
819 50
820 67
821 83
822 83
823 50
824 75
825 75
826 75
827 50
828 66
829 83
830 83
831 50
832 67
833 83
834 83
835 50
836 75
837 75
838 75
839 50
840 66
841 83
842 83
843 50
844 67
845 83
846 83
847 50
848 75
849 75
850 75
851 50
852 66
853 83
854 83
855 50
856 67
857 83
858 83
859 50
860 75
861 75
862 75
863 50
864 66
865 84
866 84
867 49
868 67
869 83
870 66
871 50
872 75
873 75
874 75
875 50
876 66
877 84
878 84
879 50
880 66
881 83
882 66
883 50
884 75
885 75
886 75
887 50
888 66
889 84
890 84
891 50
892 66
893 83
894 66
895 50
896 74
897 74
898 74
899 50
900 67
901 83
902 83
903 50
904 66
905 83
906 66
907 50
908 75
909 75
910 75
911 50
912 67
913 83
914 83
915 50
916 66
917 84
918 67
919 59
920 75
921 75
922 66
923 50
924 83
925 83
926 83
927 50
928 66
929 84
930 67
931 58
932 75
933 75
934 66
935 50
936 83
937 83
938 83
939 50
940 66
941 84
942 67
943 58
944 75
945 75
946 66
947 50
948 83
949 83
950 83
951 50
952 67
953 83
954 67
955 58
956 75
957 75
958 66
959 50
960 83
961 83
962 83
963 50
964 67
965 83
966 67
967 58
968 75
969 75
970 67
971 49
972 83
973 83
974 50
975 50
976 83
977 83
978 67
979 58
980 75
981 75
982 67
983 50
984 83
985 83
986 50
987 50
988 83
989 83
990 67
991 58
992 75
993 75
994 67
995 50
996 83
997 83
998 50
999 50
