0 0
1 11
2 11
3 25
4 50
5 75
6 83
7 83
8 50
9 58
10 83
11 83
12 50
13 58
14 75
15 75
16 58
17 59
18 75
19 75
20 66
21 58
22 75
23 83
24 83
25 67
26 83
27 83
28 50
29 50
30 83
31 83
32 67
33 58
34 75
35 75
36 67
37 66
38 83
39 83
40 50
41 67
42 83
43 83
44 67
45 58
46 75
47 75
48 67
49 66
50 83
51 83
52 50
53 67
54 83
55 83
56 66
57 58
58 75
59 75
60 67
61 66
62 83
63 83
64 49
65 67
66 83
67 83
68 66
69 58
70 75
71 75
72 67
73 66
74 84
75 84
76 50
77 67
78 83
79 83
80 66
81 58
82 75
83 75
84 67
85 66
86 84
87 84
88 50
89 66
90 83
91 83
92 66
93 58
94 75
95 75
96 67
97 66
98 84
99 84
100 50
101 66
102 83
103 83
104 66
105 59
106 74
107 74
108 66
109 67
110 83
111 83
112 50
113 66
114 83
115 83
116 66
117 59
118 75
119 75
120 66
121 67
122 83
123 83
124 50
125 66
126 84
127 84
128 67
129 59
130 75
131 75
132 66
133 67
134 83
135 83
136 50
137 66
138 84
139 84
140 50
141 58
142 75
143 75
144 66
145 67
146 83
147 83
148 50
149 66
150 84
151 84
152 50
153 58
154 75
155 75
156 66
157 67
158 83
159 83
160 50
161 67
162 83
163 83
164 50
165 58
166 75
167 75
168 66
169 67
170 83
171 83
172 50
173 67
174 83
175 83
176 50
177 58
178 75
179 75
180 67
181 67
182 83
183 83
184 50
185 67
186 83
187 83
188 50
189 58
190 75
191 75
192 50
193 66
194 83
195 83
196 50
197 67
198 83
199 83
200 50
201 58
202 75
203 75
204 50
205 66
206 83
207 83
208 50
209 67
210 83
211 83
212 50
213 58
214 75
215 75
216 50
217 66
218 83
219 83
220 49
221 67
222 83
223 83
224 50
225 58
226 75
227 75
228 50
229 66
230 84
231 84
232 50
233 67
234 83
235 83
236 50
237 58
238 75
239 75
240 50
241 66
242 84
243 84
244 50
245 66
246 83
247 83
248 50
249 59
250 74
251 74
252 50
253 67
254 83
255 83
256 50
257 66
258 83
259 83
260 50
261 59
262 74
263 74
264 50
265 67
266 83
267 83
268 50
269 66
270 83
271 83
272 49
273 59
274 75
275 75
276 50
277 67
278 83
279 83
280 50
281 66
282 84
283 84
284 50
285 58
286 75
287 75
288 50
289 67
290 83
291 83
292 50
293 66
294 84
295 84
296 50
297 58
298 75
299 75
300 50
301 67
302 83
303 83
304 50
305 67
306 83
307 83
308 50
309 58
310 75
311 75
312 50
313 67
314 83
315 83
316 50
317 67
318 83
319 83
320 50
321 58
322 75
323 75
324 49
325 67
326 83
327 83
328 50
329 67
330 83
331 83
332 50
333 58
334 75
335 75
336 50
337 66
338 83
339 83
340 50
341 67
342 83
343 83
344 50
345 58
346 75
347 75
348 50
349 66
350 83
351 83
352 50
353 67
354 83
355 83
356 50
357 75
358 75
359 75
360 50
361 66
362 83
363 83
364 50
365 67
366 83
367 83
368 50
369 75
370 75
371 75
372 50
373 66
374 84
375 84
376 49
377 67
378 83
379 83
380 50
381 75
382 75
383 75
384 50
385 66
386 84
387 84
388 50
389 66
390 83
391 83
392 50
393 75
394 75
395 75
396 50
397 66
398 84
399 84
400 50
401 66
402 83
403 83
404 50
405 74
406 74
407 74
408 50
409 67
410 83
411 83
412 50
413 66
414 83
415 83
416 50
417 75
418 75
419 75
420 50
421 67
422 83
423 83
424 50
425 66
426 84
427 84
428 49
429 75
430 75
431 75
432 50
433 67
434 83
435 83
436 50
437 66
438 84
439 84
440 50
441 75
442 75
443 75
444 50
445 67
446 83
447 83
448 50
449 66
450 84
451 67
452 50
453 75
454 75
455 75
456 50
457 67
458 83
459 83
460 50
461 67
462 83
463 67
464 50
465 75
466 75
467 75
468 50
469 67
470 83
471 83
472 50
473 67
474 83
475 67
476 50
477 75
478 75
479 75
480 49
481 67
482 83
483 83
484 50
485 67
486 83
487 67
488 50
489 75
490 75
491 75
492 50
493 66
494 83
495 83
496 50
497 67
498 83
499 67
500 50
501 75
502 75
503 67
504 50
505 83
506 83
507 83
508 50
509 67
510 83
511 66
512 58
513 75
514 75
515 67
516 50
517 83
518 83
519 83
520 50
521 67
522 83
523 66
524 58
525 75
526 75
527 67
528 50
529 84
530 84
531 84
532 49
533 67
534 83
535 66
536 58
537 75
538 75
539 67
540 50
541 84
542 84
543 84
544 50
545 66
546 83
547 66
548 59
549 74
550 74
551 67
552 50
553 83
554 83
555 50
556 50
557 83
558 83
559 66
560 59
561 74
562 74
563 66
564 50
565 83
566 83
567 50
568 50
569 83
570 83
571 67
572 59
573 75
574 75
575 66
576 50
577 83
578 83
579 50
580 50
581 84
582 84
583 67
584 58
585 75
586 75
587 66
588 50
589 83
590 83
591 50
592 50
593 84
594 84
595 67
596 58
597 75
598 75
599 66
600 50
601 83
602 83
603 50
604 50
605 83
606 83
607 67
608 58
609 75
610 75
611 66
612 67
613 83
614 83
615 50
616 50
617 83
618 83
619 67
620 58
621 75
622 75
623 67
624 67
625 83
626 83
627 50
628 50
629 83
630 83
631 67
632 58
633 75
634 75
635 67
636 66
637 83
638 83
639 50
640 50
641 83
642 83
643 67
644 58
645 75
646 75
647 67
648 66
649 83
650 83
651 50
652 50
653 83
654 83
655 66
656 58
657 75
658 75
659 67
660 66
661 83
662 83
663 49
664 67
665 83
666 83
667 66
668 58
669 75
670 75
671 67
672 66
673 84
674 84
675 50
676 67
677 83
678 83
679 66
680 58
681 75
682 75
683 67
684 66
685 84
686 84
687 50
688 66
689 83
690 83
691 66
692 58
693 75
694 75
695 67
696 66
697 84
698 84
699 50
700 66
701 83
702 83
703 66
704 59
705 74
706 74
707 66
708 67
709 83
710 83
711 50
712 66
713 83
714 83
715 66
716 59
717 75
718 75
719 66
720 67
721 83
722 83
723 50
724 66
725 84
726 84
727 67
728 59
729 75
730 75
731 66
732 67
733 83
734 83
735 50
736 66
737 84
738 84
739 67
740 58
741 75
742 75
743 66
744 67
745 83
746 83
747 50
748 66
749 84
750 84
751 67
752 58
753 75
754 75
755 66
756 67
757 83
758 83
759 50
760 67
761 83
762 83
763 50
764 58
765 75
766 75
767 66
768 67
769 83
770 83
771 50
772 67
773 83
774 83
775 50
776 58
777 75
778 75
779 67
780 67
781 83
782 83
783 50
784 67
785 83
786 83
787 50
788 58
789 75
790 75
791 67
792 66
793 83
794 83
795 50
796 67
797 83
798 83
799 50
800 58
801 75
802 75
803 67
804 66
805 83
806 83
807 50
808 67
809 83
810 83
811 50
812 58
813 75
814 75
815 50
816 66
817 83
818 83
819 49
820 67
821 83
822 83
823 50
824 58
825 75
826 75
827 50
828 66
829 84
830 84
831 50
832 67
833 83
834 83
835 50
836 58
837 75
838 75
839 50
840 66
841 84
842 84
843 50
844 66
845 83
846 83
847 50
848 59
849 74
850 74
851 50
852 67
853 83
854 83
855 50
856 66
857 83
858 83
859 50
860 59
861 74
862 74
863 50
864 67
865 83
866 83
867 50
868 66
869 83
870 83
871 49
872 59
873 75
874 75
875 50
876 67
877 83
878 83
879 50
880 66
881 84
882 84
883 50
884 58
885 75
886 75
887 50
888 67
889 83
890 83
891 50
892 66
893 84
894 84
895 50
896 58
897 75
898 75
899 50
900 67
901 83
902 83
903 50
904 67
905 83
906 83
907 50
908 58
909 75
910 75
911 50
912 67
913 83
914 83
915 50
916 67
917 83
918 83
919 50
920 58
921 75
922 75
923 49
924 67
925 83
926 83
927 50
928 67
929 83
930 83
931 50
932 58
933 75
934 75
935 50
936 66
937 83
938 83
939 50
940 67
941 83
942 83
943 50
944 58
945 75
946 75
947 50
948 66
949 83
950 83
951 50
952 67
953 83
954 83
955 50
956 58
957 75
958 75
959 50
960 66
961 83
962 83
963 50
964 67
965 83
966 83
967 50
968 58
969 75
970 75
971 50
972 66
973 84
974 84
975 49
976 67
977 83
978 83
979 50
980 75
981 75
982 75
983 50
984 66
985 84
986 84
987 50
988 66
989 83
990 83
991 50
992 75
993 75
994 75
995 50
996 66
997 84
998 84
999 50
