0 0
1 11
2 11
3 42
4 50
5 66
6 83
7 25
8 42
9 58
10 75
11 83
12 49
13 59
14 75
15 83
16 83
17 50
18 66
19 83
20 58
21 59
22 83
23 84
24 84
25 50
26 75
27 83
28 83
29 58
30 75
31 83
32 84
33 50
34 75
35 83
36 83
37 50
38 67
39 83
40 83
41 50
42 75
43 83
44 83
45 50
46 75
47 83
48 83
49 49
50 67
51 83
52 83
53 50
54 75
55 84
56 84
57 50
58 75
59 83
60 83
61 50
62 66
63 83
64 83
65 50
66 74
67 84
68 84
69 50
70 75
71 83
72 83
73 50
74 66
75 83
76 83
77 50
78 75
79 83
80 83
81 50
82 75
83 83
84 83
85 50
86 66
87 83
88 83
89 49
90 75
91 83
92 83
93 50
94 75
95 83
96 83
97 50
98 66
99 84
100 84
101 50
102 75
103 83
104 83
105 50
106 75
107 84
108 84
109 50
110 66
111 84
112 84
113 50
114 75
115 83
116 83
117 50
118 74
119 84
120 84
121 50
122 67
123 83
124 83
125 50
126 75
127 83
128 83
129 50
130 75
131 83
132 83
133 50
134 67
135 83
136 83
137 50
138 75
139 83
140 83
141 49
142 75
143 83
144 83
145 50
146 67
147 83
148 83
149 58
150 75
151 83
152 83
153 50
154 75
155 83
156 83
157 50
158 67
159 83
160 83
161 58
162 75
163 83
164 83
165 50
166 75
167 83
168 83
169 50
170 67
171 83
172 83
173 58
174 75
175 83
176 83
177 50
178 75
179 83
180 83
181 50
182 67
183 83
184 83
185 58
186 75
187 83
188 83
189 50
190 75
191 83
192 83
193 49
194 67
195 83
196 83
197 58
198 75
199 84
200 84
201 58
202 75
203 83
204 83
205 50
206 66
207 83
208 83
209 59
210 74
211 84
212 84
213 58
214 75
215 83
216 83
217 50
218 66
219 83
220 83
221 59
222 74
223 84
224 84
225 58
226 75
227 83
228 83
229 50
230 66
231 83
232 83
233 59
234 75
235 83
236 83
237 58
238 75
239 83
240 83
241 50
242 66
243 84
244 84
245 58
246 75
247 83
248 83
249 58
250 75
251 84
252 84
253 50
254 66
255 84
256 84
257 58
258 75
259 83
260 83
261 59
262 74
263 84
264 84
265 50
266 66
267 84
268 84
269 58
270 75
271 83
272 83
273 59
274 74
275 84
276 84
277 50
278 67
279 83
280 83
281 58
282 75
283 83
284 83
285 59
286 75
287 83
288 83
289 50
290 67
291 83
292 83
293 58
294 75
295 83
296 83
297 58
298 75
299 83
300 83
301 50
302 67
303 83
304 83
305 58
306 75
307 83
308 83
309 58
310 75
311 83
312 83
313 50
314 67
315 83
316 83
317 58
318 75
319 83
320 83
321 58
322 75
323 83
324 83
325 50
326 67
327 83
328 83
329 58
330 75
331 83
332 83
333 58
334 75
335 83
336 83
337 50
338 67
339 83
340 83
341 58
342 75
343 83
344 83
345 58
346 75
347 83
348 50
349 49
350 83
351 83
352 83
353 58
354 75
355 84
356 84
357 58
358 75
359 83
360 50
361 50
362 83
363 83
364 83
365 59
366 74
367 84
368 84
369 58
370 75
371 83
372 50
373 50
374 83
375 83
376 83
377 59
378 75
379 83
380 83
381 58
382 75
383 83
384 50
385 50
386 83
387 83
388 83
389 59
390 75
391 83
392 83
393 58
394 75
395 83
396 50
397 50
398 84
399 84
400 50
401 58
402 75
403 83
404 83
405 58
406 75
407 84
408 50
409 50
410 84
411 84
412 50
413 58
414 75
415 83
416 83
417 59
418 74
419 84
420 50
421 50
422 83
423 83
424 50
425 58
426 75
427 83
428 83
429 59
430 75
431 83
432 50
433 50
434 83
435 83
436 50
437 58
438 75
439 83
440 83
441 59
442 75
443 83
444 50
445 50
446 83
447 83
448 50
449 58
450 75
451 83
452 50
453 58
454 75
455 83
456 50
457 67
458 83
459 83
460 50
461 58
462 75
463 83
464 50
465 58
466 75
467 83
468 50
469 67
470 83
471 83
472 50
473 58
474 75
475 83
476 50
477 58
478 75
479 83
480 49
481 67
482 83
483 83
484 50
485 58
486 75
487 83
488 50
489 58
490 75
491 83
492 50
493 67
494 83
495 83
496 50
497 58
498 75
499 84
500 50
501 58
502 75
503 83
504 50
505 66
506 83
507 83
508 50
509 59
510 84
511 84
512 50
513 58
514 75
515 83
516 50
517 66
518 83
519 83
520 50
521 59
522 84
523 84
524 50
525 58
526 75
527 83
528 50
529 66
530 83
531 83
532 49
533 59
534 83
535 83
536 50
537 58
538 75
539 83
540 50
541 66
542 84
543 84
544 50
545 58
546 83
547 83
548 50
549 58
550 75
551 84
552 50
553 66
554 84
555 84
556 50
557 58
558 83
559 83
560 50
561 59
562 84
563 84
564 50
565 66
566 84
567 84
568 50
569 58
570 83
571 83
572 50
573 59
574 84
575 84
576 50
577 67
578 83
579 83
580 50
581 58
582 83
583 83
584 49
585 59
586 83
587 83
588 50
589 67
590 83
591 83
592 50
593 58
594 83
595 83
596 50
597 58
598 83
599 83
600 50
601 67
602 83
603 83
604 50
605 58
606 83
607 83
608 50
609 58
610 83
611 83
612 50
613 67
614 83
615 83
616 50
617 75
618 83
619 83
620 50
621 58
622 83
623 83
624 50
625 67
626 83
627 83
628 50
629 75
630 83
631 83
632 50
633 58
634 83
635 83
636 49
637 67
638 83
639 83
640 50
641 75
642 83
643 83
644 50
645 58
646 83
647 83
648 50
649 67
650 83
651 83
652 50
653 75
654 84
655 84
656 50
657 58
658 83
659 83
660 50
661 66
662 83
663 83
664 50
665 74
666 84
667 84
668 50
669 75
670 83
671 83
672 50
673 66
674 83
675 83
676 50
677 75
678 83
679 83
680 50
681 75
682 83
683 83
684 50
685 66
686 83
687 83
688 49
689 75
690 83
691 83
692 50
693 75
694 83
695 83
696 50
697 66
698 84
699 84
700 50
701 75
702 83
703 83
704 50
705 75
706 84
707 84
708 50
709 66
710 84
711 84
712 50
713 75
714 83
715 83
716 50
717 74
718 84
719 84
720 50
721 67
722 83
723 83
724 50
725 75
726 83
727 83
728 50
729 75
730 83
731 83
732 50
733 67
734 83
735 83
736 50
737 75
738 83
739 83
740 49
741 75
742 83
743 83
744 50
745 67
746 83
747 83
748 50
749 75
750 83
751 83
752 50
753 75
754 83
755 83
756 50
757 67
758 83
759 83
760 50
761 75
762 83
763 83
764 50
765 75
766 83
767 83
768 50
769 67
770 83
771 83
772 58
773 75
774 83
775 83
776 50
777 75
778 83
779 83
780 50
781 67
782 83
783 83
784 58
785 75
786 83
787 83
788 50
789 75
790 83
791 83
792 49
793 67
794 83
795 83
796 58
797 75
798 84
799 84
800 50
801 75
802 83
803 83
804 50
805 66
806 83
807 83
808 59
809 74
810 84
811 84
812 50
813 75
814 83
815 83
816 50
817 66
818 83
819 83
820 59
821 74
822 84
823 84
824 58
825 75
826 83
827 83
828 50
829 66
830 83
831 83
832 59
833 75
834 83
835 83
836 58
837 75
838 83
839 83
840 50
841 66
842 84
843 84
844 58
845 75
846 83
847 83
848 58
849 75
850 84
851 84
852 50
853 66
854 84
855 84
856 58
857 75
858 83
859 83
860 59
861 74
862 84
863 84
864 50
865 66
866 84
867 84
868 58
869 75
870 83
871 83
872 59
873 74
874 84
875 84
876 50
877 67
878 83
879 83
880 58
881 75
882 83
883 83
884 59
885 75
886 83
887 83
888 50
889 67
890 83
891 83
892 58
893 75
894 83
895 83
896 58
897 75
898 83
899 83
900 50
901 67
902 83
903 83
904 58
905 75
906 83
907 83
908 58
909 75
910 83
911 83
912 50
913 67
914 83
915 83
916 58
917 75
918 83
919 83
920 58
921 75
922 83
923 83
924 50
925 67
926 83
927 83
928 58
929 75
930 83
931 83
932 58
933 75
934 83
935 83
936 50
937 67
938 83
939 83
940 58
941 75
942 83
943 83
944 58
945 75
946 83
947 83
948 49
949 67
950 83
951 83
952 58
953 75
954 84
955 84
956 58
957 75
958 83
959 83
960 50
961 66
962 83
963 83
964 59
965 74
966 84
967 84
968 58
969 75
970 83
971 50
972 50
973 83
974 83
975 83
976 59
977 75
978 83
979 83
980 58
981 75
982 83
983 50
984 50
985 83
986 83
987 83
988 59
989 75
990 83
991 83
992 58
993 75
994 83
995 50
996 50
997 84
998 84
999 84
