0 0
1 11
2 11
3 11
4 11
5 59
6 74
7 74
8 74
9 74
10 74
11 74
12 74
13 74
14 74
15 83
16 83
17 83
18 83
19 83
20 83
21 83
22 83
23 83
24 83
25 83
26 83
27 83
28 83
29 83
30 83
31 83
32 83
33 83
34 83
35 83
36 83
37 83
38 83
39 83
40 83
41 83
42 83
43 83
44 83
45 83
46 83
47 83
48 83
49 83
50 83
51 83
52 83
53 83
54 83
55 83
56 83
57 83
58 83
59 83
60 83
61 83
62 83
63 83
64 83
65 83
66 83
67 83
68 83
69 83
70 83
71 83
72 83
73 83
74 83
75 83
76 83
77 83
78 83
79 83
80 83
81 83
82 83
83 83
84 83
85 83
86 83
87 83
88 83
89 83
90 83
91 83
92 83
93 83
94 83
95 83
96 83
97 83
98 83
99 83
100 83
101 83
102 83
103 83
104 83
105 83
106 83
107 83
108 83
109 83
110 83
111 83
112 83
113 83
114 83
115 83
116 83
117 83
118 83
119 83
120 83
121 83
122 83
123 83
124 83
125 83
126 83
127 83
128 83
129 83
130 83
131 83
132 83
133 83
134 83
135 83
136 83
137 83
138 83
139 83
140 75
141 84
142 84
143 84
144 84
145 84
146 84
147 84
148 84
149 84
150 84
151 84
152 84
153 84
154 84
155 84
156 84
157 84
158 84
159 84
160 84
161 84
162 84
163 84
164 84
165 84
166 84
167 84
168 84
169 84
170 84
171 84
172 84
173 84
174 84
175 84
176 84
177 84
178 84
179 84
180 84
181 84
182 84
183 84
184 84
185 84
186 84
187 84
188 84
189 84
190 84
191 84
192 84
193 84
194 84
195 84
196 84
197 84
198 84
199 84
200 84
201 84
202 84
203 84
204 84
205 84
206 84
207 84
208 84
209 84
210 84
211 84
212 84
213 84
214 84
215 84
216 84
217 84
218 84
219 84
220 84
221 84
222 84
223 84
224 84
225 84
226 84
227 84
228 84
229 84
230 84
231 84
232 84
233 84
234 84
235 84
236 84
237 84
238 84
239 84
240 84
241 84
242 84
243 84
244 84
245 84
246 84
247 84
248 84
249 84
250 84
251 84
252 84
253 84
254 84
255 84
256 84
257 84
258 84
259 84
260 84
261 84
262 84
263 84
264 84
265 84
266 84
267 84
268 84
269 84
270 84
271 84
272 84
273 84
274 84
275 84
276 84
277 84
278 84
279 84
280 84
281 84
282 84
283 84
284 84
285 84
286 84
287 84
288 84
289 84
290 84
291 84
292 84
293 84
294 84
295 84
296 84
297 84
298 84
299 84
300 84
301 84
302 84
303 84
304 84
305 84
306 84
307 84
308 84
309 84
310 84
311 84
312 84
313 84
314 84
315 84
316 84
317 84
318 84
319 84
320 84
321 84
322 84
323 84
324 84
325 84
326 84
327 75
328 84
329 84
330 84
331 84
332 84
333 84
334 84
335 84
336 84
337 84
338 84
339 84
340 84
341 84
342 84
343 84
344 84
345 84
346 84
347 84
348 84
349 84
350 84
351 84
352 84
353 84
354 84
355 84
356 84
357 84
358 84
359 84
360 84
361 84
362 84
363 84
364 84
365 84
366 84
367 84
368 84
369 84
370 84
371 84
372 84
373 84
374 84
375 84
376 84
377 84
378 84
379 84
380 84
381 84
382 84
383 84
384 84
385 84
386 84
387 84
388 84
389 84
390 84
391 84
392 84
393 84
394 84
395 84
396 84
397 84
398 84
399 84
400 84
401 84
402 84
403 84
404 84
405 84
406 84
407 84
408 84
409 84
410 84
411 84
412 84
413 84
414 84
415 84
416 84
417 84
418 84
419 84
420 84
421 84
422 84
423 84
424 84
425 84
426 84
427 84
428 84
429 84
430 84
431 84
432 84
433 84
434 84
435 84
436 84
437 84
438 84
439 84
440 84
441 84
442 84
443 84
444 84
445 84
446 84
447 84
448 84
449 84
450 84
451 84
452 84
453 84
454 84
455 84
456 84
457 84
458 84
459 84
460 84
461 84
462 84
463 84
464 84
465 84
466 84
467 84
468 84
469 84
470 84
471 84
472 84
473 84
474 84
475 84
476 84
477 84
478 84
479 84
480 84
481 84
482 84
483 84
484 84
485 84
486 84
487 84
488 84
489 84
490 84
491 84
492 84
493 84
494 84
495 84
496 84
497 84
498 84
499 84
500 84
501 84
502 84
503 84
504 84
505 84
506 84
507 84
508 84
509 84
510 84
511 84
512 84
513 84
514 75
515 84
516 84
517 84
518 84
519 84
520 84
521 84
522 84
523 84
524 84
525 84
526 84
527 84
528 84
529 84
530 84
531 84
532 84
533 84
534 84
535 84
536 84
537 84
538 84
539 84
540 84
541 84
542 84
543 84
544 84
545 84
546 84
547 84
548 84
549 84
550 84
551 84
552 84
553 84
554 84
555 84
556 84
557 84
558 84
559 84
560 84
561 84
562 84
563 84
564 84
565 84
566 84
567 84
568 84
569 84
570 84
571 84
572 84
573 84
574 84
575 84
576 84
577 84
578 84
579 84
580 84
581 84
582 84
583 84
584 84
585 84
586 84
587 84
588 84
589 84
590 84
591 84
592 84
593 84
594 84
595 84
596 84
597 84
598 84
599 84
600 84
601 84
602 84
603 84
604 84
605 84
606 84
607 84
608 84
609 84
610 84
611 84
612 84
613 84
614 84
615 84
616 84
617 84
618 84
619 84
620 84
621 84
622 84
623 84
624 84
625 84
626 84
627 84
628 84
629 84
630 84
631 84
632 84
633 84
634 84
635 84
636 84
637 84
638 84
639 84
640 84
641 84
642 84
643 84
644 84
645 84
646 84
647 84
648 84
649 84
650 84
651 84
652 84
653 84
654 84
655 84
656 84
657 84
658 84
659 84
660 84
661 84
662 84
663 84
664 84
665 84
666 84
667 84
668 84
669 84
670 84
671 84
672 84
673 84
674 84
675 84
676 84
677 84
678 84
679 84
680 84
681 84
682 84
683 84
684 84
685 84
686 84
687 84
688 84
689 84
690 84
691 84
692 84
693 84
694 84
695 84
696 84
697 84
698 84
699 84
700 84
701 84
702 84
703 84
704 84
705 84
706 84
707 84
708 84
709 84
710 84
711 84
712 84
713 84
714 84
715 84
716 84
717 84
718 84
719 84
720 84
721 84
722 84
723 84
724 84
725 84
726 84
727 84
728 84
729 84
730 84
731 84
732 84
733 84
734 84
735 84
736 84
737 84
738 84
739 84
740 84
741 84
742 84
743 84
744 84
745 84
746 84
747 84
748 84
749 84
750 84
751 84
752 84
753 84
754 84
755 84
756 84
757 84
758 84
759 84
760 84
761 84
762 84
763 84
764 84
765 84
766 84
767 84
768 84
769 84
770 84
771 84
772 84
773 84
774 84
775 84
776 84
777 84
778 84
779 84
780 84
781 84
782 84
783 84
784 84
785 84
786 84
787 84
788 84
789 84
790 84
791 84
792 84
793 84
794 84
795 84
796 84
797 84
798 84
799 84
800 84
801 84
802 84
803 84
804 84
805 84
806 84
807 84
808 84
809 84
810 84
811 84
812 84
813 84
814 84
815 84
816 84
817 84
818 84
819 84
820 84
821 84
822 84
823 84
824 84
825 84
826 84
827 84
828 84
829 84
830 84
831 84
832 84
833 84
834 84
835 84
836 84
837 84
838 84
839 84
840 84
841 84
842 84
843 84
844 84
845 84
846 84
847 84
848 84
849 84
850 84
851 84
852 84
853 84
854 84
855 84
856 84
857 84
858 84
859 84
860 84
861 84
862 84
863 84
864 84
865 84
866 84
867 84
868 84
869 84
870 84
871 84
872 84
873 84
874 84
875 84
876 84
877 84
878 84
879 84
880 84
881 84
882 84
883 84
884 84
885 84
886 84
887 84
888 84
889 75
890 84
891 84
892 84
893 84
894 84
895 84
896 84
897 84
898 84
899 84
900 84
901 84
902 84
903 84
904 84
905 84
906 84
907 84
908 84
909 84
910 84
911 84
912 84
913 84
914 84
915 84
916 84
917 84
918 84
919 84
920 84
921 84
922 84
923 84
924 84
925 84
926 84
927 84
928 84
929 84
930 84
931 84
932 84
933 84
934 84
935 84
936 84
937 84
938 84
939 84
940 84
941 84
942 84
943 84
944 84
945 84
946 84
947 84
948 84
949 84
950 84
951 84
952 84
953 84
954 84
955 84
956 84
957 84
958 84
959 84
960 84
961 84
962 84
963 84
964 84
965 84
966 84
967 84
968 84
969 84
970 84
971 84
972 84
973 84
974 84
975 84
976 84
977 84
978 84
979 84
980 84
981 84
982 84
983 84
984 84
985 84
986 84
987 84
988 84
989 84
990 84
991 84
992 84
993 84
994 84
995 84
996 84
997 84
998 84
999 84
