0 0
1 11
2 11
3 50
4 67
5 83
6 83
7 50
8 58
9 84
10 84
11 50
12 66
13 84
14 84
15 50
16 58
17 83
18 83
19 50
20 59
21 84
22 84
23 50
24 67
25 83
26 83
27 50
28 58
29 83
30 83
31 50
32 59
33 83
34 83
35 50
36 67
37 83
38 83
39 50
40 75
41 83
42 83
43 49
44 59
45 83
46 83
47 50
48 67
49 83
50 83
51 50
52 75
53 83
54 83
55 50
56 58
57 83
58 83
59 50
60 67
61 83
62 83
63 50
64 75
65 83
66 83
67 50
68 58
69 83
70 83
71 50
72 67
73 83
74 83
75 50
76 75
77 83
78 83
79 50
80 58
81 83
82 83
83 49
84 67
85 83
86 83
87 50
88 75
89 83
90 83
91 50
92 75
93 83
94 83
95 49
96 67
97 83
98 83
99 50
100 75
101 84
102 84
103 50
104 75
105 83
106 83
107 50
108 66
109 83
110 83
111 50
112 74
113 84
114 84
115 50
116 75
117 83
118 83
119 50
120 66
121 83
122 83
123 50
124 74
125 84
126 84
127 50
128 75
129 83
130 83
131 50
132 66
133 83
134 83
135 49
136 75
137 83
138 83
139 50
140 75
141 83
142 83
143 50
144 66
145 84
146 84
147 50
148 75
149 83
150 83
151 50
152 75
153 84
154 84
155 50
156 66
157 84
158 84
159 50
160 75
161 83
162 83
163 50
164 74
165 84
166 84
167 50
168 66
169 84
170 84
171 50
172 75
173 83
174 83
175 50
176 74
177 84
178 84
179 50
180 67
181 83
182 83
183 50
184 75
185 83
186 83
187 49
188 75
189 83
190 83
191 50
192 67
193 83
194 83
195 58
196 75
197 83
198 83
199 50
200 75
201 83
202 83
203 50
204 67
205 83
206 83
207 58
208 75
209 83
210 83
211 50
212 75
213 83
214 83
215 50
216 67
217 83
218 83
219 58
220 75
221 83
222 83
223 50
224 75
225 83
226 83
227 50
228 67
229 83
230 83
231 58
232 75
233 83
234 83
235 50
236 75
237 83
238 83
239 50
240 67
241 83
242 83
243 58
244 75
245 83
246 83
247 58
248 75
249 83
250 83
251 49
252 67
253 83
254 83
255 58
256 75
257 84
258 84
259 58
260 75
261 83
262 83
263 50
264 66
265 83
266 83
267 59
268 74
269 84
270 84
271 58
272 75
273 83
274 83
275 50
276 66
277 83
278 83
279 59
280 75
281 83
282 83
283 58
284 75
285 83
286 83
287 50
288 66
289 83
290 83
291 59
292 75
293 83
294 83
295 58
296 75
297 83
298 83
299 50
300 66
301 84
302 84
303 58
304 75
305 83
306 83
307 58
308 75
309 84
310 84
311 50
312 66
313 84
314 84
315 58
316 75
317 83
318 83
319 59
320 74
321 84
322 84
323 50
324 67
325 83
326 83
327 58
328 75
329 83
330 83
331 59
332 75
333 83
334 83
335 50
336 67
337 83
338 83
339 58
340 75
341 83
342 83
343 59
344 75
345 83
346 83
347 50
348 67
349 83
350 83
351 58
352 75
353 83
354 83
355 58
356 75
357 83
358 83
359 50
360 67
361 83
362 83
363 58
364 75
365 83
366 83
367 58
368 75
369 83
370 83
371 50
372 67
373 83
374 83
375 58
376 75
377 83
378 83
379 58
380 75
381 83
382 83
383 50
384 67
385 83
386 83
387 58
388 75
389 83
390 83
391 58
392 75
393 83
394 83
395 49
396 67
397 83
398 83
399 58
400 75
401 84
402 84
403 58
404 75
405 83
406 50
407 50
408 83
409 83
410 83
411 59
412 74
413 84
414 84
415 58
416 75
417 83
418 50
419 50
420 83
421 83
422 83
423 59
424 74
425 84
426 84
427 58
428 75
429 83
430 50
431 50
432 83
433 83
434 83
435 59
436 75
437 83
438 83
439 58
440 75
441 83
442 50
443 50
444 84
445 84
446 84
447 58
448 75
449 83
450 83
451 58
452 75
453 84
454 50
455 50
456 84
457 84
458 50
459 58
460 75
461 83
462 83
463 59
464 74
465 84
466 50
467 50
468 84
469 84
470 50
471 58
472 75
473 83
474 83
475 59
476 74
477 84
478 50
479 50
480 83
481 83
482 50
483 58
484 75
485 83
486 83
487 59
488 75
489 83
490 50
491 50
492 83
493 83
494 50
495 58
496 75
497 83
498 83
499 58
500 75
501 83
502 50
503 67
504 83
505 83
506 50
507 58
508 75
509 83
510 50
511 58
512 75
513 83
514 50
515 67
516 83
517 83
518 50
519 58
520 75
521 83
522 50
523 58
524 75
525 83
526 50
527 67
528 83
529 83
530 50
531 58
532 75
533 83
534 50
535 58
536 75
537 83
538 49
539 67
540 83
541 83
542 50
543 58
544 75
545 83
546 50
547 58
548 75
549 83
550 50
551 67
552 83
553 83
554 50
555 58
556 84
557 84
558 50
559 58
560 75
561 83
562 50
563 66
564 83
565 83
566 50
567 59
568 84
569 84
570 50
571 58
572 75
573 83
574 50
575 66
576 83
577 83
578 50
579 59
580 83
581 83
582 50
583 58
584 75
585 83
586 50
587 66
588 83
589 83
590 49
591 59
592 83
593 83
594 50
595 58
596 75
597 83
598 50
599 66
600 84
601 84
602 50
603 58
604 83
605 83
606 50
607 58
608 84
609 84
610 50
611 66
612 84
613 84
614 50
615 58
616 83
617 83
618 50
619 59
620 84
621 84
622 50
623 67
624 83
625 83
626 50
627 58
628 83
629 83
630 50
631 59
632 83
633 83
634 50
635 67
636 83
637 83
638 50
639 58
640 83
641 83
642 49
643 59
644 83
645 83
646 50
647 67
648 83
649 83
650 50
651 58
652 83
653 83
654 50
655 58
656 83
657 83
658 50
659 67
660 83
661 83
662 50
663 75
664 83
665 83
666 50
667 58
668 83
669 83
670 50
671 67
672 83
673 83
674 50
675 75
676 83
677 83
678 50
679 58
680 83
681 83
682 49
683 67
684 83
685 83
686 50
687 75
688 83
689 83
690 50
691 58
692 83
693 83
694 50
695 67
696 83
697 83
698 50
699 75
700 84
701 84
702 50
703 58
704 83
705 83
706 50
707 66
708 83
709 83
710 50
711 74
712 84
713 84
714 50
715 75
716 83
717 83
718 50
719 66
720 83
721 83
722 50
723 74
724 84
725 84
726 50
727 75
728 83
729 83
730 50
731 66
732 83
733 83
734 49
735 75
736 83
737 83
738 50
739 75
740 83
741 83
742 50
743 66
744 84
745 84
746 50
747 75
748 83
749 83
750 50
751 75
752 84
753 84
754 50
755 66
756 84
757 84
758 50
759 75
760 83
761 83
762 50
763 74
764 84
765 84
766 50
767 66
768 84
769 84
770 50
771 75
772 83
773 83
774 50
775 74
776 84
777 84
778 50
779 67
780 83
781 83
782 50
783 75
784 83
785 83
786 49
787 75
788 83
789 83
790 50
791 67
792 83
793 83
794 50
795 75
796 83
797 83
798 50
799 75
800 83
801 83
802 50
803 67
804 83
805 83
806 50
807 75
808 83
809 83
810 50
811 75
812 83
813 83
814 50
815 67
816 83
817 83
818 58
819 75
820 83
821 83
822 50
823 75
824 83
825 83
826 50
827 67
828 83
829 83
830 58
831 75
832 83
833 83
834 50
835 75
836 83
837 83
838 50
839 67
840 83
841 83
842 58
843 75
844 83
845 83
846 50
847 75
848 83
849 83
850 49
851 67
852 83
853 83
854 58
855 75
856 84
857 84
858 50
859 75
860 83
861 83
862 50
863 66
864 83
865 83
866 59
867 74
868 84
869 84
870 58
871 75
872 83
873 83
874 50
875 66
876 83
877 83
878 59
879 75
880 83
881 83
882 58
883 75
884 83
885 83
886 50
887 66
888 83
889 83
890 59
891 75
892 83
893 83
894 58
895 75
896 83
897 83
898 50
899 66
900 84
901 84
902 58
903 75
904 83
905 83
906 58
907 75
908 84
909 84
910 50
911 66
912 84
913 84
914 58
915 75
916 83
917 83
918 59
919 74
920 84
921 84
922 50
923 67
924 83
925 83
926 58
927 75
928 83
929 83
930 59
931 75
932 83
933 83
934 50
935 67
936 83
937 83
938 58
939 75
940 83
941 83
942 59
943 75
944 83
945 83
946 50
947 67
948 83
949 83
950 58
951 75
952 83
953 83
954 58
955 75
956 83
957 83
958 50
959 67
960 83
961 83
962 58
963 75
964 83
965 83
966 58
967 75
968 83
969 83
970 50
971 67
972 83
973 83
974 58
975 75
976 83
977 83
978 58
979 75
980 83
981 83
982 50
983 67
984 83
985 83
986 58
987 75
988 83
989 83
990 58
991 75
992 83
993 83
994 49
995 67
996 83
997 83
998 58
999 75
