1 11.0
2 11.0
3 36.0
4 52.9
5 73.9
6 82.1
7 68.9
8 58.0
9 72.4
10 82.5
11 68.9
12 58.8
13 72.7
14 80.9
15 68.2
16 63.2
17 73.1
18 81.7
19 68.5
20 59.8
21 71.2
22 79.4
23 67.4
24 66.7
25 75.0
26 83.0
27 69.8
28 56.5
29 71.3
30 83.3
31 70.1
32 60.3
33 70.5
34 79.0
35 65.8
36 63.5
37 74.8
38 83.0
39 69.8
40 63.3
41 74.7
42 83.3
43 69.7
44 60.3
45 70.5
46 79.0
47 65.8
48 63.5
49 74.8
50 83.0
51 69.8
52 63.3
53 75.0
54 83.0
55 69.8
56 59.7
57 70.5
58 79.0
59 65.8
60 63.5
61 74.8
62 83.0
63 69.8
64 63.1
65 75.0
66 83.0
67 69.8
68 59.7
69 70.5
70 79.0
71 65.8
72 63.2
73 74.8
74 83.2
75 70.0
76 63.3
77 75.0
78 83.0
79 69.8
80 59.7
81 70.5
82 79.0
83 65.4
84 63.5
85 74.5
86 83.2
87 70.0
88 63.3
89 74.8
90 83.0
91 69.8
92 66.5
93 70.5
94 79.0
95 65.4
96 63.5
97 74.5
98 83.2
99 70.0
100 63.3
101 75.2
102 83.4
103 69.8
104 66.5
105 70.7
106 78.8
107 65.6
108 62.9
109 74.7
110 83.0
111 69.8
112 62.9
113 75.2
114 83.4
115 69.8
116 66.5
117 70.7
118 79.0
119 65.8
120 62.9
121 74.7
122 83.3
123 70.1
124 62.6
125 75.2
126 83.6
127 70.0
128 66.7
129 70.7
130 79.0
131 65.8
132 62.9
133 74.7
134 83.3
135 69.7
136 63.3
137 74.5
138 83.2
139 70.0
140 62.5
141 75.4
142 78.8
143 65.6
144 63.0
145 75.5
146 83.5
147 69.9
148 63.4
149 74.6
150 83.3
151 70.1
152 63.4
153 75.8
154 79.2
155 65.6
156 63.0
157 75.5
158 83.5
159 69.9
160 63.4
161 74.8
162 83.1
163 69.9
164 62.7
165 76.1
166 79.5
167 65.9
168 63.0
169 75.5
170 83.5
171 69.9
172 63.4
173 74.8
174 83.4
175 70.2
176 63.0
177 76.1
178 79.5
179 65.9
180 63.6
181 75.1
182 83.1
183 69.9
184 63.4
185 74.8
186 83.4
187 69.8
188 63.4
189 75.7
190 79.1
191 65.9
192 60.2
193 74.9
194 83.1
195 73.1
196 63.4
197 75.1
198 83.1
199 69.9
200 63.4
201 75.7
202 79.1
203 65.9
204 60.2
205 74.9
206 83.1
207 73.1
208 63.4
209 75.1
210 83.1
211 69.9
212 63.4
213 75.7
214 79.1
215 65.9
216 59.9
217 74.9
218 83.1
219 73.1
220 63.2
221 75.1
222 83.1
223 69.9
224 63.4
225 75.7
226 79.1
227 65.9
228 60.2
229 74.6
230 83.3
231 73.3
232 63.4
233 75.1
234 83.1
235 69.9
236 63.4
237 75.7
238 79.1
239 65.9
240 60.2
241 74.6
242 83.3
243 73.3
244 63.4
245 74.9
246 83.1
247 68.0
248 63.4
249 75.9
250 78.9
251 65.3
252 60.2
253 74.8
254 83.1
255 73.1
256 63.4
257 75.3
258 83.5
259 68.0
260 63.4
261 75.9
262 78.9
263 65.7
264 59.8
265 74.8
266 83.4
267 73.8
268 62.7
269 75.3
270 83.5
271 68.0
272 63.2
273 75.9
274 79.1
275 65.9
276 59.8
277 74.8
278 83.4
279 73.8
280 63.4
281 74.6
282 83.3
283 68.2
284 63.4
285 75.7
286 79.1
287 65.9
288 59.8
289 74.8
290 83.4
291 73.8
292 63.4
293 74.6
294 83.3
295 68.2
296 66.1
297 75.4
298 78.8
299 63.2
300 59.8
301 80.3
302 83.5
303 73.1
304 63.4
305 74.8
306 83.1
307 68.0
308 66.1
309 76.1
310 79.5
311 63.2
312 59.8
313 80.3
314 83.5
315 73.1
316 63.4
317 74.8
318 83.4
319 68.7
320 65.7
321 76.1
322 79.5
323 63.2
324 60.0
325 79.9
326 83.1
327 72.2
328 63.4
329 74.8
330 83.4
331 68.7
332 65.8
333 75.7
334 79.1
335 63.2
336 60.2
337 79.7
338 83.1
339 73.1
340 63.4
341 74.8
342 83.4
343 68.7
344 65.8
345 75.7
346 79.1
347 63.2
348 60.2
349 79.7
350 83.1
351 63.2
352 63.4
353 79.9
354 83.1
355 68.3
356 65.8
357 79.1
358 79.1
359 63.2
360 60.2
361 79.7
362 83.1
363 63.2
364 63.4
365 79.9
366 83.1
367 68.3
368 65.8
369 79.1
370 79.1
371 63.5
372 59.9
373 79.7
374 83.3
375 63.4
376 63.2
377 79.9
378 83.1
379 68.3
380 65.8
381 79.1
382 79.1
383 63.5
384 60.2
385 79.7
386 83.3
387 63.4
388 63.4
389 79.7
390 83.1
391 68.3
392 65.8
393 79.1
394 79.1
395 63.1
396 60.2
397 79.7
398 83.3
399 63.4
400 63.4
401 80.1
402 83.5
403 68.0
404 65.8
405 78.9
406 65.7
407 63.3
408 71.4
409 79.9
410 83.1
411 63.3
412 63.0
413 80.1
414 83.5
415 68.0
416 65.8
417 79.1
418 65.9
419 63.5
420 71.4
421 80.2
422 83.4
423 63.6
424 62.7
425 80.1
426 83.7
427 68.2
428 65.6
429 79.1
430 65.9
431 63.5
432 71.4
433 80.2
434 83.4
435 63.6
436 63.4
437 79.7
438 83.3
439 68.2
440 66.1
441 78.8
442 65.6
443 63.5
444 72.1
445 80.3
446 83.5
447 63.2
448 63.4
449 79.7
450 83.3
451 64.8
452 66.1
453 79.2
454 65.6
455 63.2
456 72.1
457 80.3
458 69.9
459 63.2
460 68.2
461 79.9
462 83.1
463 65.5
464 65.7
465 79.5
466 65.9
467 63.2
468 72.1
469 80.3
470 69.9
471 63.2
472 68.2
473 80.2
474 83.4
475 65.5
476 65.4
477 79.5
478 65.9
479 63.2
480 71.5
481 79.9
482 69.9
483 63.2
484 68.2
485 80.2
486 83.4
487 65.5
488 65.8
489 79.1
490 65.9
491 63.2
492 71.7
493 79.7
494 69.9
495 63.2
496 68.5
497 79.9
498 83.1
499 65.1
500 65.8
501 79.1
502 65.9
503 68.4
504 71.7
505 83.1
506 69.9
507 63.2
508 68.5
509 79.9
510 69.9
511 64.9
512 67.4
513 79.1
514 65.0
515 68.7
516 71.7
517 83.1
518 69.9
519 63.2
520 68.5
521 79.9
522 69.9
523 64.9
524 67.4
525 79.1
526 65.9
527 68.7
528 71.4
529 83.3
530 70.1
531 63.4
532 68.3
533 79.9
534 69.9
535 64.9
536 67.4
537 79.1
538 65.5
539 68.7
540 71.4
541 83.3
542 70.1
543 63.4
544 68.5
545 79.7
546 69.9
547 64.6
548 67.6
549 78.9
550 65.7
551 68.7
552 71.4
553 83.1
554 69.9
555 56.3
556 72.1
557 83.5
558 69.9
559 59.8
560 67.6
561 78.9
562 65.7
563 68.1
564 71.4
565 83.4
566 70.2
567 57.0
568 72.1
569 83.5
570 69.9
571 60.0
572 67.6
573 79.1
574 65.9
575 68.1
576 71.4
577 83.4
578 70.2
579 57.0
580 71.4
581 83.3
582 70.1
583 60.0
584 67.4
585 79.1
586 65.9
587 68.1
588 71.4
589 83.4
590 69.8
591 57.0
592 71.4
593 83.3
594 70.1
595 60.0
596 67.7
597 78.8
598 65.6
599 67.8
600 72.1
601 83.5
602 69.9
603 56.6
604 71.4
605 83.1
606 69.9
607 60.0
608 71.3
609 79.5
610 65.9
611 63.0
612 75.5
613 83.5
614 69.9
615 56.6
616 71.4
617 83.4
618 70.2
619 60.1
620 71.3
621 79.5
622 65.9
623 63.6
624 75.1
625 83.1
626 69.9
627 56.6
628 71.4
629 83.4
630 70.2
631 60.4
632 70.6
633 79.1
634 65.9
635 63.6
636 74.9
637 83.1
638 69.9
639 56.6
640 71.4
641 83.4
642 69.8
643 60.4
644 70.6
645 79.1
646 65.9
647 63.6
648 74.9
649 83.1
650 69.9
651 56.6
652 71.7
653 83.1
654 69.9
655 59.8
656 70.6
657 79.1
658 65.9
659 63.6
660 74.9
661 83.1
662 69.9
663 63.2
664 75.1
665 83.1
666 69.9
667 59.8
668 70.6
669 79.1
670 65.9
671 63.3
672 74.9
673 83.3
674 70.1
675 63.4
676 75.1
677 83.1
678 69.9
679 59.8
680 70.6
681 79.1
682 65.5
683 63.6
684 74.6
685 83.3
686 70.1
687 63.4
688 74.9
689 83.1
690 69.9
691 59.8
692 70.6
693 79.1
694 65.9
695 63.6
696 74.6
697 83.3
698 70.1
699 63.4
700 75.3
701 83.5
702 69.9
703 59.8
704 70.8
705 78.9
706 65.7
707 63.0
708 74.8
709 83.1
710 69.9
711 63.0
712 75.3
713 83.5
714 69.9
715 66.6
716 70.8
717 79.1
718 65.9
719 63.0
720 74.8
721 83.4
722 70.2
723 62.7
724 75.3
725 83.7
726 70.1
727 66.8
728 70.8
729 79.1
730 65.9
731 63.0
732 74.8
733 83.4
734 69.8
735 63.4
736 74.6
737 83.3
738 70.1
739 66.8
740 70.9
741 78.8
742 65.6
743 63.0
744 75.5
745 83.5
746 69.9
747 63.4
748 74.6
749 83.3
750 70.1
751 66.8
752 71.3
753 79.2
754 65.6
755 63.0
756 75.5
757 83.5
758 69.9
759 63.4
760 74.8
761 83.1
762 69.9
763 62.7
764 76.1
765 79.5
766 65.9
767 63.0
768 75.5
769 83.5
770 69.9
771 63.4
772 74.8
773 83.4
774 70.2
775 63.0
776 76.1
777 79.5
778 65.9
779 63.6
780 75.1
781 83.1
782 69.9
783 63.4
784 74.8
785 83.4
786 69.8
787 63.4
788 75.7
789 79.1
790 65.9
791 63.6
792 74.9
793 83.1
794 69.9
795 63.4
796 75.1
797 83.1
798 69.9
799 63.4
800 75.7
801 79.1
802 65.9
803 63.6
804 74.9
805 83.1
806 69.9
807 63.4
808 75.1
809 83.1
810 69.9
811 63.4
812 75.7
813 79.1
814 65.9
815 59.9
816 74.9
817 83.1
818 73.1
819 63.2
820 75.1
821 83.1
822 69.9
823 63.4
824 75.7
825 79.1
826 65.9
827 60.2
828 74.6
829 83.3
830 73.3
831 63.4
832 75.1
833 83.1
834 69.9
835 63.4
836 75.7
837 79.1
838 65.9
839 60.2
840 74.6
841 83.3
842 73.3
843 63.4
844 74.9
845 83.1
846 69.9
847 63.4
848 75.9
849 78.9
850 65.3
851 60.2
852 74.8
853 83.1
854 73.1
855 63.4
856 75.3
857 83.5
858 69.9
859 63.4
860 75.9
861 78.9
862 65.7
863 59.8
864 74.8
865 83.4
866 73.8
867 62.7
868 75.3
869 83.5
870 68.0
871 63.2
872 75.9
873 79.1
874 65.9
875 59.8
876 74.8
877 83.4
878 73.8
879 63.4
880 74.6
881 83.3
882 68.2
883 63.4
884 75.7
885 79.1
886 65.9
887 59.8
888 74.8
889 82.5
890 73.8
891 63.4
892 74.6
893 83.3
894 68.2
895 63.4
896 75.4
897 78.8
898 65.6
899 59.8
900 75.5
901 83.5
902 73.1
903 63.4
904 74.8
905 83.1
906 68.0
907 63.4
908 76.1
909 79.5
910 65.9
911 59.8
912 75.5
913 83.5
914 73.1
915 63.4
916 74.8
917 83.4
918 68.7
919 65.7
920 76.1
921 79.5
922 63.2
923 60.0
924 79.9
925 83.1
926 73.1
927 63.4
928 74.8
929 83.4
930 68.7
931 65.8
932 75.7
933 79.1
934 63.2
935 60.2
936 79.7
937 83.1
938 73.1
939 63.4
940 74.8
941 83.4
942 68.7
943 65.8
944 75.7
945 79.1
946 63.2
947 60.2
948 79.7
949 83.1
950 73.1
951 63.4
952 75.1
953 83.1
954 68.3
955 65.8
956 75.7
957 79.1
958 63.2
959 60.2
960 79.7
961 83.1
962 73.1
963 63.4
964 75.1
965 83.1
966 68.3
967 65.8
968 75.7
969 79.1
970 63.5
971 59.9
972 79.7
973 83.3
974 63.4
975 63.2
976 79.9
977 83.1
978 68.3
979 65.8
980 79.1
981 79.1
982 63.5
983 60.2
984 79.7
985 83.3
986 63.4
987 63.4
988 79.7
989 83.1
990 68.3
991 65.8
992 79.1
993 79.1
994 63.1
995 60.2
996 79.7
997 83.3
998 63.4
999 63.4
