1 0.2
2 0.0
3 0.0
4 0.7
5 0.3
6 0.1
7 0.1
8 0.6
9 0.5
10 0.0
11 0.0
12 0.7
13 0.2
14 0.1
15 0.1
16 0.6
17 0.5
18 0.0
19 0.0
20 0.5
21 0.4
22 0.2
23 0.0
24 0.6
25 0.2
26 0.1
27 0.0
28 0.6
29 0.4
30 0.1
31 0.0
32 0.5
33 0.3
34 0.1
35 0.0
36 0.6
37 0.2
38 0.1
39 0.0
40 0.6
41 0.2
42 0.1
43 0.0
44 0.6
45 0.3
46 0.2
47 0.0
48 0.6
49 0.2
50 0.1
51 0.0
52 0.6
53 0.2
54 0.1
55 0.0
56 0.6
57 0.2
58 0.1
59 0.0
60 0.6
61 0.2
62 0.1
63 0.0
64 0.6
65 0.2
66 0.1
67 0.0
68 0.6
69 0.2
70 0.1
71 0.0
72 0.6
73 0.2
74 0.1
75 0.0
76 0.6
77 0.3
78 0.2
79 0.0
80 0.6
81 0.2
82 0.1
83 0.0
84 0.6
85 0.2
86 0.1
87 0.0
88 0.6
89 0.2
90 0.1
91 0.0
92 0.6
93 0.2
94 0.1
95 0.0
96 0.6
97 0.2
98 0.1
99 0.0
100 0.6
101 0.2
102 0.1
103 0.0
104 0.6
105 0.2
106 0.1
107 0.0
108 0.6
109 0.2
110 0.1
111 0.0
112 0.6
113 0.2
114 0.1
115 0.0
116 0.6
117 0.2
118 0.1
119 0.0
120 0.6
121 0.2
122 0.1
123 0.0
124 0.6
125 0.2
126 0.1
127 0.0
128 0.6
129 0.2
130 0.1
131 0.0
132 0.6
133 0.2
134 0.1
135 0.0
136 0.6
137 0.2
138 0.1
139 0.0
140 0.8
141 0.3
142 0.1
143 0.2
144 0.8
145 0.0
146 0.1
147 0.2
148 0.6
149 0.3
150 0.0
151 0.0
152 0.6
153 0.2
154 0.1
155 0.1
156 0.8
157 0.0
158 0.1
159 0.0
160 0.6
161 0.3
162 0.0
163 0.0
164 0.6
165 0.2
166 0.1
167 0.0
168 0.8
169 0.0
170 0.1
171 0.0
172 0.8
173 0.3
174 0.0
175 0.0
176 0.6
177 0.2
178 0.1
179 0.0
180 0.8
181 0.0
182 0.1
183 0.0
184 0.6
185 0.3
186 0.0
187 0.0
188 0.6
189 0.2
190 0.1
191 0.0
192 0.8
193 0.0
194 0.1
195 0.5
196 0.3
197 0.1
198 0.0
199 0.0
200 0.6
201 0.3
202 0.0
203 0.0
204 1.0
205 0.0
206 0.1
207 0.5
208 0.3
209 0.1
210 0.0
211 0.0
212 0.6
213 0.3
214 0.0
215 0.0
216 0.8
217 0.0
218 0.1
219 0.5
220 0.3
221 0.1
222 0.0
223 0.0
224 0.6
225 0.3
226 0.0
227 0.0
228 0.8
229 0.0
230 0.1
231 0.5
232 0.3
233 0.1
234 0.0
235 0.0
236 0.6
237 0.3
238 0.0
239 0.0
240 0.8
241 0.0
242 0.1
243 0.5
244 0.3
245 0.1
246 0.0
247 0.5
248 0.3
249 0.1
250 0.0
251 0.0
252 0.8
253 0.1
254 0.0
255 0.5
256 0.3
257 0.1
258 0.0
259 0.5
260 0.3
261 0.1
262 0.0
263 0.0
264 0.8
265 0.3
266 0.0
267 0.5
268 0.3
269 0.1
270 0.0
271 0.5
272 0.3
273 0.1
274 0.0
275 0.0
276 0.8
277 0.1
278 0.0
279 0.5
280 0.3
281 0.1
282 0.0
283 0.5
284 0.3
285 0.1
286 0.0
287 0.0
288 0.8
289 0.1
290 0.0
291 0.5
292 0.3
293 0.1
294 0.0
295 0.5
296 0.3
297 0.1
298 0.0
299 0.5
300 0.3
301 0.1
302 0.0
303 0.5
304 0.3
305 0.1
306 0.0
307 0.5
308 0.3
309 0.1
310 0.0
311 0.5
312 0.3
313 0.1
314 0.0
315 0.5
316 0.3
317 0.1
318 0.0
319 0.5
320 0.3
321 0.1
322 0.0
323 0.5
324 0.3
325 0.1
326 0.0
327 0.7
328 0.4
329 0.1
330 0.2
331 0.5
332 0.3
333 0.1
334 0.2
335 0.5
336 0.3
337 0.1
338 0.0
339 0.5
340 0.3
341 0.1
342 0.1
343 0.5
344 0.3
345 0.1
346 0.0
347 0.5
348 0.3
349 0.1
350 0.0
351 0.5
352 0.3
353 0.1
354 0.0
355 0.5
356 0.3
357 0.1
358 0.0
359 0.7
360 0.3
361 0.1
362 0.0
363 0.5
364 0.3
365 0.1
366 0.0
367 0.5
368 0.3
369 0.1
370 0.0
371 0.5
372 0.3
373 0.1
374 0.0
375 0.5
376 0.3
377 0.1
378 0.0
379 0.5
380 0.3
381 0.1
382 0.0
383 0.5
384 0.3
385 0.1
386 0.0
387 0.5
388 0.3
389 0.1
390 0.0
391 0.7
392 0.3
393 0.1
394 0.0
395 0.5
396 0.3
397 0.1
398 0.0
399 0.5
400 0.3
401 0.1
402 0.0
403 0.5
404 0.3
405 0.1
406 0.0
407 0.5
408 0.3
409 0.1
410 0.0
411 0.5
412 0.3
413 0.1
414 0.0
415 0.5
416 0.3
417 0.1
418 0.0
419 0.5
420 0.3
421 0.1
422 0.0
423 0.5
424 0.3
425 0.1
426 0.0
427 0.5
428 0.3
429 0.1
430 0.0
431 0.5
432 0.3
433 0.1
434 0.0
435 0.5
436 0.3
437 0.1
438 0.0
439 0.5
440 0.3
441 0.1
442 0.0
443 0.5
444 0.3
445 0.1
446 0.0
447 0.5
448 0.3
449 0.1
450 0.0
451 0.5
452 0.5
453 0.1
454 0.0
455 0.5
456 0.3
457 0.1
458 0.0
459 0.5
460 0.3
461 0.1
462 0.0
463 0.5
464 0.3
465 0.1
466 0.0
467 0.5
468 0.3
469 0.1
470 0.0
471 0.5
472 0.3
473 0.1
474 0.0
475 0.5
476 0.3
477 0.1
478 0.0
479 0.5
480 0.3
481 0.1
482 0.0
483 0.5
484 0.3
485 0.1
486 0.0
487 0.5
488 0.3
489 0.1
490 0.0
491 0.5
492 0.3
493 0.1
494 0.0
495 0.5
496 0.3
497 0.1
498 0.0
499 0.5
500 0.3
501 0.1
502 0.0
503 0.5
504 0.3
505 0.1
506 0.0
507 0.5
508 0.3
509 0.1
510 0.0
511 0.5
512 0.3
513 0.1
514 0.2
515 0.6
516 0.3
517 0.3
518 0.0
519 0.5
520 0.3
521 0.1
522 0.2
523 0.5
524 0.3
525 0.1
526 0.0
527 0.5
528 0.3
529 0.1
530 0.1
531 0.5
532 0.3
533 0.1
534 0.0
535 0.5
536 0.3
537 0.1
538 0.0
539 0.5
540 0.3
541 0.1
542 0.0
543 0.5
544 0.3
545 0.1
546 0.2
547 0.5
548 0.3
549 0.1
550 0.0
551 0.5
552 0.3
553 0.1
554 0.0
555 0.5
556 0.3
557 0.1
558 0.0
559 0.5
560 0.3
561 0.1
562 0.0
563 0.6
564 0.2
565 0.1
566 0.0
567 0.5
568 0.3
569 0.1
570 0.0
571 0.5
572 0.3
573 0.1
574 0.0
575 0.6
576 0.2
577 0.1
578 0.0
579 0.7
580 0.3
581 0.1
582 0.0
583 0.5
584 0.3
585 0.1
586 0.0
587 0.6
588 0.2
589 0.1
590 0.0
591 0.5
592 0.3
593 0.1
594 0.0
595 0.5
596 0.3
597 0.1
598 0.0
599 0.6
600 0.2
601 0.1
602 0.0
603 0.5
604 0.3
605 0.1
606 0.0
607 0.5
608 0.3
609 0.1
610 0.0
611 0.6
612 0.2
613 0.1
614 0.0
615 0.6
616 0.2
617 0.1
618 0.0
619 0.5
620 0.3
621 0.1
622 0.0
623 0.6
624 0.2
625 0.1
626 0.0
627 0.6
628 0.2
629 0.1
630 0.0
631 0.5
632 0.3
633 0.1
634 0.0
635 0.6
636 0.2
637 0.1
638 0.0
639 0.8
640 0.2
641 0.1
642 0.0
643 0.5
644 0.3
645 0.1
646 0.0
647 0.6
648 0.2
649 0.1
650 0.0
651 0.6
652 0.2
653 0.1
654 0.0
655 0.5
656 0.3
657 0.1
658 0.0
659 0.6
660 0.2
661 0.1
662 0.0
663 0.6
664 0.2
665 0.1
666 0.0
667 0.6
668 0.2
669 0.1
670 0.0
671 0.6
672 0.2
673 0.1
674 0.0
675 0.6
676 0.2
677 0.1
678 0.0
679 0.6
680 0.2
681 0.1
682 0.0
683 0.6
684 0.2
685 0.1
686 0.0
687 0.6
688 0.2
689 0.1
690 0.0
691 0.6
692 0.2
693 0.1
694 0.0
695 0.6
696 0.2
697 0.1
698 0.0
699 0.6
700 0.2
701 0.3
702 0.1
703 0.6
704 0.4
705 0.1
706 0.0
707 0.6
708 0.2
709 0.3
710 0.0
711 0.6
712 0.2
713 0.1
714 0.0
715 0.6
716 0.2
717 0.2
718 0.0
719 0.6
720 0.2
721 0.1
722 0.0
723 0.6
724 0.2
725 0.1
726 0.0
727 0.6
728 0.2
729 0.1
730 0.0
731 0.6
732 0.2
733 0.3
734 0.0
735 0.6
736 0.2
737 0.1
738 0.0
739 0.6
740 0.2
741 0.1
742 0.0
743 0.6
744 0.2
745 0.1
746 0.0
747 0.6
748 0.2
749 0.1
750 0.0
751 0.6
752 0.2
753 0.1
754 0.0
755 0.6
756 0.2
757 0.1
758 0.0
759 0.6
760 0.2
761 0.1
762 0.0
763 0.6
764 0.2
765 0.1
766 0.2
767 0.8
768 0.0
769 0.1
770 0.0
771 0.6
772 0.3
773 0.0
774 0.0
775 0.6
776 0.2
777 0.1
778 0.0
779 0.8
780 0.0
781 0.1
782 0.0
783 0.6
784 0.3
785 0.0
786 0.0
787 0.6
788 0.2
789 0.1
790 0.0
791 0.8
792 0.0
793 0.1
794 0.0
795 0.6
796 0.3
797 0.0
798 0.0
799 0.6
800 0.2
801 0.1
802 0.0
803 0.8
804 0.0
805 0.1
806 0.0
807 0.6
808 0.3
809 0.0
810 0.0
811 0.6
812 0.2
813 0.1
814 0.0
815 0.8
816 0.0
817 0.1
818 0.5
819 0.3
820 0.1
821 0.0
822 0.0
823 0.6
824 0.3
825 0.0
826 0.2
827 0.8
828 0.0
829 0.1
830 0.5
831 0.3
832 0.1
833 0.0
834 0.0
835 0.6
836 0.3
837 0.0
838 0.0
839 0.8
840 0.0
841 0.1
842 0.5
843 0.3
844 0.1
845 0.0
846 0.0
847 0.6
848 0.3
849 0.0
850 0.0
851 0.8
852 0.0
853 0.1
854 0.5
855 0.3
856 0.1
857 0.0
858 0.0
859 0.6
860 0.3
861 0.0
862 0.0
863 0.8
864 0.0
865 0.1
866 0.5
867 0.3
868 0.1
869 0.0
870 0.5
871 0.3
872 0.1
873 0.0
874 0.0
875 0.8
876 0.1
877 0.0
878 0.5
879 0.3
880 0.1
881 0.0
882 0.5
883 0.3
884 0.1
885 0.0
886 0.0
887 0.8
888 0.3
889 0.1
890 0.5
891 0.5
892 0.1
893 0.0
894 0.5
895 0.3
896 0.3
897 0.0
898 0.0
899 0.8
900 0.1
901 0.0
902 0.5
903 0.3
904 0.2
905 0.0
906 0.5
907 0.3
908 0.1
909 0.0
910 0.0
911 0.8
912 0.1
913 0.0
914 0.5
915 0.3
916 0.1
917 0.0
918 0.5
919 0.3
920 0.3
921 0.0
922 0.5
923 0.3
924 0.1
925 0.0
926 0.5
927 0.3
928 0.1
929 0.0
930 0.5
931 0.3
932 0.1
933 0.0
934 0.5
935 0.3
936 0.1
937 0.0
938 0.5
939 0.3
940 0.1
941 0.0
942 0.5
943 0.3
944 0.1
945 0.0
946 0.5
947 0.3
948 0.1
949 0.0
950 0.5
951 0.3
952 0.1
953 0.2
954 0.5
955 0.3
956 0.1
957 0.0
958 0.5
959 0.3
960 0.1
961 0.0
962 0.5
963 0.3
964 0.1
965 0.0
966 0.5
967 0.3
968 0.1
969 0.0
970 0.5
971 0.3
972 0.1
973 0.0
974 0.5
975 0.3
976 0.1
977 0.0
978 0.5
979 0.3
980 0.1
981 0.0
982 0.5
983 0.3
984 0.1
985 0.0
986 0.5
987 0.3
988 0.1
989 0.0
990 0.5
991 0.3
992 0.1
993 0.0
994 0.5
995 0.3
996 0.1
997 0.0
998 0.5
999 0.3
1000 0.0
