1 0.6
2 0.0
3 0.0
4 0.6
5 0.3
6 0.0
7 0.4
8 0.3
9 0.3
10 0.0
11 0.0
12 0.4
13 0.5
14 0.0
15 0.5
16 0.0
17 0.5
18 0.0
19 0.4
20 0.0
21 0.6
22 0.0
23 0.0
24 0.4
25 0.5
26 0.0
27 0.4
28 0.1
29 0.5
30 0.0
31 0.4
32 0.0
33 0.5
34 0.1
35 0.0
36 0.4
37 0.5
38 0.0
39 0.4
40 0.1
41 0.5
42 0.0
43 0.4
44 0.0
45 0.5
46 0.1
47 0.1
48 0.3
49 0.5
50 0.0
51 0.4
52 0.0
53 0.6
54 0.0
55 0.4
56 0.0
57 0.5
58 0.0
59 0.5
60 0.0
61 0.5
62 0.0
63 0.4
64 0.0
65 0.6
66 0.0
67 0.4
68 0.0
69 0.5
70 0.0
71 0.4
72 0.1
73 0.5
74 0.0
75 0.4
76 0.0
77 0.5
78 0.1
79 0.4
80 0.0
81 0.5
82 0.0
83 0.4
84 0.1
85 0.5
86 0.0
87 0.4
88 0.0
89 0.5
90 0.1
91 0.4
92 0.0
93 0.5
94 0.0
95 0.4
96 0.0
97 0.6
98 0.0
99 0.4
100 0.0
101 0.5
102 0.0
103 0.5
104 0.0
105 0.5
106 0.0
107 0.4
108 0.0
109 0.6
110 0.0
111 0.4
112 0.0
113 0.5
114 0.0
115 0.5
116 0.0
117 0.5
118 0.0
119 0.4
120 0.0
121 0.5
122 0.1
123 0.4
124 0.0
125 0.5
126 0.0
127 0.4
128 0.1
129 0.5
130 0.0
131 0.4
132 0.0
133 0.5
134 0.1
135 0.4
136 0.0
137 0.5
138 0.0
139 0.4
140 0.1
141 0.5
142 0.0
143 0.4
144 0.0
145 0.5
146 0.0
147 0.5
148 0.0
149 0.5
150 0.0
151 0.4
152 0.1
153 0.5
154 0.0
155 0.4
156 0.0
157 0.5
158 0.0
159 0.5
160 0.0
161 0.5
162 0.0
163 0.4
164 0.0
165 0.6
166 0.0
167 0.4
168 0.0
169 0.5
170 0.0
171 0.5
172 0.0
173 0.5
174 0.0
175 0.4
176 0.0
177 0.6
178 0.0
179 0.4
180 0.0
181 0.5
182 0.0
183 0.4
184 0.1
185 0.5
186 0.0
187 0.4
188 0.0
189 0.5
190 0.1
191 0.4
192 0.0
193 0.5
194 0.0
195 0.4
196 0.1
197 0.5
198 0.0
199 0.4
200 0.0
201 0.5
202 0.1
203 0.4
204 0.0
205 0.5
206 0.0
207 0.4
208 0.0
209 0.6
210 0.0
211 0.4
212 0.0
213 0.5
214 0.0
215 0.5
216 0.1
217 0.4
218 0.0
219 0.4
220 0.0
221 0.6
222 0.0
223 0.4
224 0.0
225 0.5
226 0.0
227 0.4
228 0.4
229 0.2
230 0.0
231 0.4
232 0.0
233 0.5
234 0.1
235 0.4
236 0.0
237 0.5
238 0.0
239 0.4
240 0.4
241 0.2
242 0.0
243 0.4
244 0.0
245 0.5
246 0.1
247 0.4
248 0.0
249 0.5
250 0.0
251 0.4
252 0.4
253 0.2
254 0.0
255 0.4
256 0.0
257 0.5
258 0.0
259 0.5
260 0.0
261 0.5
262 0.0
263 0.4
264 0.3
265 0.2
266 0.1
267 0.4
268 0.1
269 0.4
270 0.0
271 0.5
272 0.0
273 0.5
274 0.0
275 0.4
276 0.3
277 0.2
278 0.1
279 0.4
280 0.3
281 0.2
282 0.0
283 0.4
284 0.1
285 0.5
286 0.0
287 0.4
288 0.3
289 0.2
290 0.0
291 0.5
292 0.3
293 0.2
294 0.0
295 0.4
296 0.0
297 0.6
298 0.0
299 0.4
300 0.3
301 0.2
302 0.0
303 0.5
304 0.3
305 0.2
306 0.0
307 0.4
308 0.0
309 0.6
310 0.0
311 0.4
312 0.3
313 0.2
314 0.0
315 0.5
316 0.3
317 0.2
318 0.0
319 0.4
320 0.1
321 0.4
322 0.1
323 0.4
324 0.3
325 0.2
326 0.0
327 0.4
328 0.3
329 0.3
330 0.0
331 0.4
332 0.3
333 0.2
334 0.0
335 0.5
336 0.3
337 0.2
338 0.0
339 0.4
340 0.3
341 0.3
342 0.0
343 0.4
344 0.3
345 0.2
346 0.0
347 0.4
348 0.4
349 0.2
350 0.0
351 0.4
352 0.3
353 0.2
354 0.1
355 0.4
356 0.3
357 0.2
358 0.0
359 0.4
360 0.4
361 0.2
362 0.0
363 0.4
364 0.3
365 0.2
366 0.1
367 0.4
368 0.3
369 0.2
370 0.0
371 0.4
372 0.3
373 0.3
374 0.0
375 0.4
376 0.3
377 0.2
378 0.0
379 0.5
380 0.3
381 0.2
382 0.0
383 0.4
384 0.3
385 0.3
386 0.0
387 0.4
388 0.3
389 0.2
390 0.0
391 0.5
392 0.3
393 0.2
394 0.0
395 0.4
396 0.3
397 0.2
398 0.1
399 0.4
400 0.3
401 0.2
402 0.0
403 0.4
404 0.4
405 0.2
406 0.0
407 0.4
408 0.3
409 0.2
410 0.1
411 0.4
412 0.3
413 0.2
414 0.0
415 0.4
416 0.4
417 0.2
418 0.0
419 0.4
420 0.3
421 0.2
422 0.0
423 0.5
424 0.3
425 0.2
426 0.0
427 0.4
428 0.3
429 0.3
430 0.0
431 0.4
432 0.5
433 0.0
434 0.1
435 0.4
436 0.3
437 0.2
438 0.0
439 0.4
440 0.3
441 0.3
442 0.0
443 0.4
444 0.5
445 0.0
446 0.0
447 0.5
448 0.3
449 0.2
450 0.0
451 0.4
452 0.3
453 0.3
454 0.0
455 0.4
456 0.5
457 0.0
458 0.0
459 0.5
460 0.3
461 0.2
462 0.0
463 0.4
464 0.3
465 0.2
466 0.1
467 0.4
468 0.5
469 0.0
470 0.0
471 0.4
472 0.4
473 0.2
474 0.0
475 0.4
476 0.3
477 0.2
478 0.1
479 0.4
480 0.5
481 0.0
482 0.0
483 0.4
484 0.6
485 0.0
486 0.0
487 0.4
488 0.3
489 0.2
490 0.0
491 0.5
492 0.5
493 0.0
494 0.0
495 0.4
496 0.5
497 0.1
498 0.0
499 0.4
500 0.3
501 0.2
502 0.0
503 0.5
504 0.5
505 0.0
506 0.0
507 0.4
508 0.5
509 0.1
510 0.0
511 0.4
512 0.3
513 0.2
514 0.0
515 0.4
516 0.6
517 0.0
518 0.0
519 0.4
520 0.5
521 0.0
522 0.1
523 0.4
524 0.3
525 0.2
526 0.0
527 0.4
528 0.6
529 0.0
530 0.0
531 0.4
532 0.5
533 0.0
534 0.1
535 0.4
536 0.5
537 0.0
538 0.0
539 0.4
540 0.5
541 0.1
542 0.0
543 0.4
544 0.5
545 0.0
546 0.0
547 0.5
548 0.5
549 0.0
550 0.0
551 0.4
552 0.5
553 0.1
554 0.0
555 0.4
556 0.5
557 0.0
558 0.0
559 0.4
560 0.6
561 0.0
562 0.0
563 0.4
564 0.5
565 0.0
566 0.2
567 0.3
568 0.5
569 0.0
570 0.0
571 0.4
572 0.6
573 0.0
574 0.0
575 0.4
576 0.5
577 0.0
578 0.4
579 0.1
580 0.5
581 0.0
582 0.0
583 0.4
584 0.5
585 0.1
586 0.0
587 0.4
588 0.5
589 0.0
590 0.4
591 0.0
592 0.6
593 0.0
594 0.0
595 0.4
596 0.5
597 0.1
598 0.0
599 0.4
600 0.5
601 0.0
602 0.4
603 0.1
604 0.5
605 0.0
606 0.0
607 0.4
608 0.5
609 0.0
610 0.1
611 0.4
612 0.5
613 0.0
614 0.4
615 0.0
616 0.6
617 0.0
618 0.1
619 0.3
620 0.5
621 0.0
622 0.1
623 0.4
624 0.5
625 0.0
626 0.4
627 0.0
628 0.6
629 0.0
630 0.4
631 0.0
632 0.5
633 0.0
634 0.0
635 0.5
636 0.5
637 0.0
638 0.4
639 0.0
640 0.5
641 0.1
642 0.4
643 0.0
644 0.5
645 0.0
646 0.0
647 0.5
648 0.5
649 0.0
650 0.4
651 0.0
652 0.5
653 0.1
654 0.4
655 0.0
656 0.5
657 0.0
658 0.0
659 0.5
660 0.5
661 0.0
662 0.4
663 0.0
664 0.5
665 0.0
666 0.5
667 0.0
668 0.5
669 0.0
670 0.1
671 0.3
672 0.6
673 0.0
674 0.4
675 0.0
676 0.5
677 0.0
678 0.4
679 0.1
680 0.5
681 0.0
682 0.4
683 0.0
684 0.5
685 0.2
686 0.4
687 0.0
688 0.5
689 0.0
690 0.4
691 0.0
692 0.6
693 0.0
694 0.4
695 0.0
696 0.5
697 0.0
698 0.5
699 0.0
700 0.5
701 0.0
702 0.4
703 0.0
704 0.6
705 0.0
706 0.4
707 0.0
708 0.5
709 0.0
710 0.4
711 0.1
712 0.5
713 0.0
714 0.4
715 0.0
716 0.5
717 0.1
718 0.4
719 0.0
720 0.5
721 0.0
722 0.4
723 0.1
724 0.5
725 0.0
726 0.4
727 0.0
728 0.5
729 0.1
730 0.4
731 0.0
732 0.5
733 0.0
734 0.4
735 0.1
736 0.5
737 0.0
738 0.4
739 0.0
740 0.5
741 0.1
742 0.4
743 0.0
744 0.5
745 0.0
746 0.4
747 0.1
748 0.5
749 0.0
750 0.4
751 0.0
752 0.5
753 0.0
754 0.5
755 0.0
756 0.5
757 0.0
758 0.4
759 0.0
760 0.6
761 0.0
762 0.4
763 0.0
764 0.5
765 0.0
766 0.5
767 0.0
768 0.5
769 0.0
770 0.4
771 0.0
772 0.6
773 0.0
774 0.4
775 0.0
776 0.5
777 0.0
778 0.5
779 0.0
780 0.5
781 0.0
782 0.4
783 0.0
784 0.5
785 0.1
786 0.4
787 0.0
788 0.5
789 0.0
790 0.4
791 0.1
792 0.5
793 0.0
794 0.4
795 0.0
796 0.5
797 0.1
798 0.4
799 0.0
800 0.5
801 0.0
802 0.4
803 0.0
804 0.6
805 0.0
806 0.4
807 0.0
808 0.5
809 0.0
810 0.5
811 0.0
812 0.5
813 0.0
814 0.4
815 0.0
816 0.6
817 0.0
818 0.4
819 0.0
820 0.5
821 0.0
822 0.5
823 0.0
824 0.5
825 0.0
826 0.4
827 0.0
828 0.6
829 0.0
830 0.4
831 0.0
832 0.5
833 0.0
834 0.4
835 0.1
836 0.5
837 0.0
838 0.4
839 0.0
840 0.5
841 0.1
842 0.4
843 0.0
844 0.5
845 0.0
846 0.4
847 0.1
848 0.5
849 0.0
850 0.4
851 0.3
852 0.2
853 0.1
854 0.4
855 0.0
856 0.5
857 0.0
858 0.4
859 0.0
860 0.6
861 0.0
862 0.4
863 0.3
864 0.2
865 0.0
866 0.4
867 0.1
868 0.5
869 0.0
870 0.4
871 0.0
872 0.5
873 0.2
874 0.4
875 0.3
876 0.2
877 0.0
878 0.4
879 0.1
880 0.5
881 0.0
882 0.4
883 0.0
884 0.5
885 0.0
886 0.5
887 0.3
888 0.2
889 0.0
890 0.4
891 0.0
892 0.6
893 0.0
894 0.4
895 0.0
896 0.5
897 0.0
898 0.5
899 0.3
900 0.2
901 0.0
902 0.4
903 0.3
904 0.2
905 0.1
906 0.4
907 0.0
908 0.5
909 0.0
910 0.4
911 0.4
912 0.2
913 0.0
914 0.4
915 0.3
916 0.2
917 0.1
918 0.4
919 0.0
920 0.5
921 0.0
922 0.5
923 0.3
924 0.2
925 0.0
926 0.4
927 0.3
928 0.2
929 0.1
930 0.4
931 0.0
932 0.5
933 0.0
934 0.4
935 0.4
936 0.2
937 0.0
938 0.4
939 0.3
940 0.2
941 0.1
942 0.4
943 0.0
944 0.5
945 0.0
946 0.4
947 0.4
948 0.2
949 0.0
950 0.4
951 0.3
952 0.2
953 0.0
954 0.5
955 0.3
956 0.2
957 0.0
958 0.4
959 0.3
960 0.3
961 0.0
962 0.4
963 0.3
964 0.2
965 0.0
966 0.5
967 0.3
968 0.2
969 0.0
970 0.4
971 0.3
972 0.3
973 0.0
974 0.4
975 0.3
976 0.2
977 0.0
978 0.4
979 0.4
980 0.2
981 0.0
982 0.4
983 0.3
984 0.2
985 0.1
986 0.4
987 0.3
988 0.2
989 0.0
990 0.4
991 0.4
992 0.2
993 0.0
994 0.4
995 0.3
996 0.2
997 0.1
998 0.4
999 0.3
1000 0.0
