0 1
1 6
2 11
3 5.5
4 6.35584
5 7.5211
6 8.52604
7 9.63412
8 10.7202
9 11.7906
10 12.771
11 6.46358
12 7.74341
13 9.17229
14 10.3077
15 11.3289
16 12.3462
17 6.45123
18 7.05041
19 8.59699
20 9.90204
21 11.0526
22 12.0934
23 12.8963
24 6.60325
25 8.23565
26 9.59058
27 10.7748
28 11.8402
29 12.8168
30 6.44741
31 7.85934
32 9.27013
33 10.4909
34 11.5827
35 12.5794
36 6.44722
37 7.46423
38 8.93848
39 10.1995
40 11.3196
41 12.3378
42 6.44718
43 7.0467
44 8.59396
45 9.89942
46 11.0503
47 12.0913
48 12.8943
49 6.60227
50 8.23487
51 9.58991
52 10.7742
53 11.8397
54 12.8163
55 6.44716
56 7.85913
57 9.26996
58 10.5861
59 11.6689
60 12.6588
61 6.44716
62 7.59815
63 9.05031
64 10.1994
65 11.2305
66 12.2561
67 6.44716
68 6.9018
69 8.47597
70 9.79734
71 10.959
72 12.008
73 12.8943
74 6.44716
75 8.11158
76 9.48447
77 10.6806
78 11.7546
79 12.7378
80 6.44716
81 7.72976
82 9.1608
83 10.2975
84 11.3196
85 12.3377
86 6.44716
87 7.04669
88 8.59395
89 9.89941
90 11.0503
91 12.0913
92 12.8943
93 6.60227
94 8.23487
95 9.58991
96 10.7742
97 11.8397
98 12.8163
99 6.44716
100 7.85913
101 9.26996
102 10.4908
103 11.5826
104 12.5793
105 6.44716
106 7.46418
107 8.93843
108 10.1994
109 11.3196
110 12.4188
111 6.44716
112 7.1886
113 8.71031
114 10.0004
115 11.1408
116 12.174
117 6.44716
118 6.75373
119 8.3563
120 9.69418
121 10.867
122 11.9241
123 12.8943
124 6.44716
125 7.98637
126 9.37784
127 10.5861
128 11.6689
129 12.6588
130 6.44716
131 7.59815
132 9.05031
133 10.2975
134 11.4079
135 12.4188
136 6.44716
137 7.1886
138 8.71031
139 10.0004
140 11.1408
141 12.174
142 6.44716
143 6.75373
144 8.23487
145 9.37784
146 10.3946
147 11.4079
148 12.4188
149 6.44716
150 7.1886
151 8.71031
152 9.89941
153 10.959
154 12.008
155 12.8943
156 6.44716
157 8.11158
158 9.48447
159 10.6806
160 11.7546
161 12.7378
162 6.44716
163 7.85913
164 9.26996
165 10.4908
166 11.5826
167 12.5793
168 6.44716
169 7.46418
170 8.93843
171 10.1994
172 11.3196
173 12.3377
174 6.44716
175 7.04669
176 8.59395
177 9.79734
178 10.867
179 11.9241
180 12.8943
181 6.44716
182 7.98637
183 9.37784
184 10.5861
185 11.6689
186 12.6588
187 6.44716
188 7.59815
189 9.05031
190 10.2975
191 11.4079
192 12.4188
193 6.44716
194 7.1886
195 8.71031
196 10.0004
197 11.1408
198 12.174
199 6.44716
200 6.75373
201 8.3563
202 9.69418
203 10.867
204 11.9241
205 12.8943
206 6.44716
207 7.98637
208 9.37784
209 10.5861
210 11.6689
211 5.96207
212 7.19279
213 8.71376
214 10.1034
215 11.2332
216 12.2586
217 6.44832
218 6.90288
219 8.47685
220 9.7981
221 10.9597
222 12.0086
223 12.8949
224 6.44745
225 8.11181
226 9.48467
227 10.6807
228 11.7548
229 12.7379
230 6.44723
231 7.72982
232 9.16085
233 10.3946
234 11.4956
235 12.4993
236 6.44718
237 7.32772
238 8.82513
239 10.1004
240 11.2305
241 12.2561
242 6.44717
243 6.9018
244 8.47597
245 9.79734
246 10.959
247 12.008
248 12.8943
249 6.44716
250 8.11159
251 9.48447
252 10.6806
253 11.7546
254 12.7378
255 6.44716
256 7.72976
257 9.1608
258 10.3946
259 11.4956
260 12.4993
261 6.44716
262 7.32771
263 8.82512
264 10.1004
265 11.2305
266 12.3377
267 6.44716
268 7.04669
269 8.59395
270 9.89941
271 10.959
272 12.008
273 12.8943
274 6.44716
275 8.11158
276 9.48447
277 10.6806
278 11.7546
279 12.7378
280 6.44716
281 7.72976
282 9.1608
283 10.3946
284 11.4956
285 12.4993
286 6.44716
287 7.32771
288 8.82512
289 10.1004
290 11.2305
291 12.2561
292 6.44716
293 6.9018
294 8.47597
295 9.79734
296 10.959
297 12.008
298 12.8943
299 6.44716
300 8.11158
301 9.48447
302 10.6806
303 11.7546
304 12.7378
305 6.44716
306 7.72976
307 9.1608
308 10.3946
309 11.4956
310 12.4993
311 6.44716
312 7.32771
313 8.82512
314 10.1004
315 11.2305
316 12.2561
317 6.44716
318 7.04669
319 8.59395
320 9.89941
321 11.0503
322 12.0913
323 12.8943
324 6.60227
325 8.23487
326 9.58991
327 10.7742
328 11.8397
329 12.8163
330 6.44716
331 7.85913
332 9.1608
333 10.1994
334 11.2305
335 12.2561
336 6.44716
337 6.9018
338 8.47597
339 9.79734
340 10.959
341 11.9241
342 5.96207
343 7.73365
344 9.16408
345 10.3975
346 11.4982
347 12.5017
348 6.44832
349 7.32873
350 8.82596
351 10.1012
352 11.1414
353 12.1746
354 6.44745
355 6.75401
356 8.35652
357 9.69437
358 10.8672
359 11.9243
360 12.8945
361 6.44723
362 7.98643
363 9.37789
364 10.5861
365 11.6689
366 12.6588
367 6.44718
368 7.59816
369 9.05032
370 10.3946
371 11.4956
372 12.4993
373 6.44717
374 7.32771
375 8.82512
376 10.1004
377 11.2305
378 12.2561
379 6.44716
380 6.9018
381 8.47597
382 9.79734
383 10.959
384 12.008
385 12.8943
386 6.44716
387 8.11159
388 9.48447
389 10.6806
390 11.7546
391 12.7378
392 6.44716
393 7.72976
394 9.1608
395 10.3946
396 11.4956
397 12.4993
398 6.44716
399 7.32771
400 8.82512
401 10.1004
402 11.2305
403 12.2561
404 6.44716
405 6.9018
406 8.47597
407 9.79734
408 10.959
409 12.008
410 12.8943
411 6.44716
412 7.98637
413 9.1608
414 10.1004
415 11.2305
416 12.2561
417 6.44716
418 6.9018
419 8.47597
420 9.69418
421 10.7742
422 11.9241
423 12.8943
424 6.44716
425 7.98637
426 9.37784
427 10.5861
428 11.6689
429 12.6588
430 6.44716
431 7.59815
432 9.05031
433 10.2975
434 11.4079
435 12.4188
436 6.44716
437 7.1886
438 8.71031
439 10.0004
440 11.1408
441 12.174
442 6.44716
443 6.75373
444 8.3563
445 9.58991
446 10.6806
447 11.7546
448 12.7378
449 6.44716
450 7.72976
451 9.1608
452 10.3946
453 11.4956
454 12.4993
455 6.44716
456 7.32771
457 8.82512
458 10.1004
459 11.2305
460 12.2561
461 6.44716
462 6.9018
463 8.47597
464 9.79734
465 10.959
466 12.008
467 12.8943
468 6.44716
469 8.11158
470 9.48447
471 10.6806
472 11.7546
473 12.7378
474 6.44716
475 7.85913
476 9.26996
477 10.4908
478 11.4956
479 5.96207
480 7.05096
481 8.59744
482 9.90243
483 11.053
484 12.0938
485 12.8966
486 6.6034
487 8.23577
488 9.59068
489 10.7749
490 11.8403
491 12.8169
492 6.44745
493 7.85937
494 9.27016
495 10.491
496 11.5827
497 12.5794
498 6.44723
499 7.46424
500 8.93848
501 10.1995
502 11.3196
503 12.3378
504 6.44718
505 7.0467
506 8.59396
507 9.89942
508 11.0503
509 12.0913
510 12.8943
511 6.60227
512 8.23487
513 9.58991
514 10.7742
515 11.8397
516 12.8163
517 6.44716
518 7.85913
519 9.26996
520 10.4908
521 11.5826
522 12.5793
523 6.44716
524 7.46418
525 8.93843
526 10.2975
527 11.4079
528 12.4188
529 6.44716
530 7.1886
531 8.71031
532 10.0004
533 11.1408
534 12.174
535 6.44716
536 6.75373
537 8.3563
538 9.69418
539 10.7742
540 11.8397
541 12.8163
542 6.44716
543 7.85913
544 9.26996
545 10.4908
546 11.5826
547 12.5793
548 6.44716
549 7.46418
550 8.93843
551 10.1994
552 11.3196
553 12.3377
554 6.44716
555 7.04669
556 8.59395
557 9.89941
558 11.0503
559 12.0913
560 12.8943
561 6.60227
562 8.23487
563 9.58991
564 10.7742
565 11.8397
566 12.8163
567 6.44716
568 7.85913
569 9.26996
570 10.4908
571 11.5826
572 12.5793
573 6.44716
574 7.46418
575 8.93843
576 10.1994
577 11.3196
578 12.4188
579 6.44716
580 7.1886
581 8.71031
582 10.0004
583 11.1408
584 12.174
585 6.44716
586 6.75373
587 8.3563
588 9.69418
589 10.867
590 11.9241
591 12.8943
592 6.44716
593 7.98637
594 9.37784
595 10.5861
596 11.6689
597 12.6588
598 6.44716
599 7.59815
600 8.82512
601 9.79734
602 10.867
603 11.9241
604 12.8943
605 6.44716
606 7.98637
607 9.37784
608 10.4908
609 11.5826
610 12.5793
611 6.44716
612 7.46418
613 8.93843
614 10.1994
615 11.3196
616 12.3377
617 6.44716
618 7.04669
619 8.59395
620 9.89941
621 11.0503
622 12.0913
623 12.8943
624 6.60227
625 8.23487
626 9.58991
627 10.7742
628 11.8397
629 12.8163
630 6.44716
631 7.98637
632 9.26996
633 10.3946
634 11.4956
635 12.4993
636 6.44716
637 7.32771
638 8.82512
639 10.1004
640 11.2305
641 12.2561
642 6.44716
643 6.9018
644 8.47597
645 9.79734
646 10.959
647 12.008
648 12.8943
649 6.44716
650 8.11158
651 9.48447
652 10.6806
653 11.7546
654 12.7378
655 6.44716
656 7.72976
657 9.1608
658 10.3946
659 11.4956
660 12.4993
661 6.44716
662 7.32771
663 8.82512
664 10.1004
665 11.2305
666 5.96207
667 6.45184
668 8.11529
669 9.48763
670 10.6834
671 11.7572
672 12.7401
673 6.44832
674 7.73072
675 9.16161
676 10.3953
677 11.4962
678 12.4999
679 6.44745
680 7.32796
681 8.82533
682 10.1996
683 11.3197
684 12.3379
685 6.44723
686 7.04675
687 8.594
688 9.89945
689 11.0503
690 12.0913
691 12.8944
692 6.60229
693 8.23488
694 9.58992
695 10.7742
696 11.8397
697 12.8163
698 6.44717
699 7.85913
700 9.26997
701 10.4908
702 11.5826
703 12.5793
704 6.44716
705 7.46418
706 8.93843
707 10.1994
708 11.3196
709 12.3377
710 6.44716
711 7.04669
712 8.59395
713 9.89941
714 11.0503
715 12.0913
716 12.8943
717 6.60227
718 8.23487
719 9.58991
720 10.7742
721 11.8397
722 12.8163
723 6.44716
724 7.85913
725 9.26996
726 10.3946
727 11.4956
728 12.4993
729 6.44716
730 7.32771
731 8.82512
732 10.1004
733 11.2305
734 12.3377
735 6.44716
736 7.04669
737 8.59395
738 9.89941
739 11.0503
740 12.0913
741 12.8943
742 6.60227
743 8.23487
744 9.58991
745 10.7742
746 11.8397
747 12.8163
748 6.44716
749 7.85913
750 9.26996
751 10.4908
752 11.5826
753 12.5793
754 6.44716
755 7.46418
756 8.93843
757 10.1994
758 11.3196
759 12.3377
760 6.44716
761 7.04669
762 8.59395
763 9.89941
764 11.0503
765 12.0913
766 12.8943
767 6.60227
768 8.23487
769 9.58991
770 10.7742
771 11.8397
772 12.8163
773 6.44716
774 7.85913
775 9.26996
776 10.4908
777 11.5826
778 12.5793
779 6.44716
780 7.46418
781 8.93843
782 10.1994
783 11.3196
784 12.3377
785 6.44716
786 7.1886
787 8.3563
788 9.48447
789 10.5861
790 11.6689
791 12.6588
792 6.44716
793 7.59815
794 9.05031
795 10.1994
796 11.2305
797 12.2561
798 6.44716
799 6.9018
800 8.47597
801 9.79734
802 10.959
803 12.008
804 12.8943
805 6.44716
806 8.11158
807 9.48447
808 10.6806
809 11.7546
810 12.7378
811 6.44716
812 7.72976
813 9.1608
814 10.3946
815 11.4956
816 12.4993
817 6.44716
818 7.32771
819 8.82512
820 10.0004
821 11.0503
822 12.0913
823 12.8943
824 6.60227
825 8.23487
826 9.58991
827 10.7742
828 11.8397
829 12.8163
830 6.44716
831 7.85913
832 9.26996
833 10.4908
834 11.5826
835 12.5793
836 6.44716
837 7.46418
838 9.05031
839 10.2975
840 11.4079
841 12.4188
842 6.44716
843 7.1886
844 8.71031
845 10.0004
846 11.1408
847 12.174
848 6.44716
849 6.75373
850 8.3563
851 9.69418
852 10.867
853 11.8397
854 5.96207
855 7.60211
856 9.05362
857 10.3004
858 11.4105
859 12.4212
860 6.44832
861 7.18964
862 8.71117
863 10.0012
864 11.1414
865 12.1746
866 6.44745
867 6.75401
868 8.35652
869 9.69437
870 10.8672
871 11.9243
872 12.8945
873 6.44723
874 7.98643
875 9.37789
876 10.5861
877 11.6689
878 12.6588
879 6.44718
880 7.59816
881 9.05032
882 10.2975
883 11.4079
884 12.4188
885 6.44717
886 7.1886
887 8.71032
888 10.0004
889 11.1408
890 12.2561
891 6.44716
892 6.9018
893 8.47597
894 9.79734
895 10.959
896 12.008
897 12.8943
898 6.44716
899 8.11159
900 9.48447
901 10.6806
902 11.7546
903 12.7378
904 6.44716
905 7.72976
906 9.1608
907 10.3946
908 11.4956
909 12.4993
910 6.44716
911 7.32771
912 8.82512
913 10.1004
914 11.1408
915 12.174
916 6.44716
917 6.75373
918 8.3563
919 9.69418
920 10.867
921 11.9241
922 12.8943
923 6.44716
924 7.98637
925 9.37784
926 10.5861
927 11.6689
928 12.6588
929 6.44716
930 7.59815
931 9.05031
932 10.2975
933 11.4079
934 12.4188
935 6.44716
936 7.1886
937 8.71031
938 10.0004
939 11.1408
940 12.174
941 6.44716
942 6.9018
943 8.47597
944 9.79734
945 10.959
946 12.008
947 12.8943
948 6.44716
949 8.11158
950 9.48447
951 10.6806
952 11.7546
953 12.7378
954 6.44716
955 7.72976
956 9.1608
957 10.3946
958 11.4956
959 12.4993
960 6.44716
961 7.32771
962 8.82512
963 10.1004
964 11.2305
965 12.2561
966 6.44716
967 6.9018
968 8.47597
969 9.79734
970 10.959
971 12.008
972 12.8943
973 6.44716
974 8.11158
975 9.1608
976 10.2975
977 11.4079
978 12.4188
979 6.44716
980 7.1886
981 8.71031
982 10.0004
983 11.1408
984 11.9241
985 6.29294
986 7.99013
987 9.38104
988 10.5889
989 11.6715
990 12.6612
991 6.44832
992 7.59913
993 9.05113
994 10.2982
995 11.4086
996 12.4194
997 6.44745
998 7.18886
999 8.71052
