0 1
1 6
2 11
3 5.5
4 5.5
5 6.35584
6 7.5211
7 8.64332
8 9.73792
9 10.8135
10 11.8755
11 12.8493
12 6.46358
13 7.87255
14 9.17229
15 10.3077
16 11.3289
17 12.3462
18 6.17312
19 7.08853
20 8.62818
21 9.92908
22 10.9858
23 12.0324
24 12.9171
25 6.45854
26 8.12059
27 9.49216
28 10.6874
29 11.7608
30 12.7435
31 6.44998
32 7.7321
33 9.16277
34 10.3963
35 11.4972
36 12.5007
37 6.44786
38 7.32832
39 8.82563
40 10.1009
41 11.2309
42 12.2565
43 6.44734
44 6.90196
45 8.35643
46 9.48459
47 10.5862
48 11.669
49 12.6589
50 6.44721
51 7.59819
52 9.05034
53 10.2975
54 11.3196
55 5.96208
56 6.75821
57 8.3599
58 9.69728
59 10.8698
60 11.9267
61 12.8966
62 6.44832
63 7.98731
64 9.37863
65 10.4915
66 11.5832
67 12.6594
68 6.44745
69 7.59839
70 9.05051
71 10.2976
72 11.4081
73 12.4189
74 6.44723
75 7.18866
76 8.71036
77 10.0005
78 11.1408
79 12.174
80 6.44718
81 6.75375
82 8.35631
83 9.6942
84 10.867
85 11.9242
86 12.8943
87 6.44717
88 7.98638
89 9.37784
90 10.5861
91 11.6689
92 12.6588
93 6.44716
94 7.59815
95 9.05031
96 10.2975
97 11.4079
98 12.4188
99 6.44716
100 7.1886
101 8.71031
102 10.0004
103 11.1408
104 12.174
105 6.44716
106 6.75373
107 8.3563
108 9.69418
109 10.867
110 11.9241
111 12.8943
112 6.44716
113 7.98637
114 9.37784
115 10.5861
116 11.6689
117 12.6588
118 6.44716
119 7.72976
120 9.1608
121 10.3946
122 11.4956
123 12.4993
124 6.44716
125 7.1886
126 8.47597
127 9.37784
128 10.4908
129 11.5826
130 12.5793
131 6.44716
132 7.46418
133 8.82512
134 9.89941
135 10.959
136 12.008
137 12.8943
138 6.44716
139 8.11158
140 9.48447
141 10.6806
142 11.6689
143 12.6588
144 6.44716
145 7.59815
146 9.05031
147 10.2975
148 11.4079
149 12.4188
150 6.44716
151 7.1886
152 8.71031
153 10.0004
154 11.1408
155 12.174
156 6.44716
157 6.75373
158 8.3563
159 9.69418
160 10.867
161 11.9241
162 12.8943
163 6.44716
164 7.98637
165 9.37784
166 10.5861
167 11.6689
168 12.6588
169 6.44716
170 7.59815
171 9.1608
172 10.3946
173 11.4956
174 12.4993
175 6.44716
176 7.32771
177 8.82512
178 10.1004
179 11.2305
180 12.2561
181 6.44716
182 6.9018
183 8.47597
184 9.69418
185 10.7742
186 11.8397
187 12.8163
188 6.44716
189 7.85913
190 9.26996
191 10.4908
192 11.5826
193 12.5793
194 6.44716
195 7.46418
196 8.93843
197 10.1994
198 11.3196
199 12.3377
200 6.44716
201 7.04669
202 8.59395
203 9.89941
204 11.0503
205 12.0913
206 12.8943
207 6.60227
208 8.23487
209 9.58991
210 10.7742
211 11.8397
212 12.8163
213 6.44716
214 7.85913
215 9.26996
216 10.4908
217 11.5826
218 12.5793
219 6.44716
220 7.46418
221 8.93843
222 10.1994
223 11.4079
224 12.4188
225 6.44716
226 7.1886
227 8.71031
228 10.0004
229 11.1408
230 12.174
231 6.44716
232 6.75373
233 8.3563
234 9.69418
235 10.867
236 11.9241
237 12.8943
238 6.44716
239 7.98637
240 9.37784
241 10.5861
242 11.5826
243 5.96207
244 7.19279
245 8.71376
246 10.0034
247 11.1435
248 12.1764
249 6.44832
250 6.75484
251 8.35719
252 9.69495
253 10.8677
254 11.9248
255 12.8949
256 6.44745
257 7.9866
258 9.37803
259 10.5863
260 11.6691
261 12.6589
262 6.44723
263 7.59821
264 9.05036
265 10.2975
266 11.408
267 12.4188
268 6.44718
269 7.18862
270 8.71032
271 10.0004
272 11.1408
273 12.174
274 6.44717
275 6.9018
276 8.47597
277 9.79734
278 10.959
279 12.008
280 12.8943
281 6.44716
282 8.11159
283 9.48447
284 10.6806
285 11.7546
286 12.7378
287 6.44716
288 7.72976
289 9.1608
290 10.3946
291 11.4956
292 12.4993
293 6.44716
294 7.32771
295 8.82512
296 10.1004
297 11.2305
298 12.2561
299 6.44716
300 6.9018
301 8.47597
302 9.79734
303 10.867
304 11.9241
305 12.8943
306 6.44716
307 7.98637
308 9.37784
309 10.5861
310 11.6689
311 12.6588
312 6.44716
313 7.59815
314 9.05031
315 10.2975
316 11.4079
317 12.4188
318 6.44716
319 7.1886
320 8.71031
321 10.0004
322 11.1408
323 12.174
324 6.44716
325 6.75373
326 8.3563
327 9.79734
328 10.959
329 12.008
330 12.8943
331 6.44716
332 8.11158
333 9.48447
334 10.6806
335 11.7546
336 12.7378
337 6.44716
338 7.72976
339 9.1608
340 10.3946
341 11.4956
342 12.4993
343 6.44716
344 7.32771
345 8.82512
346 10.1004
347 11.2305
348 12.2561
349 6.44716
350 6.9018
351 8.47597
352 9.79734
353 10.959
354 12.008
355 12.8943
356 6.44716
357 8.11158
358 9.48447
359 10.6806
360 11.7546
361 12.7378
362 6.44716
363 7.59815
364 8.82512
365 9.89941
366 10.959
367 12.008
368 12.8943
369 6.44716
370 8.11158
371 9.37784
372 10.4908
373 11.5826
374 12.5793
375 6.44716
376 7.46418
377 8.93843
378 10.1994
379 11.4079
380 12.4188
381 6.40815
382 6.5642
383 8.20451
384 9.5639
385 10.7511
386 11.8187
387 12.7969
388 6.47636
389 7.75404
390 9.18124
391 10.4126
392 11.5118
393 12.5142
394 6.45441
395 7.33407
396 8.83038
397 10.0051
398 11.1449
399 12.1778
400 6.44896
401 6.75544
402 8.35768
403 9.69537
404 10.8681
405 11.9251
406 12.8952
407 6.44761
408 7.98673
409 9.37814
410 10.5864
411 11.6692
412 12.659
413 6.44727
414 7.59824
415 9.05039
416 10.2975
417 11.408
418 12.4188
419 6.44719
420 7.18862
421 8.71033
422 10.0004
423 11.1408
424 12.174
425 6.44717
426 6.75374
427 8.35631
428 9.69419
429 10.867
430 11.8397
431 5.96207
432 7.73365
433 9.16408
434 10.3975
435 11.4982
436 12.5017
437 6.44832
438 7.32873
439 8.82596
440 10.1012
441 11.2312
442 12.2567
443 6.44745
444 6.90207
445 8.47619
446 9.79753
447 10.9592
448 12.0082
449 12.8945
450 6.44723
451 8.11164
452 9.48452
453 10.6806
454 11.7546
455 12.7378
456 6.44718
457 7.72978
458 9.16081
459 10.3946
460 11.4956
461 12.4993
462 6.44717
463 7.32771
464 8.82512
465 10.1004
466 11.2305
467 12.2561
468 6.44716
469 6.9018
470 8.47597
471 9.79734
472 10.959
473 12.008
474 12.8943
475 6.44716
476 8.11159
477 9.48447
478 10.6806
479 11.7546
480 12.7378
481 6.44716
482 7.72976
483 9.26996
484 10.4908
485 11.5826
486 12.5793
487 6.44716
488 7.46418
489 8.93843
490 10.1994
491 11.2305
492 12.2561
493 6.44716
494 6.9018
495 8.47597
496 9.79734
497 10.959
498 12.008
499 12.8943
500 6.44716
501 8.11158
502 9.48447
503 10.6806
504 11.7546
505 12.7378
506 6.44716
507 7.72976
508 9.1608
509 10.3946
510 11.4956
511 12.4993
512 6.44716
513 7.32771
514 8.82512
515 10.1004
516 11.2305
517 12.2561
518 6.44716
519 6.9018
520 8.47597
521 9.79734
522 10.959
523 12.008
524 12.8943
525 6.44716
526 8.11158
527 9.48447
528 10.6806
529 11.7546
530 12.7378
531 6.44716
532 7.72976
533 9.1608
534 10.3946
535 11.5826
536 12.5793
537 6.44716
538 7.46418
539 8.93843
540 10.1994
541 11.3196
542 12.3377
543 6.44716
544 7.04669
545 8.59395
546 9.89941
547 11.0503
548 12.0913
549 12.8943
550 6.60227
551 8.11158
552 9.26996
553 10.1994
554 11.3196
555 12.2561
556 6.12806
557 7.19132
558 8.71255
559 10.0024
560 11.052
561 12.0929
562 12.8958
563 6.603
564 8.23545
565 9.59041
566 10.7746
567 11.8401
568 12.8167
569 6.44735
570 7.85928
571 9.27009
572 10.4909
573 11.5827
574 12.5794
575 6.44721
576 7.46422
577 8.93846
578 10.1995
579 11.3196
580 12.3377
581 6.44717
582 7.0467
583 8.59396
584 9.89941
585 10.959
586 12.008
587 12.8943
588 6.60227
589 8.23487
590 9.58991
591 10.7742
592 11.8397
593 12.8163
594 6.44716
595 7.85913
596 9.26996
597 10.4908
598 11.5826
599 12.5793
600 6.44716
601 7.46418
602 8.93843
603 10.1994
604 11.3196
605 12.3377
606 6.44716
607 7.04669
608 8.59395
609 9.89941
610 11.0503
611 12.0913
612 12.8943
613 6.60227
614 8.23487
615 9.58991
616 10.7742
617 11.7546
618 5.96207
619 7.46821
620 8.94179
621 10.2024
622 11.3222
623 12.3401
624 6.44832
625 7.04775
626 8.59482
627 9.90016
628 11.051
629 12.0919
630 12.8949
631 6.60255
632 8.23509
633 9.5901
634 10.7744
635 11.8398
636 12.8164
637 6.44723
638 7.85919
639 9.37789
640 10.5861
641 11.6689
642 12.6588
643 6.44718
644 7.59816
645 9.05032
646 10.2975
647 11.4079
648 12.4188
649 6.44717
650 7.1886
651 8.71032
652 10.0004
653 11.1408
654 12.174
655 6.44716
656 6.75373
657 8.3563
658 9.69418
659 10.867
660 11.9241
661 12.8943
662 6.44716
663 7.98637
664 9.37784
665 10.5861
666 11.6689
667 12.6588
668 6.44716
669 7.59815
670 9.05031
671 10.2975
672 11.4079
673 12.4188
674 6.44716
675 7.1886
676 8.71031
677 10.0004
678 11.0503
679 12.0913
680 12.8943
681 6.60227
682 8.23487
683 9.58991
684 10.7742
685 11.8397
686 12.8163
687 6.44716
688 7.85913
689 9.26996
690 10.4908
691 11.6689
692 12.6588
693 6.44716
694 7.59815
695 9.05031
696 10.2975
697 11.4079
698 12.4188
699 6.44716
700 7.1886
701 8.71031
702 10.0004
703 11.1408
704 12.174
705 6.44716
706 6.75373
707 8.3563
708 9.69418
709 10.867
710 11.9241
711 12.8943
712 6.44716
713 7.98637
714 9.37784
715 10.5861
716 11.6689
717 12.6588
718 6.44716
719 7.59815
720 9.05031
721 10.2975
722 11.4079
723 12.4188
724 6.44716
725 7.1886
726 8.71031
727 10.0004
728 11.1408
729 12.174
730 6.44716
731 6.75373
732 8.3563
733 9.69418
734 10.867
735 11.9241
736 12.8943
737 6.44716
738 7.85913
739 9.05031
740 10.1004
741 11.1408
742 12.174
743 6.16886
744 6.94076
745 8.50761
746 9.82468
747 10.8916
748 11.9466
749 12.9151
750 6.45753
751 7.99471
752 9.38492
753 10.5924
754 11.6746
755 12.664
756 6.44973
757 7.60032
758 9.05213
759 10.2991
760 11.4094
761 12.4201
762 6.4478
763 7.18917
764 8.71078
765 10.0008
766 11.1411
767 12.1743
768 6.44732
769 6.75388
770 8.35642
771 9.69429
772 10.7743
773 11.8398
774 12.8164
775 6.4472
776 7.85916
777 9.26999
778 10.4908
779 11.5826
780 12.5793
781 6.44717
782 7.46419
783 8.93844
784 10.1994
785 11.3196
786 12.3377
787 6.44716
788 7.04669
789 8.59395
790 9.89941
791 11.0503
792 12.0913
793 12.8943
794 6.60227
795 8.3563
796 9.69418
797 10.867
798 11.9241
799 12.8943
800 6.44716
801 7.98637
802 9.37784
803 10.5861
804 11.5826
805 5.96207
806 7.19279
807 8.71376
808 10.0034
809 11.1435
810 12.1764
811 6.44832
812 6.75484
813 8.35719
814 9.69495
815 10.8677
816 11.9248
817 12.8949
818 6.44745
819 7.9866
820 9.37803
821 10.5863
822 11.6691
823 12.6589
824 6.44723
825 7.59821
826 9.05036
827 10.2975
828 11.408
829 12.4188
830 6.44718
831 7.18862
832 8.71032
833 10.0004
834 11.1408
835 12.174
836 6.44717
837 6.75374
838 8.3563
839 9.69419
840 10.867
841 11.9241
842 12.8943
843 6.44716
844 7.98637
845 9.37784
846 10.5861
847 11.7546
848 12.7378
849 6.44716
850 7.72976
851 9.1608
852 10.3946
853 11.4956
854 12.4993
855 6.44716
856 7.32771
857 8.82512
858 10.1004
859 11.2305
860 12.2561
861 6.44716
862 6.9018
863 8.47597
864 9.79734
865 10.867
866 11.9241
867 12.8943
868 6.44716
869 7.98637
870 9.37784
871 10.5861
872 11.6689
873 12.6588
874 6.44716
875 7.59815
876 9.05031
877 10.2975
878 11.4079
879 12.4188
880 6.44716
881 7.1886
882 8.71031
883 10.0004
884 11.1408
885 12.174
886 6.44716
887 6.75373
888 8.3563
889 9.69418
890 10.867
891 11.9241
892 12.8943
893 6.44716
894 7.98637
895 9.37784
896 10.5861
897 11.6689
898 12.6588
899 6.44716
900 7.72976
901 9.1608
902 10.3946
903 11.4956
904 12.4993
905 6.44716
906 7.32771
907 8.82512
908 10.1004
909 11.2305
910 12.2561
911 6.44716
912 6.9018
913 8.47597
914 9.79734
915 10.959
916 12.008
917 12.8943
918 6.44716
919 8.11158
920 9.48447
921 10.6806
922 11.7546
923 12.7378
924 6.44716
925 7.59815
926 8.82512
927 9.89941
928 10.959
929 12.008
930 6.16886
931 6.48892
932 8.14466
933 9.51272
934 10.7056
935 11.6918
936 12.6799
937 6.45753
938 7.60692
939 9.05765
940 10.3039
941 11.4137
942 12.4241
943 6.44973
944 7.1909
945 8.7122
946 10.0021
947 11.1423
948 12.1753
949 6.4478
950 6.75434
951 8.47645
952 9.79775
953 10.9594
954 12.0083
955 12.8946
956 6.44732
957 8.11171
958 9.48458
959 10.5862
960 11.669
961 12.6589
962 6.4472
963 7.59818
964 9.05034
965 10.2975
966 11.4079
967 12.4188
968 6.44717
969 7.18861
970 8.71032
971 10.0004
972 11.1408
973 12.174
974 6.44716
975 6.75373
976 8.3563
977 9.69419
978 10.867
979 11.9241
980 12.8943
981 6.44716
982 7.98637
983 9.37784
984 10.5861
985 11.6689
986 12.6588
987 6.44716
988 7.59815
989 9.05031
990 10.2975
991 11.3196
992 5.96207
993 6.7582
994 8.35989
995 9.69728
996 10.8698
997 11.9267
998 12.8966
999 6.44832
