0 1
1 6
2 11
3 5.5
4 5.5
5 6.35584
6 7.5211
7 8.64332
8 9.73792
9 10.8135
10 11.8755
11 12.8493
12 6.46358
13 7.87255
14 9.17229
15 10.2097
16 11.2399
17 12.3462
18 6.17312
19 7.08853
20 8.62818
21 9.92908
22 10.9858
23 12.0324
24 12.9171
25 6.45854
26 8.12059
27 9.49216
28 10.6874
29 11.7608
30 12.6645
31 6.33227
32 7.36549
33 8.85642
34 10.1277
35 11.2551
36 12.2786
37 6.45785
38 6.91177
39 8.48406
40 9.80432
41 10.9653
42 12.0137
43 12.8996
44 6.44981
45 8.11368
46 9.37965
47 10.4924
48 11.584
49 12.5806
50 6.44782
51 7.46474
52 8.9389
53 10.1998
54 11.32
55 12.3381
56 6.44733
57 7.04684
58 8.59407
59 9.89951
60 11.0504
61 12.0914
62 12.8944
63 6.60231
64 8.2349
65 9.58993
66 10.7742
67 11.8397
68 12.8163
69 6.44717
70 7.98638
71 9.37784
72 10.5861
73 11.6689
74 12.6588
75 6.44717
76 7.59815
77 9.05031
78 10.1994
79 11.2305
80 12.2561
81 6.44716
82 6.9018
83 8.47597
84 9.79734
85 10.959
86 12.008
87 12.8943
88 6.44716
89 8.11159
90 9.48447
91 10.6806
92 11.7546
93 12.7378
94 6.44716
95 7.72976
96 9.1608
97 10.3946
98 11.4956
99 12.4993
100 6.44716
101 7.32771
102 8.82512
103 10.1004
104 11.2305
105 12.2561
106 6.44716
107 6.9018
108 8.47597
109 9.79734
110 10.959
111 12.008
112 12.8943
113 6.44716
114 8.11158
115 9.48447
116 10.6806
117 11.7546
118 12.7378
119 6.44716
120 7.72976
121 9.26996
122 10.4908
123 11.5826
124 12.5793
125 6.44716
126 7.46418
127 8.93843
128 10.1994
129 11.3196
130 12.3377
131 6.44716
132 7.04669
133 8.59395
134 9.89941
135 11.0503
136 12.0913
137 12.8943
138 6.60227
139 8.11158
140 9.26996
141 10.2975
142 11.3196
143 12.3377
144 6.20939
145 6.9767
146 8.53686
147 9.84997
148 10.9144
149 11.9673
150 12.9343
151 6.46714
152 8.00243
153 9.39149
154 10.5982
155 11.6799
156 12.6689
157 6.45212
158 7.60234
159 9.05382
160 10.3005
161 11.4107
162 12.4213
163 6.44839
164 7.1897
165 8.71122
166 10.0012
167 11.1415
168 12.1746
169 6.44747
170 6.75402
171 8.35653
172 9.69438
173 10.8672
174 11.9243
175 12.8945
176 6.44724
177 7.98643
178 9.37789
179 10.5862
180 11.6689
181 12.6588
182 6.44718
183 7.59817
184 9.05032
185 10.2975
186 11.4079
187 12.4188
188 6.44717
189 7.1886
190 8.71032
191 10.0004
192 11.1408
193 12.174
194 6.44716
195 6.75373
196 8.3563
197 9.69418
198 10.867
199 11.9241
200 12.8943
201 6.44716
202 7.98637
203 9.37784
204 10.5861
205 11.5826
206 5.96207
207 7.19279
208 8.71376
209 10.0034
210 11.1435
211 12.1764
212 6.44832
213 6.75484
214 8.35719
215 9.69495
216 10.8677
217 11.9248
218 12.8949
219 6.44745
220 7.9866
221 9.37803
222 10.5863
223 11.6691
224 12.6589
225 6.44723
226 7.72982
227 9.16085
228 10.3946
229 11.4956
230 12.4993
231 6.44718
232 7.32772
233 8.82513
234 10.1004
235 11.2305
236 12.2561
237 6.44717
238 6.9018
239 8.47597
240 9.79734
241 10.959
242 12.008
243 12.8943
244 6.44716
245 8.11159
246 9.48447
247 10.6806
248 11.7546
249 12.7378
250 6.44716
251 7.72976
252 9.1608
253 10.3946
254 11.4956
255 12.4993
256 6.44716
257 7.32771
258 8.82512
259 10.1004
260 11.2305
261 12.2561
262 6.44716
263 6.9018
264 8.47597
265 9.79734
266 10.867
267 11.9241
268 12.8943
269 6.44716
270 7.98637
271 9.37784
272 10.5861
273 11.6689
274 12.6588
275 6.44716
276 7.59815
277 9.1608
278 10.3946
279 11.4956
280 12.4993
281 6.44716
282 7.32771
283 8.82512
284 10.1004
285 11.2305
286 12.2561
287 6.44716
288 6.9018
289 8.47597
290 9.79734
291 10.959
292 12.008
293 12.8943
294 6.44716
295 8.11158
296 9.48447
297 10.6806
298 11.7546
299 12.7378
300 6.44716
301 7.72976
302 9.1608
303 10.3946
304 11.4956
305 12.4993
306 6.44716
307 7.32771
308 8.82512
309 10.1004
310 11.2305
311 12.2561
312 6.44716
313 6.9018
314 8.47597
315 9.79734
316 10.959
317 12.008
318 12.8943
319 6.44716
320 8.11158
321 9.48447
322 10.6806
323 11.7546
324 12.7378
325 6.44716
326 7.59815
327 8.82512
328 9.89941
329 11.0503
330 12.0913
331 6.16886
332 6.64303
333 8.26744
334 9.61784
335 10.7056
336 11.7774
337 12.7588
338 6.45753
339 7.73838
340 9.16806
341 10.401
342 11.5014
343 12.5046
344 6.44973
345 7.32996
346 8.82699
347 10.102
348 11.232
349 12.2575
350 6.4478
351 6.90239
352 8.47645
353 9.79775
354 10.9594
355 12.0083
356 12.8946
357 6.44732
358 8.11171
359 9.48458
360 10.5862
361 11.669
362 12.6589
363 6.4472
364 7.59818
365 9.05034
366 10.2975
367 11.4079
368 12.4188
369 6.44717
370 7.18861
371 8.71032
372 10.0004
373 11.1408
374 12.174
375 6.44716
376 6.75373
377 8.3563
378 9.69419
379 10.867
380 11.9241
381 12.8943
382 6.44716
383 8.11159
384 9.48447
385 10.6806
386 11.7546
387 12.7378
388 6.44716
389 7.72976
390 9.1608
391 10.3946
392 11.4079
393 5.96207
394 6.90616
395 8.47951
396 9.8004
397 10.9618
398 12.0105
399 12.8966
400 6.44832
401 8.1125
402 9.48525
403 10.6813
404 11.7552
405 12.7384
406 6.44745
407 7.73
408 9.161
409 10.3948
410 11.4957
411 12.4994
412 6.44723
413 7.32777
414 8.82517
415 10.1005
416 11.2306
417 12.2562
418 6.44718
419 6.90182
420 8.47598
421 9.79735
422 10.959
423 12.008
424 12.8943
425 6.44717
426 8.11159
427 9.48447
428 10.6806
429 11.7546
430 12.7378
431 6.44716
432 7.72976
433 9.26996
434 10.4908
435 11.5826
436 12.5793
437 6.44716
438 7.46418
439 8.93843
440 10.1994
441 11.3196
442 12.3377
443 6.44716
444 7.04669
445 8.59395
446 9.89941
447 11.0503
448 12.0913
449 12.8943
450 6.60227
451 8.23487
452 9.58991
453 10.6806
454 11.7546
455 12.7378
456 6.44716
457 7.72976
458 9.1608
459 10.3946
460 11.4956
461 12.4993
462 6.44716
463 7.32771
464 8.82512
465 10.1004
466 11.2305
467 12.2561
468 6.44716
469 6.9018
470 8.47597
471 9.79734
472 10.959
473 12.008
474 12.8943
475 6.44716
476 8.11158
477 9.48447
478 10.6806
479 11.7546
480 12.7378
481 6.44716
482 7.72976
483 9.1608
484 10.3946
485 11.5826
486 12.5793
487 6.44716
488 7.46418
489 8.93843
490 10.1994
491 11.3196
492 12.3377
493 6.44716
494 7.04669
495 8.59395
496 9.89941
497 11.0503
498 12.0913
499 12.8943
500 6.60227
501 8.23487
502 9.58991
503 10.7742
504 11.8397
505 12.8163
506 6.44716
507 7.85913
508 9.26996
509 10.4908
510 11.5826
511 12.5793
512 6.44716
513 7.46418
514 8.59395
515 9.69418
516 10.7742
517 11.8397
518 6.16886
519 6.16886
520 7.89328
521 9.29887
522 10.5163
523 11.5189
524 12.5207
525 6.45753
526 7.33681
527 8.83265
528 10.107
529 11.2364
530 12.2615
531 6.44973
532 6.9042
533 8.47792
534 9.79902
535 10.9605
536 12.0094
537 12.8956
538 6.60289
539 8.23536
540 9.59033
541 10.7746
542 11.84
543 12.8166
544 6.44732
545 7.85926
546 9.27007
547 10.3947
548 11.4957
549 12.4994
550 6.4472
551 7.32774
552 8.82515
553 10.1004
554 11.2306
555 12.2561
556 6.44717
557 6.90181
558 8.47598
559 9.79734
560 10.959
561 12.008
562 12.8943
563 6.44716
564 8.11159
565 9.48447
566 10.6806
567 11.7546
568 12.7378
569 6.44716
570 7.72976
571 9.1608
572 10.3946
573 11.4956
574 12.4993
575 6.44716
576 7.32771
577 8.82512
578 10.1004
579 11.2305
580 5.96207
581 6.45184
582 8.11529
583 9.48763
584 10.6834
585 11.7572
586 12.7401
587 6.44832
588 7.73072
589 9.27076
590 10.4915
591 11.5832
592 12.5799
593 6.44745
594 7.46442
595 8.93864
596 10.1996
597 11.3197
598 12.3379
599 6.44723
600 7.04675
601 8.594
602 9.89945
603 11.0503
604 12.0913
605 12.8944
606 6.60229
607 8.23488
608 9.58992
609 10.7742
610 11.8397
611 12.8163
612 6.44717
613 7.85913
614 9.26997
615 10.4908
616 11.5826
617 12.5793
618 6.44716
619 7.46418
620 8.93843
621 10.1994
622 11.3196
623 12.3377
624 6.44716
625 7.04669
626 8.59395
627 9.89941
628 11.0503
629 12.0913
630 12.8943
631 6.60227
632 8.23487
633 9.58991
634 10.7742
635 11.8397
636 12.8163
637 6.44716
638 7.85913
639 9.26996
640 10.3946
641 11.5826
642 12.5793
643 6.44716
644 7.46418
645 8.93843
646 10.1994
647 11.3196
648 12.3377
649 6.44716
650 7.04669
651 8.59395
652 9.89941
653 11.0503
654 12.0913
655 12.8943
656 6.60227
657 8.23487
658 9.58991
659 10.7742
660 11.8397
661 12.8163
662 6.44716
663 7.85913
664 9.26996
665 10.4908
666 11.5826
667 12.5793
668 6.44716
669 7.46418
670 8.93843
671 10.1994
672 11.3196
673 12.3377
674 6.44716
675 7.04669
676 8.59395
677 9.89941
678 11.0503
679 12.0913
680 12.8943
681 6.60227
682 8.23487
683 9.58991
684 10.7742
685 11.8397
686 12.8163
687 6.44716
688 7.85913
689 9.26996
690 10.4908
691 11.5826
692 12.5793
693 6.44716
694 7.59815
695 9.05031
696 10.2975
697 11.4079
698 12.4188
699 6.44716
700 7.1886
701 8.47597
702 9.48447
703 10.5861
704 11.6689
705 6.16886
706 6.16886
707 7.63349
708 9.07992
709 10.3235
710 11.3432
711 12.3594
712 6.45753
713 7.05616
714 8.60169
715 9.90612
716 11.0563
717 12.0968
718 12.8995
719 6.60478
720 8.23687
721 9.59162
722 10.7757
723 11.8411
724 12.8176
725 6.4478
726 7.85965
727 9.2704
728 10.4912
729 11.5829
730 12.5796
731 6.44732
732 7.46431
733 8.93854
734 10.1005
735 11.2306
736 12.2562
737 6.4472
738 6.90184
739 8.476
740 9.79736
741 10.9591
742 12.008
743 12.8943
744 6.44717
745 8.23487
746 9.58991
747 10.7742
748 11.8397
749 12.8163
750 6.44716
751 7.85913
752 9.26996
753 10.4908
754 11.5826
755 12.5793
756 6.44716
757 7.46418
758 8.93843
759 10.1994
760 11.3196
761 12.3377
762 6.44716
763 7.04669
764 8.59395
765 9.89941
766 11.0503
767 11.9241
768 6.1298
769 7.86296
770 9.2732
771 10.4936
772 11.5852
773 12.5817
774 6.44832
775 7.46518
776 8.93926
777 10.2002
778 11.3202
779 12.3383
780 6.44745
781 7.04695
782 8.59417
783 9.89959
784 11.0504
785 12.0914
786 12.8945
787 6.60234
788 8.23492
789 9.58995
790 10.7742
791 11.8397
792 12.8163
793 6.44718
794 7.85915
795 9.26997
796 10.4908
797 11.6689
798 12.6588
799 6.44717
800 7.59815
801 9.05031
802 10.2975
803 11.4079
804 12.4188
805 6.44716
806 7.1886
807 8.71031
808 10.0004
809 11.1408
810 12.174
811 6.44716
812 6.75373
813 8.3563
814 9.69418
815 10.867
816 11.9241
817 12.8943
818 6.44716
819 7.98637
820 9.37784
821 10.5861
822 11.6689
823 12.6588
824 6.44716
825 7.59815
826 9.05031
827 10.2975
828 11.3196
829 12.3377
830 6.44716
831 7.04669
832 8.59395
833 9.89941
834 11.0503
835 12.0913
836 12.8943
837 6.60227
838 8.23487
839 9.58991
840 10.7742
841 11.8397
842 12.8163
843 6.44716
844 7.85913
845 9.26996
846 10.4908
847 11.5826
848 12.5793
849 6.44716
850 7.59815
851 9.05031
852 10.2975
853 11.4079
854 12.4188
855 6.44716
856 7.1886
857 8.71031
858 10.0004
859 11.1408
860 12.174
861 6.44716
862 6.75373
863 8.3563
864 9.69418
865 10.867
866 11.9241
867 12.8943
868 6.44716
869 7.98637
870 9.37784
871 10.5861
872 11.6689
873 12.6588
874 6.44716
875 7.59815
876 9.05031
877 10.2975
878 11.4079
879 12.4188
880 6.44716
881 7.1886
882 8.71031
883 10.0004
884 11.1408
885 12.174
886 6.44716
887 6.75373
888 8.23487
889 9.37784
890 10.2975
891 11.4079
892 12.3377
893 6.16886
894 7.22598
895 8.74109
896 10.0272
897 11.0745
898 12.1134
899 12.9151
900 6.61239
901 8.36426
902 9.70104
903 10.8731
904 11.9297
905 12.8995
906 6.44973
907 7.98844
908 9.37959
909 10.5877
910 11.6703
911 12.6601
912 6.4478
913 7.59869
914 9.05076
915 10.2979
916 11.4083
917 12.4191
918 6.44732
919 7.18874
920 8.71043
921 10.0005
922 11.0504
923 12.0914
924 12.8944
925 6.60231
926 8.2349
927 9.58993
928 10.7742
929 11.8397
930 12.8163
931 6.44717
932 7.85914
933 9.26997
934 10.4908
935 11.5826
936 12.5793
937 6.44716
938 7.46418
939 8.93843
940 10.1994
941 11.3196
942 12.3377
943 6.44716
944 7.04669
945 8.59395
946 9.89941
947 11.0503
948 12.0913
949 12.8943
950 6.60227
951 8.23487
952 9.58991
953 10.867
954 11.8397
955 5.96207
956 7.60211
957 9.05362
958 10.3004
959 11.4105
960 12.4212
961 6.44832
962 7.18964
963 8.71117
964 10.0012
965 11.1414
966 12.1746
967 6.44745
968 6.75401
969 8.35652
970 9.69437
971 10.8672
972 11.9243
973 12.8945
974 6.44723
975 7.98643
976 9.37789
977 10.5861
978 11.6689
979 12.6588
980 6.44718
981 7.59816
982 9.05032
983 10.2975
984 11.4079
985 12.4188
986 6.44717
987 7.1886
988 8.71032
989 10.0004
990 11.1408
991 12.174
992 6.44716
993 6.75373
994 8.3563
995 9.69418
996 10.867
997 11.9241
998 12.8943
999 6.44716
