0 1
1 6
2 9
3 4.5
4 4.5
5 1
6 2.5
7 2.5
8 1
9 2
10 2.9
11 3.83446
12 1.91723
13 3.56677
14 4.35055
15 4.79873
16 2.81614
17 3.77339
18 5.15351
19 5.89021
20 2.9451
21 4.12627
22 5.02272
23 5.77668
24 3.23456
25 4.78195
26 5.74933
27 2.96163
28 3.29928
29 5.03202
30 5.9576
31 6.90232
32 3.45116
33 4.71517
34 6.20584
35 6.82708
36 3.41354
37 4.68831
38 6.01953
39 6.80878
40 3.40439
41 4.89539
42 6.01451
43 6.80436
44 3.40218
45 4.68023
46 6.1796
47 6.80329
48 3.40165
49 4.67985
50 6.01301
51 6.80303
52 3.40152
53 4.89344
54 6.01294
55 6.80297
56 3.40149
57 4.67973
58 6.17923
59 6.80296
60 3.40148
61 4.67973
62 6.01292
63 6.80295
64 3.40148
65 5.09777
66 6.01292
67 6.80295
68 3.40148
69 4.89342
70 6.17922
71 6.80295
72 3.40148
73 4.67973
74 6.17922
75 6.80295
76 3.40148
77 5.09777
78 6.01292
79 6.80295
80 3.40148
81 4.89341
82 6.17922
83 6.80295
84 3.40148
85 4.67973
86 6.17922
87 6.80295
88 3.40148
89 5.09777
90 6.01292
91 6.80295
92 3.40148
93 4.89341
94 6.17922
95 6.80295
96 3.40148
97 4.67973
98 6.17922
99 6.80295
100 3.40148
101 5.09777
102 6.01292
103 6.80295
104 3.40148
105 4.89341
106 6.17922
107 6.80295
108 3.40148
109 4.67973
110 6.17922
111 6.80295
112 3.40148
113 5.09777
114 6.01292
115 6.80295
116 3.69547
117 5.09777
118 6.17922
119 6.80295
120 3.40148
121 4.89341
122 6.34106
123 6.80295
124 3.40148
125 5.09777
126 6.01292
127 6.80295
128 3.69547
129 5.09777
130 6.17922
131 6.80295
132 3.40148
133 4.89341
134 6.34106
135 6.80295
136 3.40148
137 5.09777
138 6.01292
139 6.80295
140 3.69547
141 5.09777
142 6.17922
143 6.80295
144 3.40148
145 4.89341
146 6.34106
147 6.80295
148 3.40148
149 5.09777
150 6.01292
151 6.80295
152 3.69547
153 5.09777
154 6.17922
155 6.80295
156 3.40148
157 4.89341
158 6.34106
159 6.80295
160 3.40148
161 5.09777
162 6.01292
163 6.80295
164 3.69547
165 5.09777
166 6.17922
167 6.80295
168 3.69547
169 5.09777
170 6.34106
171 6.80295
172 3.40148
173 5.09777
174 6.01292
175 6.80295
176 3.69547
177 5.29394
178 6.17922
179 6.80295
180 3.69547
181 5.09777
182 6.34106
183 6.80295
184 3.40148
185 5.09777
186 6.01292
187 6.80295
188 3.69547
189 5.29394
190 6.17922
191 6.80295
192 3.69547
193 5.09777
194 6.34106
195 6.80295
196 3.40148
197 5.09777
198 6.01292
199 6.80295
200 3.69547
201 5.29394
202 6.17922
203 6.80295
204 3.69547
205 5.09777
206 6.34106
207 6.80295
208 3.40148
209 5.09777
210 6.01292
211 6.80295
212 3.69547
213 5.29394
214 6.17922
215 6.80295
216 3.69547
217 5.09777
218 6.34106
219 6.80295
220 3.69547
221 5.09777
222 6.17922
223 3.40148
224 3.69547
225 5.29394
226 6.17922
227 6.80295
228 3.96607
229 5.29394
230 6.34106
231 6.80295
232 3.69547
233 5.09777
234 6.17922
235 3.40148
236 3.69547
237 5.29394
238 6.17922
239 6.80295
240 3.96607
241 5.29394
242 6.34106
243 6.80295
244 3.69547
245 5.09777
246 6.17922
247 3.40148
248 3.69547
249 5.29394
250 6.17922
251 6.80295
252 3.96607
253 5.29394
254 6.34106
255 6.80295
256 3.69547
257 5.09777
258 6.17922
259 3.40148
260 3.69547
261 5.29394
262 6.17922
263 6.80295
264 3.96607
265 5.29394
266 6.34106
267 6.80295
268 3.69547
269 5.09777
270 6.17922
271 3.40148
272 3.69547
273 5.29394
274 6.17922
275 3.40148
276 3.96607
277 5.48283
278 6.34106
279 6.80295
280 3.96607
281 5.09777
282 6.34106
283 3.40148
284 3.69547
285 5.29394
286 6.17922
287 3.40148
288 3.96607
289 5.48283
290 6.34106
291 6.80295
292 3.96607
293 5.09777
294 6.34106
295 3.40148
296 3.69547
297 5.29394
298 6.17922
299 3.40148
300 3.96607
301 5.48283
302 6.34106
303 6.80295
304 3.96607
305 5.09777
306 6.34106
307 3.40148
308 3.69547
309 5.29394
310 6.17922
311 3.40148
312 3.96607
313 5.48283
314 6.34106
315 6.80295
316 3.96607
317 5.09777
318 6.34106
319 3.40148
320 3.69547
321 5.29394
322 6.17922
323 3.40148
324 3.96607
325 5.48283
326 6.34106
327 3.40148
328 4.21821
329 5.29394
330 6.49876
331 3.40148
332 3.96607
333 5.29394
334 6.34106
335 3.40148
336 3.96607
337 5.48283
338 6.34106
339 3.40148
340 4.21821
341 5.29394
342 6.49876
343 3.40148
344 3.96607
345 5.29394
346 6.34106
347 3.40148
348 3.96607
349 5.48283
350 6.34106
351 3.40148
352 4.21821
353 5.29394
354 6.49876
355 3.40148
356 3.96607
357 5.29394
358 6.34106
359 3.40148
360 3.96607
361 5.48283
362 6.34106
363 3.40148
364 4.21821
365 5.29394
366 6.49876
367 3.40148
368 3.96607
369 5.29394
370 6.34106
371 3.40148
372 3.96607
373 5.48283
374 6.34106
375 3.40148
376 4.21821
377 5.48283
378 6.65264
379 3.40148
380 4.21821
381 5.29394
382 6.49876
383 3.40148
384 3.96607
385 5.48283
386 6.34106
387 3.40148
388 4.21821
389 5.48283
390 6.65264
391 3.40148
392 4.21821
393 5.29394
394 6.49876
395 3.40148
396 3.96607
397 5.48283
398 6.34106
399 3.40148
400 4.21821
401 5.48283
402 6.65264
403 3.40148
404 4.21821
405 5.29394
406 6.49876
407 3.40148
408 3.96607
409 5.48283
410 6.34106
411 3.40148
412 4.21821
413 5.48283
414 6.65264
415 3.40148
416 4.21821
417 5.29394
418 6.49876
419 3.40148
420 3.96607
421 5.48283
422 6.34106
423 3.40148
424 4.21821
425 5.48283
426 6.65264
427 3.40148
428 4.45527
429 5.48283
430 6.65264
431 3.40148
432 4.21821
433 5.48283
434 6.49876
435 3.40148
436 4.21821
437 5.66522
438 6.80295
439 3.40148
440 4.45527
441 5.48283
442 6.65264
443 3.40148
444 4.21821
445 5.48283
446 6.49876
447 3.40148
448 4.21821
449 5.66522
450 6.80295
451 3.40148
452 4.45527
453 5.48283
454 6.65264
455 3.40148
456 4.21821
457 5.48283
458 6.49876
459 3.40148
460 4.21821
461 5.66522
462 6.80295
463 3.40148
464 4.45527
465 5.48283
466 6.65264
467 3.40148
468 4.21821
469 5.48283
470 6.49876
471 3.40148
472 4.21821
473 5.66522
474 6.80295
475 3.40148
476 4.45527
477 5.48283
478 6.65264
479 3.40148
480 4.45527
481 5.48283
482 6.65264
483 3.40148
484 4.21821
485 5.84173
486 6.80295
487 3.40148
488 4.45527
489 5.66522
490 6.80295
491 3.40148
492 4.45527
493 5.48283
494 6.65264
495 3.40148
496 4.21821
497 5.84173
498 6.80295
499 3.40148
500 4.45527
501 5.66522
502 6.80295
503 3.40148
504 4.45527
505 5.48283
506 6.65264
507 3.40148
508 4.21821
509 5.84173
510 6.80295
511 3.40148
512 4.45527
513 5.66522
514 6.80295
515 3.40148
516 4.45527
517 5.48283
518 6.65264
519 3.40148
520 4.21821
521 5.84173
522 6.80295
523 3.40148
524 4.45527
525 5.66522
526 6.80295
527 3.40148
528 4.45527
529 5.48283
530 6.65264
531 3.40148
532 4.45527
533 6.01292
534 6.80295
535 3.40148
536 4.45527
537 5.84173
538 6.80295
539 3.40148
540 4.67973
541 5.66522
542 6.80295
543 3.40148
544 4.45527
545 6.01292
546 6.80295
547 3.40148
548 4.45527
549 5.84173
550 6.80295
551 3.40148
552 4.67973
553 5.66522
554 6.80295
555 3.40148
556 4.45527
557 6.01292
558 6.80295
559 3.40148
560 4.45527
561 5.84173
562 6.80295
563 3.40148
564 4.67973
565 5.66522
566 6.80295
567 3.40148
568 4.45527
569 6.01292
570 6.80295
571 3.40148
572 4.45527
573 5.84173
574 6.80295
575 3.40148
576 4.67973
577 5.66522
578 6.80295
579 3.40148
580 4.45527
581 6.01292
582 6.80295
583 3.40148
584 4.45527
585 6.01292
586 6.80295
587 3.40148
588 4.67973
589 5.84173
590 6.80295
591 3.40148
592 4.67973
593 6.01292
594 6.80295
595 3.40148
596 4.45527
597 6.01292
598 6.80295
599 3.40148
600 4.67973
601 5.84173
602 6.80295
603 3.40148
604 4.67973
605 6.01292
606 6.80295
607 3.40148
608 4.45527
609 6.01292
610 6.80295
611 3.40148
612 4.67973
613 5.84173
614 6.80295
615 3.40148
616 4.67973
617 6.01292
618 6.80295
619 3.40148
620 4.45527
621 6.01292
622 6.80295
623 3.40148
624 4.67973
625 5.84173
626 6.80295
627 3.40148
628 4.67973
629 6.01292
630 6.80295
631 3.40148
632 4.45527
633 6.01292
634 6.80295
635 3.40148
636 4.67973
637 6.01292
638 6.80295
639 3.40148
640 4.89341
641 6.01292
642 6.80295
643 3.40148
644 4.67973
645 6.17922
646 6.80295
647 3.40148
648 4.67973
649 6.01292
650 6.80295
651 3.40148
652 4.89341
653 6.01292
654 6.80295
655 3.40148
656 4.67973
657 6.17922
658 6.80295
659 3.40148
660 4.67973
661 6.01292
662 6.80295
663 3.40148
664 4.89341
665 6.01292
666 6.80295
667 3.40148
668 4.67973
669 6.17922
670 6.80295
671 3.40148
672 4.67973
673 6.01292
674 6.80295
675 3.40148
676 4.89341
677 6.01292
678 6.80295
679 3.40148
680 4.67973
681 6.17922
682 6.80295
683 3.40148
684 4.67973
685 6.01292
686 6.80295
687 3.40148
688 5.09777
689 6.01292
690 6.80295
691 3.40148
692 4.89341
693 6.17922
694 6.80295
695 3.40148
696 4.67973
697 6.17922
698 6.80295
699 3.40148
700 5.09777
701 6.01292
702 6.80295
703 3.40148
704 4.89341
705 6.17922
706 6.80295
707 3.40148
708 4.67973
709 6.17922
710 6.80295
711 3.40148
712 5.09777
713 6.01292
714 6.80295
715 3.40148
716 4.89341
717 6.17922
718 6.80295
719 3.40148
720 4.67973
721 6.17922
722 6.80295
723 3.40148
724 5.09777
725 6.01292
726 6.80295
727 3.40148
728 4.89341
729 6.17922
730 6.80295
731 3.40148
732 4.67973
733 6.17922
734 6.80295
735 3.40148
736 5.09777
737 6.01292
738 6.80295
739 3.69547
740 5.09777
741 6.17922
742 6.80295
743 3.40148
744 4.89341
745 6.34106
746 6.80295
747 3.40148
748 5.09777
749 6.01292
750 6.80295
751 3.69547
752 5.09777
753 6.17922
754 6.80295
755 3.40148
756 4.89341
757 6.34106
758 6.80295
759 3.40148
760 5.09777
761 6.01292
762 6.80295
763 3.69547
764 5.09777
765 6.17922
766 6.80295
767 3.40148
768 4.89341
769 6.34106
770 6.80295
771 3.40148
772 5.09777
773 6.01292
774 6.80295
775 3.69547
776 5.09777
777 6.17922
778 6.80295
779 3.40148
780 4.89341
781 6.34106
782 6.80295
783 3.40148
784 5.09777
785 6.01292
786 6.80295
787 3.69547
788 5.09777
789 6.17922
790 6.80295
791 3.69547
792 5.09777
793 6.34106
794 6.80295
795 3.40148
796 5.09777
797 6.01292
798 6.80295
799 3.69547
800 5.29394
801 6.17922
802 6.80295
803 3.69547
804 5.09777
805 6.34106
806 6.80295
807 3.40148
808 5.09777
809 6.01292
810 6.80295
811 3.69547
812 5.29394
813 6.17922
814 6.80295
815 3.69547
816 5.09777
817 6.34106
818 6.80295
819 3.40148
820 5.09777
821 6.01292
822 6.80295
823 3.69547
824 5.29394
825 6.17922
826 6.80295
827 3.69547
828 5.09777
829 6.34106
830 6.80295
831 3.40148
832 5.09777
833 6.01292
834 6.80295
835 3.69547
836 5.29394
837 6.17922
838 6.80295
839 3.69547
840 5.09777
841 6.34106
842 6.80295
843 3.69547
844 5.09777
845 6.17922
846 3.40148
847 3.69547
848 5.29394
849 6.17922
850 6.80295
851 3.96607
852 5.29394
853 6.34106
854 6.80295
855 3.69547
856 5.09777
857 6.17922
858 3.40148
859 3.69547
860 5.29394
861 6.17922
862 6.80295
863 3.96607
864 5.29394
865 6.34106
866 6.80295
867 3.69547
868 5.09777
869 6.17922
870 3.40148
871 3.69547
872 5.29394
873 6.17922
874 6.80295
875 3.96607
876 5.29394
877 6.34106
878 6.80295
879 3.69547
880 5.09777
881 6.17922
882 3.40148
883 3.69547
884 5.29394
885 6.17922
886 6.80295
887 3.96607
888 5.29394
889 6.34106
890 6.80295
891 3.69547
892 5.09777
893 6.17922
894 3.40148
895 3.69547
896 5.29394
897 6.17922
898 3.40148
899 3.96607
900 5.48283
901 6.34106
902 6.80295
903 3.96607
904 5.09777
905 6.34106
906 3.40148
907 3.69547
908 5.29394
909 6.17922
910 3.40148
911 3.96607
912 5.48283
913 6.34106
914 6.80295
915 3.96607
916 5.09777
917 6.34106
918 3.40148
919 3.69547
920 5.29394
921 6.17922
922 3.40148
923 3.96607
924 5.48283
925 6.34106
926 6.80295
927 3.96607
928 5.09777
929 6.34106
930 3.40148
931 3.69547
932 5.29394
933 6.17922
934 3.40148
935 3.96607
936 5.48283
937 6.34106
938 6.80295
939 3.96607
940 5.09777
941 6.34106
942 3.40148
943 3.69547
944 5.29394
945 6.17922
946 3.40148
947 3.96607
948 5.48283
949 6.34106
950 3.40148
951 4.21821
952 5.29394
953 6.49876
954 3.40148
955 3.96607
956 5.29394
957 6.34106
958 3.40148
959 3.96607
960 5.48283
961 6.34106
962 3.40148
963 4.21821
964 5.29394
965 6.49876
966 3.40148
967 3.96607
968 5.29394
969 6.34106
970 3.40148
971 3.96607
972 5.48283
973 6.34106
974 3.40148
975 4.21821
976 5.29394
977 6.49876
978 3.40148
979 3.96607
980 5.29394
981 6.34106
982 3.40148
983 3.96607
984 5.48283
985 6.34106
986 3.40148
987 4.21821
988 5.29394
989 6.49876
990 3.40148
991 3.96607
992 5.29394
993 6.34106
994 3.40148
995 3.96607
996 5.48283
997 6.34106
998 3.40148
999 4.21821
