0 1
1 6
2 11
3 5.5
4 6.35584
5 7.5211
6 8.40709
7 9.52918
8 10.6261
9 11.7052
10 12.6922
11 6.46358
12 7.61204
13 9.06194
14 10.3077
15 11.3289
16 12.3462
17 6.45123
18 7.05041
19 8.59699
20 9.90204
21 11.0526
22 12.0934
23 12.8963
24 6.60325
25 8.23565
26 9.59058
27 10.7748
28 11.8402
29 12.8168
30 6.44741
31 7.85934
32 9.27013
33 10.4909
34 11.5827
35 12.5794
36 6.44722
37 7.46423
38 8.93848
39 10.1995
40 11.3196
41 12.3378
42 6.44718
43 7.0467
44 8.59396
45 9.89942
46 11.0503
47 12.0913
48 12.8943
49 6.60227
50 8.23487
51 9.58991
52 10.7742
53 11.8397
54 12.8163
55 6.44716
56 7.85913
57 9.26996
58 10.4908
59 11.5826
60 12.5793
61 6.44716
62 7.46418
63 8.93843
64 10.1004
65 11.1408
66 12.2561
67 6.44716
68 6.9018
69 8.47597
70 9.79734
71 10.959
72 12.008
73 12.8943
74 6.44716
75 8.11158
76 9.48447
77 10.6806
78 11.7546
79 12.7378
80 6.44716
81 7.72976
82 9.1608
83 10.2975
84 11.4079
85 12.4188
86 6.44716
87 7.1886
88 8.71031
89 10.0004
90 11.1408
91 12.174
92 6.44716
93 6.75373
94 8.3563
95 9.69418
96 10.867
97 11.9241
98 12.8943
99 6.44716
100 7.98637
101 9.37784
102 10.5861
103 11.6689
104 12.6588
105 6.44716
106 7.59815
107 9.05031
108 10.2975
109 11.4079
110 12.4188
111 6.44716
112 7.1886
113 8.71031
114 10.0004
115 11.1408
116 12.174
117 6.44716
118 6.9018
119 8.47597
120 9.79734
121 10.959
122 12.008
123 12.8943
124 6.44716
125 8.11158
126 9.48447
127 10.6806
128 11.7546
129 12.7378
130 6.44716
131 7.72976
132 9.1608
133 10.3946
134 11.4956
135 12.4993
136 6.44716
137 7.32771
138 8.82512
139 10.1004
140 11.2305
141 12.2561
142 6.44716
143 6.9018
144 8.3563
145 9.48447
146 10.5861
147 11.6689
148 12.6588
149 6.44716
150 7.59815
151 9.05031
152 10.2975
153 11.3196
154 5.96207
155 6.7582
156 8.35989
157 9.69728
158 10.8698
159 11.9267
160 12.8966
161 6.44832
162 7.9873
163 9.37863
164 10.4915
165 11.5832
166 12.5799
167 6.44745
168 7.46442
169 8.93864
170 10.2976
171 11.4081
172 12.4189
173 6.44723
174 7.18866
175 8.71036
176 10.0005
177 11.1408
178 12.174
179 6.44718
180 6.75375
181 8.35631
182 9.6942
183 10.867
184 11.9242
185 12.8943
186 6.44717
187 7.98638
188 9.37784
189 10.5861
190 11.6689
191 12.6588
192 6.44716
193 7.59815
194 9.05031
195 10.2975
196 11.4079
197 12.4188
198 6.44716
199 7.1886
200 8.71031
201 10.0004
202 11.1408
203 12.174
204 6.44716
205 6.75373
206 8.3563
207 9.69418
208 10.867
209 11.9241
210 12.8943
211 6.44716
212 7.98637
213 9.37784
214 10.5861
215 11.6689
216 12.6588
217 6.44716
218 7.59815
219 9.05031
220 10.2975
221 11.4079
222 12.4993
223 6.44716
224 7.1886
225 8.47597
226 9.48447
227 10.4908
228 11.5826
229 12.5793
230 6.44716
231 7.46418
232 8.82512
233 9.89941
234 10.959
235 12.008
236 12.8943
237 6.44716
238 8.11158
239 9.48447
240 10.6806
241 11.6689
242 5.96207
243 7.33182
244 8.82852
245 10.1034
246 11.2332
247 12.2586
248 6.44832
249 6.90288
250 8.47685
251 9.7981
252 10.9597
253 12.0086
254 12.8949
255 6.44745
256 7.73
257 8.93864
258 10.0006
259 11.0504
260 12.0914
261 12.8945
262 6.60234
263 8.23492
264 9.37789
265 10.3946
266 11.4956
267 12.4993
268 6.44718
269 7.32772
270 8.82513
271 10.1004
272 11.1408
273 5.96208
274 6.60684
275 8.23852
276 9.59304
277 10.777
278 11.8422
279 12.8186
280 6.44832
281 7.86008
282 9.27076
283 10.4915
284 11.5832
285 12.5799
286 6.44745
287 7.32796
288 8.35652
289 9.48467
290 10.5863
291 11.6691
292 12.6589
293 6.44723
294 7.59821
295 8.93848
296 10.0005
297 11.0503
298 12.0913
299 12.8944
300 6.60229
301 8.23488
302 9.58992
303 10.7742
304 11.7546
305 5.96208
306 7.46821
307 8.94179
308 10.2024
309 11.3222
310 12.3401
311 6.44832
312 7.04775
313 8.59482
314 9.90016
315 11.051
316 12.0919
317 12.8949
318 6.60255
319 7.85937
320 9.05051
321 10.1006
322 11.1409
323 12.1741
324 6.44723
325 6.7538
326 8.35635
327 9.48452
328 10.5861
329 11.6689
330 12.6588
331 6.44718
332 7.59816
333 9.05032
334 10.2975
335 11.3196
336 12.3377
337 6.44717
338 7.04669
339 8.59395
340 9.89941
341 11.0503
342 12.0913
343 12.8943
344 6.60227
345 8.23487
346 9.58991
347 10.7742
348 11.8397
349 12.8163
350 6.44716
351 7.85913
352 9.26996
353 10.4908
354 11.5826
355 12.5793
356 6.44716
357 7.46418
358 8.93843
359 10.1994
360 11.3196
361 12.3377
362 6.44716
363 7.04669
364 8.59395
365 9.89941
366 11.0503
367 12.0913
368 12.8943
369 6.60227
370 8.23487
371 9.58991
372 10.7742
373 11.8397
374 12.8163
375 6.44716
376 7.85913
377 9.26996
378 10.3946
379 11.4956
380 12.4993
381 6.44716
382 7.32771
383 8.82512
384 10.1004
385 11.2305
386 12.2561
387 6.44716
388 6.9018
389 8.47597
390 9.79734
391 10.959
392 12.008
393 12.8943
394 6.44716
395 8.11158
396 9.48447
397 10.6806
398 11.7546
399 12.7378
400 6.44716
401 7.72976
402 9.1608
403 10.3946
404 11.4956
405 12.4993
406 6.44716
407 7.32771
408 8.82512
409 10.1004
410 11.2305
411 12.2561
412 6.44716
413 6.9018
414 8.47597
415 9.79734
416 10.959
417 12.008
418 12.8943
419 6.44716
420 8.11158
421 9.48447
422 10.6806
423 11.7546
424 12.7378
425 6.44716
426 7.72976
427 9.1608
428 10.3946
429 11.4956
430 12.5793
431 6.44716
432 7.46418
433 8.93843
434 10.1994
435 11.2305
436 5.96207
437 6.60684
438 8.23851
439 9.59303
440 10.777
441 11.8422
442 12.8186
443 6.44832
444 7.86008
445 9.27076
446 10.4915
447 11.5832
448 12.5799
449 6.44745
450 7.46442
451 8.93864
452 10.1996
453 11.3197
454 12.3379
455 6.44723
456 7.04675
457 8.594
458 9.89945
459 11.0503
460 12.0913
461 12.8944
462 6.60229
463 8.23488
464 9.58992
465 10.7742
466 11.8397
467 12.8163
468 6.44717
469 7.85913
470 9.26997
471 10.4908
472 11.5826
473 12.5793
474 6.44716
475 7.46418
476 8.93843
477 10.1994
478 11.3196
479 12.3377
480 6.44716
481 7.04669
482 8.71031
483 10.0004
484 11.1408
485 12.174
486 6.44716
487 6.75373
488 8.3563
489 9.69418
490 10.867
491 11.9241
492 12.8943
493 6.44716
494 7.98637
495 9.37784
496 10.4908
497 11.5826
498 12.5793
499 6.44716
500 7.46418
501 8.93843
502 10.1994
503 11.3196
504 12.3377
505 6.44716
506 7.04669
507 8.59395
508 9.89941
509 11.0503
510 12.0913
511 12.8943
512 6.60227
513 8.23487
514 9.58991
515 10.7742
516 11.8397
517 12.8163
518 6.44716
519 7.85913
520 9.26996
521 10.4908
522 11.5826
523 12.5793
524 6.44716
525 7.46418
526 8.93843
527 10.1994
528 11.3196
529 12.3377
530 6.44716
531 7.04669
532 8.59395
533 9.89941
534 11.1408
535 12.174
536 6.44716
537 6.75373
538 8.3563
539 9.69418
540 10.867
541 11.9241
542 12.8943
543 6.44716
544 7.98637
545 9.37784
546 10.5861
547 11.6689
548 12.6588
549 6.44716
550 7.59815
551 9.05031
552 10.2975
553 11.4079
554 12.4188
555 6.44716
556 7.1886
557 8.3563
558 9.48447
559 10.5861
560 11.6689
561 12.6588
562 6.44716
563 7.59815
564 9.05031
565 10.1004
566 11.2305
567 12.2561
568 6.44716
569 6.9018
570 8.47597
571 9.79734
572 10.959
573 12.008
574 12.8943
575 6.44716
576 8.11158
577 9.48447
578 10.6806
579 11.7546
580 12.7378
581 6.44716
582 7.72976
583 9.1608
584 10.3946
585 11.4956
586 12.5793
587 6.44716
588 7.46418
589 8.82512
590 9.89941
591 10.959
592 12.008
593 12.8943
594 6.44716
595 8.11158
596 9.48447
597 10.6806
598 11.7546
599 5.96207
600 7.33182
601 8.82852
602 10.1034
603 11.2332
604 12.2586
605 6.44832
606 6.90288
607 8.47685
608 9.7981
609 10.8677
610 11.9248
611 12.8949
612 6.44745
613 7.9866
614 9.37803
615 10.5863
616 11.6691
617 12.6589
618 6.44723
619 7.59821
620 9.05036
621 10.2975
622 11.408
623 12.4188
624 6.44718
625 7.18862
626 8.71032
627 10.0004
628 11.1408
629 12.174
630 6.44717
631 6.75374
632 8.3563
633 9.69419
634 10.867
635 11.9241
636 12.8943
637 6.44716
638 8.11159
639 9.48447
640 10.6806
641 11.7546
642 12.7378
643 6.44716
644 7.72976
645 9.1608
646 10.3946
647 11.4956
648 12.4993
649 6.44716
650 7.32771
651 8.82512
652 10.1004
653 11.2305
654 12.2561
655 6.44716
656 6.9018
657 8.47597
658 9.79734
659 10.959
660 12.008
661 12.8943
662 6.44716
663 8.11158
664 9.48447
665 10.6806
666 11.7546
667 12.7378
668 6.44716
669 7.59815
670 8.82512
671 9.89941
672 10.959
673 12.008
674 12.8943
675 6.44716
676 8.11158
677 9.48447
678 10.4908
679 11.5826
680 12.5793
681 6.44716
682 7.46418
683 8.93843
684 10.1994
685 11.3196
686 12.3377
687 6.44716
688 6.44716
689 7.98637
690 9.48447
691 10.6806
692 11.7546
693 12.7378
694 6.44716
695 7.72976
696 9.1608
697 10.3946
698 11.4956
699 12.4993
700 6.44716
701 7.32771
702 8.82512
703 10.1004
704 11.1408
705 12.174
706 6.44716
707 6.75373
708 8.3563
709 9.69418
710 10.867
711 11.9241
712 12.8943
713 6.44716
714 7.98637
715 9.37784
716 10.5861
717 11.6689
718 12.6588
719 6.44716
720 7.59815
721 9.05031
722 10.2975
723 11.4079
724 12.4188
725 6.44716
726 7.1886
727 8.71031
728 10.0004
729 11.1408
730 12.174
731 6.44716
732 6.75373
733 8.3563
734 9.69418
735 10.867
736 11.8397
737 5.96207
738 7.60211
739 9.05362
740 10.3004
741 11.4105
742 12.5017
743 6.44832
744 7.32873
745 8.82596
746 10.1012
747 11.2312
748 12.2567
749 6.44745
750 6.90207
751 8.47619
752 9.79753
753 10.9592
754 12.0082
755 12.8945
756 6.44723
757 8.11164
758 9.48452
759 10.6806
760 11.7546
761 12.7378
762 6.44718
763 7.72978
764 9.16081
765 10.3946
766 11.4956
767 12.4993
768 6.44717
769 7.32771
770 8.82512
771 10.1004
772 11.2305
773 12.2561
774 6.44716
775 6.9018
776 8.47597
777 9.79734
778 10.959
779 12.008
780 12.8943
781 6.44716
782 8.11159
783 9.48447
784 10.6806
785 11.7546
786 12.7378
787 6.44716
788 7.72976
789 9.1608
790 10.3946
791 11.4956
792 12.4993
793 6.44716
794 7.46418
795 8.93843
796 10.1994
797 11.2305
798 12.2561
799 6.44716
800 6.9018
801 8.47597
802 9.79734
803 10.959
804 12.008
805 12.8943
806 6.44716
807 8.11158
808 9.48447
809 10.6806
810 11.7546
811 12.7378
812 6.44716
813 7.72976
814 9.1608
815 10.3946
816 11.4956
817 12.4993
818 6.44716
819 7.32771
820 8.82512
821 10.1004
822 11.2305
823 12.2561
824 6.44716
825 6.9018
826 8.47597
827 9.79734
828 10.959
829 12.008
830 12.8943
831 6.44716
832 8.11158
833 9.48447
834 10.6806
835 11.7546
836 12.7378
837 6.44716
838 7.72976
839 9.1608
840 10.3946
841 11.4956
842 12.4993
843 6.44716
844 7.32771
845 8.82512
846 10.1994
847 11.3196
848 12.3377
849 6.44716
850 7.04669
851 8.59395
852 9.89941
853 11.0503
854 12.0913
855 12.8943
856 6.60227
857 8.11158
858 9.26996
859 10.2975
860 11.3196
861 12.3377
862 6.44716
863 7.04669
864 8.59395
865 9.79734
866 10.867
867 11.9241
868 12.8943
869 6.44716
870 7.98637
871 9.37784
872 10.5861
873 11.6689
874 12.6588
875 6.44716
876 6.9018
877 8.47597
878 9.79734
879 10.959
880 12.008
881 12.8943
882 6.44716
883 8.11158
884 9.48447
885 10.6806
886 11.7546
887 12.7378
888 6.44716
889 7.72976
890 9.1608
891 10.2975
892 11.4079
893 12.4188
894 6.44716
895 7.1886
896 8.71031
897 10.0004
898 11.2305
899 12.2561
900 6.44716
901 6.9018
902 8.47597
903 9.79734
904 10.959
905 12.008
906 12.8943
907 6.44716
908 8.11158
909 9.48447
910 10.6806
911 11.7546
912 12.7378
913 6.44716
914 7.72976
915 9.1608
916 10.3946
917 11.4956
918 12.4993
919 6.44716
920 7.32771
921 8.82512
922 10.1004
923 11.2305
924 5.96207
925 6.45184
926 8.11529
927 9.48763
928 10.6834
929 11.7572
930 12.7401
931 6.44832
932 7.73072
933 9.16161
934 10.3953
935 11.4962
936 12.4999
937 6.44745
938 7.32796
939 8.82533
940 10.1006
941 11.2307
942 12.2563
943 6.44723
944 6.90187
945 8.47602
946 9.79738
947 10.9591
948 12.008
949 12.8944
950 6.60229
951 8.23488
952 9.58992
953 10.7742
954 11.8397
955 12.8163
956 6.44717
957 7.85913
958 9.26997
959 10.4908
960 11.5826
961 12.5793
962 6.44716
963 7.46418
964 8.93843
965 10.1994
966 11.3196
967 12.3377
968 6.44716
969 7.04669
970 8.59395
971 9.89941
972 11.0503
973 12.0913
974 12.8943
975 6.60227
976 8.23487
977 9.58991
978 10.7742
979 11.8397
980 12.8163
981 6.44716
982 7.85913
983 9.26996
984 10.4908
985 11.4956
986 12.4993
987 6.44716
988 7.32771
989 8.82512
990 10.1004
991 11.2305
992 12.2561
993 6.44716
994 6.9018
995 8.47597
996 9.79734
997 10.959
998 12.008
999 12.8943
