0 1
1 6
2 11
3 5.5
4 6.35584
5 7.5211
6 8.40709
7 9.52918
8 10.6261
9 11.7052
10 12.6922
11 6.46358
12 7.61204
13 9.17229
14 10.3077
15 11.3289
16 12.3462
17 6.45123
18 7.05041
19 8.59699
20 9.90204
21 11.0526
22 12.0934
23 12.8963
24 6.60325
25 8.23565
26 9.59058
27 10.7748
28 11.8402
29 12.8168
30 6.44741
31 7.85934
32 9.27013
33 10.4909
34 11.5827
35 12.5794
36 6.44722
37 7.46423
38 8.93848
39 10.1995
40 11.3196
41 12.3378
42 6.44718
43 7.0467
44 8.59396
45 9.89942
46 11.0503
47 12.0913
48 12.8943
49 6.60227
50 8.23487
51 9.58991
52 10.7742
53 11.8397
54 12.8163
55 6.44716
56 7.85913
57 9.26996
58 10.4908
59 11.5826
60 12.5793
61 6.44716
62 7.46418
63 8.93843
64 10.1004
65 11.2305
66 12.2561
67 6.44716
68 6.9018
69 8.47597
70 9.79734
71 10.959
72 12.008
73 12.8943
74 6.44716
75 8.11158
76 9.48447
77 10.6806
78 11.7546
79 12.7378
80 6.44716
81 7.72976
82 9.1608
83 10.2975
84 11.4079
85 12.4188
86 6.44716
87 7.1886
88 8.71031
89 10.0004
90 11.1408
91 12.174
92 6.44716
93 6.75373
94 8.3563
95 9.69418
96 10.867
97 11.9241
98 12.8943
99 6.44716
100 7.98637
101 9.37784
102 10.5861
103 11.6689
104 12.6588
105 6.44716
106 7.59815
107 9.05031
108 10.2975
109 11.4079
110 12.4188
111 6.44716
112 7.1886
113 8.71031
114 10.0004
115 11.1408
116 12.174
117 6.44716
118 6.9018
119 8.47597
120 9.79734
121 10.959
122 12.008
123 12.8943
124 6.44716
125 8.11158
126 9.48447
127 10.6806
128 11.7546
129 12.7378
130 6.44716
131 7.72976
132 9.1608
133 10.3946
134 11.4956
135 12.4993
136 6.44716
137 7.32771
138 8.82512
139 10.1004
140 11.2305
141 12.2561
142 6.44716
143 6.9018
144 8.3563
145 9.48447
146 10.5861
147 11.6689
148 12.6588
149 6.44716
150 7.59815
151 9.05031
152 10.2975
153 11.4079
154 5.96207
155 6.7582
156 8.35989
157 9.69728
158 10.8698
159 11.9267
160 12.8966
161 6.44832
162 7.9873
163 9.37863
164 10.4915
165 11.5832
166 12.5799
167 6.44745
168 7.46442
169 9.05051
170 10.2976
171 11.4081
172 12.4189
173 6.44723
174 7.18866
175 8.71036
176 10.0005
177 11.1408
178 12.174
179 6.44718
180 6.75375
181 8.35631
182 9.6942
183 10.867
184 11.9242
185 12.8943
186 6.44717
187 7.98638
188 9.37784
189 10.5861
190 11.6689
191 12.6588
192 6.44716
193 7.59815
194 9.05031
195 10.2975
196 11.4079
197 12.4188
198 6.44716
199 7.1886
200 8.71031
201 10.0004
202 11.1408
203 12.174
204 6.44716
205 6.75373
206 8.3563
207 9.69418
208 10.867
209 11.9241
210 12.8943
211 6.44716
212 7.98637
213 9.37784
214 10.5861
215 11.6689
216 12.6588
217 6.44716
218 7.59815
219 9.05031
220 10.2975
221 11.4956
222 12.4993
223 6.44716
224 7.1886
225 8.47597
226 9.58991
227 10.5861
228 11.5826
229 12.5793
230 6.44716
231 7.46418
232 8.93843
233 10.1004
234 11.1408
235 12.174
236 6.44716
237 6.75373
238 8.3563
239 9.69418
240 10.867
241 11.9241
242 12.8943
243 6.44716
244 7.98637
245 9.37784
246 10.5861
247 11.6689
248 12.6588
249 6.44716
250 7.59815
251 9.05031
252 10.2975
253 11.4079
254 12.4188
255 6.44716
256 7.1886
257 8.59395
258 9.48447
259 10.5861
260 11.6689
261 12.6588
262 6.44716
263 7.59815
264 9.05031
265 10.1994
266 11.2305
267 12.2561
268 6.44716
269 6.9018
270 8.47597
271 9.79734
272 10.959
273 12.0913
274 12.8943
275 6.44716
276 7.59815
277 9.05031
278 10.2975
279 11.4079
280 12.4188
281 6.44716
282 7.1886
283 8.71031
284 10.0004
285 11.1408
286 12.174
287 6.44716
288 6.75373
289 8.3563
290 9.69418
291 10.7742
292 11.8397
293 12.8163
294 6.44716
295 7.85913
296 9.26996
297 10.4908
298 11.5826
299 12.5793
300 6.44716
301 7.46418
302 8.93843
303 10.1994
304 11.3196
305 12.3377
306 6.44716
307 7.04669
308 8.59395
309 9.89941
310 11.0503
311 12.0913
312 12.8943
313 6.60227
314 8.23487
315 9.58991
316 10.7742
317 11.8397
318 12.8163
319 6.44716
320 7.85913
321 9.26996
322 10.4908
323 11.4956
324 5.96207
325 7.19279
326 8.71376
327 10.0034
328 11.1435
329 12.1764
330 6.44832
331 6.75484
332 8.35719
333 9.69495
334 10.8677
335 11.9248
336 12.8949
337 6.44745
338 7.9866
339 9.37803
340 10.5863
341 11.6691
342 12.6589
343 6.44723
344 7.59821
345 9.05036
346 10.2975
347 11.408
348 12.4188
349 6.44718
350 7.18862
351 8.71032
352 10.0004
353 11.1408
354 12.174
355 6.44717
356 6.75374
357 8.3563
358 9.69419
359 10.867
360 11.9241
361 12.8943
362 6.44716
363 7.98637
364 9.37784
365 10.5861
366 11.6689
367 12.6588
368 6.44716
369 7.59815
370 9.05031
371 10.2975
372 11.4079
373 12.4188
374 6.44716
375 7.1886
376 8.71031
377 10.1004
378 11.2305
379 12.2561
380 6.44716
381 6.9018
382 8.47597
383 9.79734
384 10.867
385 11.9241
386 12.8943
387 6.44716
388 7.98637
389 9.37784
390 10.5861
391 11.6689
392 12.6588
393 6.44716
394 7.59815
395 9.05031
396 10.2975
397 11.4079
398 12.4188
399 6.44716
400 7.1886
401 8.71031
402 10.0004
403 11.1408
404 12.174
405 6.44716
406 6.75373
407 8.3563
408 9.69418
409 10.867
410 11.9241
411 12.8943
412 6.44716
413 7.98637
414 9.37784
415 10.5861
416 11.6689
417 12.6588
418 6.44716
419 7.59815
420 9.05031
421 10.2975
422 11.4079
423 12.4188
424 6.44716
425 7.1886
426 8.71031
427 10.0004
428 11.1408
429 12.2561
430 6.44716
431 6.9018
432 8.47597
433 9.79734
434 10.959
435 12.008
436 12.8943
437 6.44716
438 8.11158
439 9.48447
440 10.6806
441 11.7546
442 12.7378
443 6.44716
444 7.72976
445 8.82512
446 9.89941
447 10.959
448 12.008
449 12.8943
450 6.44716
451 8.11158
452 9.48447
453 10.5861
454 11.6689
455 12.6588
456 6.44716
457 7.59815
458 9.05031
459 10.2975
460 11.4079
461 12.4188
462 6.44716
463 7.1886
464 8.71031
465 10.0004
466 11.1408
467 12.174
468 6.44716
469 6.75373
470 8.3563
471 9.69418
472 10.867
473 11.9241
474 12.8943
475 6.44716
476 7.98637
477 9.26996
478 10.3946
479 11.4956
480 12.4993
481 6.44716
482 7.46418
483 8.93843
484 10.1994
485 11.3196
486 12.3377
487 6.44716
488 7.04669
489 8.59395
490 9.89941
491 11.0503
492 12.0913
493 12.8943
494 6.60227
495 8.23487
496 9.58991
497 10.7742
498 11.8397
499 12.8163
500 6.44716
501 7.85913
502 9.26996
503 10.4908
504 11.5826
505 12.5793
506 6.44716
507 7.46418
508 8.93843
509 10.1994
510 11.3196
511 5.96207
512 6.60684
513 8.23851
514 9.59303
515 10.777
516 11.8422
517 12.8186
518 6.44832
519 7.86008
520 9.27076
521 10.4915
522 11.5832
523 12.5799
524 6.44745
525 7.46442
526 8.93864
527 10.1996
528 11.3197
529 12.3379
530 6.44723
531 7.04675
532 8.594
533 10.0005
534 11.1408
535 12.174
536 6.44718
537 6.75375
538 8.35631
539 9.6942
540 10.867
541 11.9242
542 12.8943
543 6.44717
544 7.98638
545 9.37784
546 10.5861
547 11.6689
548 12.6588
549 6.44716
550 7.59815
551 9.05031
552 10.2975
553 11.4079
554 12.4188
555 6.44716
556 7.1886
557 8.71031
558 10.0004
559 11.1408
560 12.174
561 6.44716
562 6.75373
563 8.3563
564 9.69418
565 10.867
566 11.9241
567 12.8943
568 6.44716
569 7.98637
570 9.37784
571 10.4908
572 11.5826
573 12.5793
574 6.44716
575 7.46418
576 8.93843
577 10.1994
578 11.3196
579 12.3377
580 6.44716
581 7.04669
582 8.59395
583 9.89941
584 11.0503
585 12.174
586 6.44716
587 6.75373
588 8.3563
589 9.69418
590 10.867
591 11.9241
592 12.8943
593 6.44716
594 7.98637
595 9.37784
596 10.5861
597 11.6689
598 12.6588
599 6.44716
600 7.59815
601 9.05031
602 10.2975
603 11.4079
604 12.4188
605 6.44716
606 7.1886
607 8.71031
608 10.0004
609 11.1408
610 12.174
611 6.44716
612 6.75373
613 8.3563
614 9.69418
615 10.867
616 11.9241
617 12.8943
618 6.44716
619 7.98637
620 9.37784
621 10.5861
622 11.6689
623 12.6588
624 6.44716
625 7.59815
626 9.05031
627 10.2975
628 11.4079
629 12.4188
630 6.44716
631 7.1886
632 8.59395
633 9.69418
634 10.5861
635 11.6689
636 12.6588
637 6.44716
638 7.72976
639 9.1608
640 10.2975
641 11.4079
642 12.4188
643 6.44716
644 7.1886
645 8.71031
646 10.0004
647 11.1408
648 12.174
649 6.28965
650 6.44864
651 8.11276
652 9.48547
653 10.6815
654 11.7554
655 12.7385
656 6.44753
657 7.73007
658 9.16106
659 10.3948
660 11.4958
661 12.4995
662 6.44725
663 7.32779
664 8.82518
665 10.0005
666 11.1408
667 12.174
668 6.44719
669 6.75375
670 8.35632
671 9.6942
672 10.867
673 11.9242
674 12.8943
675 6.44717
676 7.98638
677 9.37784
678 10.5861
679 11.6689
680 12.6588
681 6.44716
682 7.59815
683 9.05031
684 10.2975
685 11.4079
686 12.4188
687 6.44716
688 7.1886
689 8.82512
690 10.1004
691 11.2305
692 12.2561
693 6.44716
694 6.9018
695 8.47597
696 9.79734
697 10.959
698 11.9241
699 5.96207
700 7.73365
701 9.16408
702 10.3975
703 11.4982
704 12.5017
705 6.44832
706 7.32873
707 8.82596
708 10.1012
709 11.2312
710 12.2567
711 6.44745
712 6.90207
713 8.47619
714 9.79753
715 10.9592
716 12.0082
717 12.8945
718 6.44723
719 8.11164
720 9.48452
721 10.6806
722 11.7546
723 12.7378
724 6.44718
725 7.72978
726 9.16081
727 10.3946
728 11.4956
729 12.4993
730 6.44717
731 7.32771
732 8.82512
733 10.1004
734 11.2305
735 12.2561
736 6.44716
737 6.9018
738 8.47597
739 9.79734
740 10.959
741 12.0913
742 12.8943
743 6.60227
744 8.23487
745 9.58991
746 10.7742
747 11.8397
748 12.8163
749 6.44716
750 7.85913
751 9.26996
752 10.4908
753 11.5826
754 12.5793
755 6.44716
756 7.46418
757 8.93843
758 10.1994
759 11.2305
760 12.2561
761 6.44716
762 6.9018
763 8.47597
764 9.79734
765 10.959
766 12.008
767 12.8943
768 6.44716
769 8.11158
770 9.48447
771 10.6806
772 11.7546
773 12.7378
774 6.44716
775 7.72976
776 9.1608
777 10.3946
778 11.4956
779 12.4993
780 6.44716
781 7.32771
782 8.82512
783 10.1004
784 11.2305
785 12.2561
786 6.44716
787 6.9018
788 8.47597
789 9.79734
790 10.959
791 12.008
792 12.8943
793 6.60227
794 8.23487
795 9.58991
796 10.7742
797 11.8397
798 12.8163
799 6.44716
800 7.85913
801 9.26996
802 10.4908
803 11.5826
804 12.5793
805 6.44716
806 7.46418
807 8.93843
808 10.1994
809 11.3196
810 12.3377
811 6.44716
812 7.04669
813 8.59395
814 9.89941
815 11.0503
816 12.0913
817 12.8943
818 6.60227
819 8.11158
820 9.26996
821 10.1994
822 11.3196
823 12.3377
824 6.44716
825 7.04669
826 8.59395
827 9.79734
828 10.867
829 11.9241
830 12.8943
831 6.44716
832 7.98637
833 9.37784
834 10.5861
835 11.6689
836 12.6588
837 6.44716
838 6.9018
839 8.47597
840 9.79734
841 10.959
842 12.008
843 12.8943
844 6.44716
845 8.23487
846 9.58991
847 10.7742
848 11.8397
849 12.8163
850 6.44716
851 7.85913
852 9.26996
853 10.3946
854 11.4956
855 12.4993
856 6.44716
857 7.32771
858 8.82512
859 10.1004
860 11.2305
861 12.2561
862 6.44716
863 6.9018
864 8.47597
865 9.79734
866 10.959
867 12.008
868 12.8943
869 6.44716
870 8.11158
871 9.48447
872 10.6806
873 11.7546
874 12.7378
875 6.44716
876 7.72976
877 9.1608
878 10.3946
879 11.4956
880 12.4993
881 6.44716
882 7.32771
883 8.82512
884 10.1004
885 11.2305
886 5.96207
887 6.45184
888 8.11529
889 9.48763
890 10.6834
891 11.7572
892 12.7401
893 6.44832
894 7.73072
895 9.16161
896 10.3953
897 11.5832
898 12.5799
899 6.44745
900 7.46442
901 8.93864
902 10.1996
903 11.3197
904 12.3379
905 6.44723
906 7.04675
907 8.594
908 9.89945
909 11.0503
910 12.0913
911 12.8944
912 6.60229
913 8.23488
914 9.58992
915 10.7742
916 11.8397
917 12.8163
918 6.44717
919 7.85913
920 9.26997
921 10.4908
922 11.5826
923 12.5793
924 6.44716
925 7.46418
926 8.93843
927 10.1994
928 11.3196
929 12.3377
930 6.44716
931 7.04669
932 8.59395
933 9.89941
934 11.0503
935 12.0913
936 12.8943
937 6.60227
938 8.23487
939 9.58991
940 10.7742
941 11.8397
942 12.8163
943 6.44716
944 7.85913
945 9.26996
946 10.3946
947 11.4956
948 12.4993
949 6.44716
950 7.46418
951 8.93843
952 10.1994
953 11.3196
954 12.3377
955 6.44716
956 7.04669
957 8.59395
958 9.89941
959 11.0503
960 12.0913
961 12.8943
962 6.60227
963 8.23487
964 9.58991
965 10.7742
966 11.8397
967 12.8163
968 6.44716
969 7.85913
970 9.26996
971 10.4908
972 11.5826
973 12.5793
974 6.44716
975 7.46418
976 8.93843
977 10.1994
978 11.3196
979 12.3377
980 6.44716
981 7.04669
982 8.59395
983 9.89941
984 11.0503
985 12.0913
986 12.8943
987 6.60227
988 8.23487
989 9.58991
990 10.7742
991 11.8397
992 12.8163
993 6.44716
994 7.85913
995 9.26996
996 10.4908
997 11.5826
998 12.5793
999 6.44716
