1 2.0
2 3.8479319999999992
3 3.4490120000000006
4 4.53235
5 5.62542
6 4.811817
7 4.025796
8 5.325694
9 6.309684999999999
10 5.465237000000001
11 4.616133
12 5.037365
13 6.186250999999999
14 5.474346
15 5.30373
16 5.621822
17 6.615728
18 5.12682
19 4.879242
20 5.330737999999999
21 6.3408169999999995
22 5.532503
23 4.681048
24 5.664825
25 5.9977290000000005
26 5.344257000000001
27 5.2191279999999995
28 5.557397
29 6.549608999999999
30 5.769786
31 4.800491000000001
32 5.202149
33 6.272578
34 5.54497
35 5.379430999999999
36 5.5695689999999995
37 5.975024
38 5.204254000000001
39 5.10157
40 5.461386000000001
41 6.464754000000001
42 5.700188
43 5.453159999999999
44 5.1254800000000005
45 6.196969000000001
46 5.469101
47 5.30218
48 5.568131
49 6.586980000000001
50 5.15759
51 5.084876
52 5.374733
53 6.38813
54 5.6622959999999996
55 5.486738
56 5.2462159999999995
57 6.109884
58 5.390528999999999
59 5.242876999999999
60 5.568885
61 6.594723
62 5.848408
63 4.998629
64 5.304333
65 6.327143000000001
66 5.6234839999999995
67 5.436895999999999
68 5.883113
69 6.069534000000001
70 5.329759999999999
71 5.19071
72 5.522455000000001
73 6.552473000000001
74 5.824847999999999
75 4.983115
76 5.240658
77 6.273181
78 5.5660039999999995
79 5.375976
80 5.827093
81 6.069533000000001
82 5.221302
83 5.100523
84 5.443579000000001
85 6.481483
86 5.759767999999999
87 5.627828000000001
88 5.125559
89 6.179309000000001
90 5.494510999999999
91 5.3209859999999995
92 5.776943
93 6.6985969999999995
94 5.175838
95 5.025902
96 5.396555000000001
97 6.4250430000000005
98 5.708527999999999
99 5.670071999999999
100 5.125559
101 6.1009210000000005
102 5.428576
103 5.348438000000001
104 5.7469790000000005
105 6.6504270000000005
106 5.207378
107 4.943105999999999
108 5.403176
109 6.420033999999999
110 5.716591
111 5.2807949999999995
112 5.824393000000001
113 6.069533000000001
114 5.403385999999999
115 5.286845000000001
116 5.736881
117 6.638055
118 5.852212
119 4.897641999999999
120 5.353769
121 6.3672960000000005
122 5.686401
123 4.898107999999999
124 5.792893
125 6.069533000000001
126 5.338646
127 5.232241
128 5.688761
129 6.594555
130 5.812201999999999
131 4.897641999999999
132 5.285462
133 6.299695
134 5.627262
135 4.844878
136 5.744093
137 6.714247
138 5.252454999999999
139 5.1495560000000005
140 5.595817
141 6.492345
142 5.710391999999999
143 5.486696
144 5.201732
145 6.13797
146 5.491007
147 4.724844999999999
148 5.626403000000001
149 6.621547
150 5.944456
151 5.066856
152 5.469064
153 6.401743999999999
154 5.638252
155 5.506388
156 5.936124999999999
157 6.103163
158 5.397555
159 4.645229999999999
160 5.5902270000000005
161 6.620604
162 5.997047
163 4.7248339999999995
164 5.387791
165 6.333717000000001
166 5.624715999999999
167 5.452548000000001
168 5.934106999999999
169 6.138
170 5.345091
171 4.575500999999999
172 5.554829
173 6.566254000000001
174 5.947347000000001
175 5.029297999999999
176 5.3135449999999995
177 6.2612380000000005
178 5.562384999999999
179 5.397018000000001
180 5.883536999999999
181 6.759133
182 5.314407
183 4.499664999999999
184 5.490423
185 6.509283999999999
186 5.895707000000001
187 4.981727999999999
188 5.313537999999999
189 6.1814550000000015
190 5.495627999999999
191 5.338438000000001
192 5.8307269999999995
193 6.710652999999999
194 5.314405
195 4.415221
196 5.421021
197 6.448952
198 5.841617000000001
199 4.932257999999999
200 5.958251000000001
201 6.107311000000001
202 5.482030999999999
203 5.357925999999999
204 5.775256999999999
205 6.651513
206 5.265896
207 4.459127
208 5.456767
209 6.497525
210 5.869267000000001
211 5.035956
212 5.3388670000000005
213 6.192796
214 5.623004
215 5.04949
216 5.870754999999999
217 6.776324
218 5.990719
219 4.384593
220 5.431463
221 6.47029
222 5.845915
223 4.985225999999999
224 5.985139
225 6.162035
226 5.5602670000000005
227 4.655932999999999
228 5.8234449999999995
229 6.733404
230 5.951159
231 4.3845659999999995
232 5.365575
233 6.415000000000001
234 5.797325
235 4.9413659999999995
236 5.944859
237 6.162029
238 5.4774650000000005
239 4.587444999999999
240 5.763719
241 6.679744000000001
242 5.902029
243 5.029278
244 5.277519
245 6.343646000000001
246 5.7357320000000005
247 4.886376
248 5.894709000000001
249 6.791092000000001
250 5.4320010000000005
251 4.512823999999999
252 5.7000649999999995
253 6.623304
254 5.909587
255 4.989777999999999
256 5.3440389999999995
257 4.904669999999999
258 5.669797000000001
259 4.828355999999999
260 5.842299
261 6.760573000000001
262 5.540241000000001
263 4.508495999999999
264 5.695686
265 6.582466999999999
266 5.9209130000000005
267 4.932257999999999
268 6.056091
269 4.867972
270 5.617462000000001
271 4.7561
272 5.825271
273 6.737155
274 6.161405
275 4.463032
276 5.6079039999999996
277 6.537702
278 5.889061
279 4.889407999999999
280 6.016591
281 4.867972
282 5.551596
283 4.700828
284 5.776701
285 6.693315
286 6.121135000000001
287 4.463032
288 5.538269
289 6.469219000000001
290 5.829335
291 4.835747999999999
292 5.967461
293 5.5126859999999995
294 5.463541
295 4.629474
296 5.715108
297 6.638325
298 6.070985000000001
299 5.092096
300 5.492805
301 6.394598
302 5.765681000000001
303 4.779307999999999
304 5.932405
305 5.473186
306 5.463541
307 4.551087
308 5.649173
309 5.219716999999999
310 6.018575
311 5.119482
312 5.513241
313 6.311802000000001
314 5.8054380000000005
315 4.778379999999999
316 5.991401
317 5.4928349999999995
318 6.123643
319 4.463032
320 5.622711000000001
321 5.209480999999999
322 5.995125000000001
323 5.069331999999999
324 6.183176999999999
325 6.302816000000002
326 5.747718000000001
327 4.710557
328 5.885441999999999
329 5.415954
330 6.058731
331 4.435201999999999
332 5.475856
333 5.087778
334 5.888849000000001
335 4.964432
336 6.087136999999999
337 6.93398
338 5.633656
339 4.601882999999999
340 5.812307
341 5.351024000000001
342 5.999741
343 5.068776
344 5.456526
345 4.99403
346 5.809764000000001
347 4.904072
348 6.032596999999999
349 6.88385
350 5.632683000000001
351 4.5182839999999995
352 5.743145999999999
353 5.290699
354 5.945541
355 5.019146
356 6.117197
357 4.905766
358 5.7382360000000014
359 4.84233
360 5.968016999999999
361 5.464412
362 6.354649
363 4.551233
364 5.738835
365 5.215958
366 5.987591000000001
367 5.017904
368 6.182273
369 4.955641
370 5.661314000000001
371 4.764904
372 5.956848999999999
373 5.4468939999999995
374 6.306159
375 4.551229
376 5.695261999999999
377 5.183031999999999
378 5.957322000000001
379 4.993213
380 6.132803
381 5.600353999999999
382 5.602557000000001
383 4.705031
384 5.905256
385 5.400874
386 6.264219
387 5.180293
388 5.664604999999999
389 5.120378
390 5.903983000000002
391 4.945973
392 6.081183
393 4.907131
394 5.648457000000001
395 4.741822999999999
396 5.936849
397 5.428994
398 6.289809
399 5.196173
400 5.664720999999998
401 5.158652
402 5.936428000000001
403 4.9746429999999995
404 6.115913
405 5.584764
406 5.6025860000000005
407 4.666872
408 5.872908999999999
409 5.372294
410 6.238329
411 5.232009
412 5.726163999999999
413 5.080178999999999
414 5.9712760000000005
415 4.9436230000000005
416 6.1469689999999995
417 5.552728
418 5.602559000000001
419 4.6428519999999995
420 5.826852999999999
421 5.329668
422 6.184659
423 5.182868999999999
424 6.429722
425 5.0274209999999995
426 5.899918
427 4.93614
428 6.132840999999998
429 5.571413999999999
430 6.261683000000001
431 4.626785
432 5.774676999999999
433 5.294048
434 6.1378390000000005
435 5.1403289999999995
436 6.398221999999999
437 5.02742
438 5.835177
439 4.881536
440 6.084720999999999
441 5.527913999999999
442 6.221673000000001
443 4.626785
444 5.706369999999999
445 5.226447
446 6.0786999999999995
447 5.087099
448 6.349421999999999
449 5.672134
450 5.748986
451 4.81118
452 6.023771999999999
453 5.464014
454 6.163363000000001
455 5.2558489999999995
456 5.646417
457 5.140028
458 6.0048390000000005
459 5.021528999999999
460 6.304882999999999
461 5.6326339999999995
462 5.780887
463 4.79602
464 6.008844999999999
465 5.405993999999999
466 6.211809000000001
467 5.234738999999999
468 5.709496999999999
469 5.057232
470 5.936356
471 5.034758999999999
472 6.318762
473 5.600623
474 6.473013
475 4.707965
476 5.996341999999999
477 5.379702999999999
478 6.1568190000000005
479 5.238709
480 6.381296999999999
481 5.011768
482 5.861735
483 4.971105
484 6.284768000000001
485 5.575202
486 6.4415130000000005
487 4.707965
488 5.931602
489 5.325099
490 6.108699
491 5.195209
492 6.3412869999999995
493 5.011768
494 5.7934280000000005
495 4.914419999999999
496 6.2352490000000005
497 5.521972
498 6.392713
499 5.352679
500 5.8454109999999995
501 5.2547429999999995
502 6.04775
503 5.140669000000001
504 6.291486999999999
505 5.648682
506 5.733475
507 4.8409379999999995
508 6.1723040000000005
509 5.466022000000001
510 6.341843
511 5.321179
512 5.844931
513 5.177674
514 5.995566
515 5.032667
516 6.246488999999999
517 5.551022000000001
518 5.705645
519 4.769575
520 6.034636000000001
521 5.3468290000000005
522 6.235213
523 5.288095
524 6.5540449999999995
525 5.0941279999999995
526 5.917264
527 5.022156
528 6.220640999999999
529 5.540582
530 5.294468
531 4.91058
532 5.978464000000001
533 5.297994
534 6.163485
535 5.232255
536 6.502915
537 5.7550539999999994
538 5.843871999999999
539 4.962427
540 6.1689739999999995
541 5.494402
542 5.252318
543 5.547267
544 5.9327760000000005
545 5.236128
546 6.11059
547 5.175675
548 6.451545
549 5.715434
550 5.828303
551 4.871665
552 6.092455999999999
553 5.426982000000001
554 5.191377999999999
555 5.491217
556 5.932761000000001
557 5.140383
558 6.031181
559 5.115938999999999
560 6.397875000000001
561 5.666294
562 6.473013
563 4.783606999999999
564 6.036130999999999
565 5.3653889999999995
566 5.18379
567 5.509543000000001
568 6.561824
569 5.094918
570 5.956559
571 5.122889
572 6.341435000000001
573 5.615054
574 6.523297000000001
575 4.8565629999999995
576 6.002836
577 5.348006
578 5.173181999999999
579 5.532775
580 5.925123000000001
581 5.0953859999999995
582 4.974670999999999
583 5.21437
584 6.413051
585 5.674474
586 6.547377
587 4.856678999999999
588 6.043137
589 5.392569999999999
590 5.212292
591 5.568045
592 6.586906000000001
593 5.0949469999999994
594 4.909584
595 5.159471
596 6.364671000000001
597 5.630724
598 6.507157000000001
599 4.85657
600 5.974740000000001
601 5.324894
602 5.153086999999999
603 5.514755
604 6.538046
605 5.739642
606 4.823371
607 5.0890949999999995
608 6.3037030000000005
609 5.576174
610 6.457337000000001
611 5.4934769999999995
612 5.914782000000001
613 5.2514069999999995
614 5.090138999999999
615 5.458805
616 6.487176
617 5.708132
618 4.8078579999999995
619 5.080501000000001
620 6.238554000000001
621 5.518694
622 6.4053270000000015
623 5.516221
624 5.934398
625 5.1859329999999995
626 5.112321
627 5.447077999999999
628 6.453563
629 5.707884
630 5.452571999999999
631 5.097012
632 6.2090700000000005
633 5.490112999999999
634 5.330346
635 5.525218999999999
636 6.610546000000001
637 5.15752
638 5.038838999999999
639 5.407839
640 6.40761
641 5.657013999999999
642 5.421072
643 5.108561
644 6.132001000000001
645 5.424964999999999
646 5.272866
647 5.473208999999999
648 6.562686000000001
649 5.15752
650 4.9575949999999995
651 5.340238
652 6.358091
653 5.603783999999999
654 5.372272
655 5.753275
656 6.045810000000001
657 5.354608999999999
658 5.211917
659 5.4186689999999995
660 6.512886
661 5.794434
662 4.897641999999999
663 5.266756
664 6.295146000000001
665 5.547834
666 5.321401999999999
667 5.721775
668 6.030299000000001
669 5.27754
670 5.146769
671 5.429665
672 6.460876000000001
673 5.746574
674 4.9831140000000005
675 5.185512
676 6.227545000000001
677 5.504465
678 5.357956
679 5.786907
680 6.694630000000001
681 5.191349
682 5.076413
683 5.395776
684 6.4630030000000005
685 5.742938
686 5.6200280000000005
687 5.125559
688 6.154063000000001
689 5.473059999999999
690 5.3020059999999996
691 5.759743
692 6.682747000000001
693 5.175838
694 5.012741
695 5.368876
696 6.4153329999999995
697 5.699758
698 5.580278000000001
699 5.125559
700 6.087010000000001
701 5.393661
702 5.201372999999999
703 5.660093000000001
704 6.5917069999999995
705 5.148007999999999
706 4.869812
707 5.227194
708 6.293575000000001
709 5.591317999999999
710 5.472718
711 5.716783
712 6.013903000000001
713 5.2516799999999995
714 5.1130949999999995
715 5.5920950000000005
716 6.530447
717 5.7408019999999995
718 5.542876
719 5.124323
720 6.209270000000001
721 5.51813
722 5.45684
723 5.664953
724 6.64991
725 5.190843999999999
726 5.124363000000001
727 5.550969
728 6.473936999999999
729 5.705181999999999
730 5.510885999999999
731 5.200311
732 6.186731
733 5.514545
734 5.090044999999999
735 5.630963
736 6.650436999999999
737 5.236948
738 5.028582000000001
739 5.516421
740 6.442331
741 5.674341999999999
742 5.453726
743 5.870223
744 6.085017
745 5.460808
746 4.698838999999999
747 5.612383
748 6.6087869999999995
749 5.873858
750 4.9831140000000005
751 5.454734
752 6.389591000000001
753 5.627511999999999
754 5.411185999999999
755 5.838723
756 6.085016
757 5.383739
758 4.633690999999999
759 5.554903
760 6.556776999999999
761 5.825998
762 4.9831140000000005
763 5.37349
764 6.321990000000001
765 5.568372999999999
766 5.357956
767 5.7732030000000005
768 6.05328
769 5.423617
770 4.667167999999998
771 5.584323
772 6.583337
773 5.909196
774 5.024102
775 5.415339
776 6.356521000000001
777 5.598451999999999
778 5.4704180000000004
779 5.903065
780 6.102696
781 5.342015999999999
782 4.599264999999999
783 5.550136
784 6.584574000000001
785 5.964057
786 5.369444999999999
787 5.329055
788 6.286087
789 5.583590999999999
790 5.415818000000001
791 5.900616999999999
792 6.774883
793 5.314407
794 4.5257629999999995
795 5.512388
796 6.528614
797 5.921807
798 5.0057279999999995
799 5.313537999999999
800 6.222410000000001
801 5.529627
802 5.368148000000001
803 5.857436999999999
804 6.735133
805 5.314405
806 4.458708
807 5.456422
808 6.4795739999999995
809 5.868997000000001
810 4.957247999999999
811 5.313537
812 6.137968000000001
813 5.460226
814 5.307816000000001
815 5.803347
816 6.685663
817 5.959118999999999
818 4.384563999999999
819 5.384028
820 6.417318
821 5.8135270000000006
822 4.906737999999999
823 5.9347010000000004
824 6.107311000000001
825 5.4432089999999995
826 5.284300999999999
827 5.746396999999999
828 6.625213
829 5.903459
830 4.384563999999999
831 5.2900599999999995
832 6.35658
833 5.744858000000001
834 4.923346
835 5.9031649999999996
836 6.806742
837 5.447512000000001
838 4.903481999999999
839 5.742976
840 6.661264
841 5.885199
842 5.021477999999999
843 5.277519
844 6.3184000000000005
845 5.714281000000001
846 4.867395999999999
847 5.877509
848 6.775242
849 5.4320010000000005
850 4.499663
851 5.689016
852 6.613594000000001
853 5.842019
854 4.981727999999999
855 5.277519
856 6.251347000000001
857 5.658316
858 4.818356
859 5.833329000000001
860 6.734712
861 5.4320010000000005
862 4.415221
863 5.619615
864 6.553262000000001
865 5.787929
866 4.932257999999999
867 5.922233
868 6.177203
869 5.585922
870 4.7561
871 5.777859
872 6.684202000000001
873 6.053165
874 4.384563999999999
875 5.543799999999999
876 6.488875
877 5.789777
878 4.880637999999999
879 5.941203
880 4.816615
881 5.506145
882 4.689347
883 5.719289000000001
884 6.649043000000001
885 6.112925000000001
886 4.463032
887 5.502094
888 6.426220000000001
889 5.771997000000001
890 4.769597999999999
891 5.907451
892 5.457026
893 5.4357109999999995
894 4.540913999999999
895 5.64077
896 6.572985
897 6.002975000000001
898 5.029656
899 6.139599
900 6.282861000000001
901 5.686027000000001
902 4.7099519999999995
903 5.853971
904 5.416226
905 6.108775
906 4.463289
907 5.565505
908 6.508224
909 5.954295000000001
910 4.985346
911 6.1140989999999995
912 6.266402000000001
913 5.60947
914 4.644923999999999
915 5.796451
916 5.3640859999999995
917 6.060735
918 4.463048
919 5.4855350000000005
920 6.441308000000001
921 5.895575000000001
922 4.923356
923 6.0572289999999995
924 6.911061999999999
925 5.509832
926 4.563337999999999
927 5.7256540000000005
928 5.300676
929 6.002795000000001
930 5.099946
931 5.411378
932 4.995590999999999
933 5.822522000000001
934 4.942952
935 6.026784999999999
936 6.879552000000001
937 5.602557000000001
938 4.545063999999999
939 5.767975999999999
940 5.311975
941 5.966173
942 5.052086
943 5.433822999999999
944 4.9657029999999995
945 5.786460000000001
946 4.883813
947 6.0144269999999995
948 6.867230000000001
949 6.277333000000001
950 4.488271999999999
951 5.7189879999999995
952 5.269914999999999
953 5.936301
954 5.002286
955 5.40776
956 5.021245
957 5.832427000000001
958 4.923912
959 6.050446999999999
960 6.90022
961 5.632735000000001
962 4.547008999999999
963 5.766617999999999
964 5.311044000000001
965 5.963741000000001
966 5.035776
967 5.456297999999999
968 4.936435
969 5.762717
970 4.863308999999999
971 5.996117
972 6.850530000000001
973 6.2773530000000015
974 4.472767999999999
975 5.694144
976 5.248713
977 5.9082110000000005
978 4.985206
979 6.077433
980 4.905752
981 5.686881000000001
982 4.798903999999999
983 5.939146999999999
984 5.438301999999999
985 6.330639
986 4.551229999999999
987 5.697877
988 5.1819560000000005
989 5.957881000000001
990 4.991194
991 6.136424999999999
992 4.955640000000001
993 5.617826000000001
994 4.729501999999999
995 5.902520999999999
996 5.419514
997 6.281169
998 5.195943
999 5.664604999999999
