0 0.0
1 0.05024
2 0.016639999999999999
3 0.05824
4 0.066559999999999994
5 0.066559999999999994
6 0.041599999999999998
7 0.0
8 0.11648
9 0.066559999999999994
10 0.066559999999999994
11 0.0083199999999999993
12 0.10816000000000001
13 0.041599999999999998
14 0.049919999999999999
15 0.0
16 0.091520000000000004
17 0.066559999999999994
18 0.041599999999999998
19 0.0
20 0.099839999999999998
21 0.049919999999999999
22 0.049919999999999999
23 0.0
24 0.099839999999999998
25 0.05824
26 0.041599999999999998
27 0.0
28 0.099839999999999998
29 0.066559999999999994
30 0.033279999999999997
31 0.0
32 0.099839999999999998
33 0.05824
34 0.041599999999999998
35 0.0
36 0.10816000000000001
37 0.049919999999999999
38 0.041599999999999998
39 0.0
40 0.099839999999999998
41 0.066559999999999994
42 0.033279999999999997
43 0.0
44 0.099839999999999998
45 0.05824
46 0.041599999999999998
47 0.0
48 0.10816000000000001
49 0.049919999999999999
50 0.041599999999999998
51 0.0
52 0.099839999999999998
53 0.066559999999999994
54 0.033279999999999997
55 0.0
56 0.099839999999999998
57 0.05824
58 0.041599999999999998
59 0.0
60 0.10816000000000001
61 0.049919999999999999
62 0.041599999999999998
63 0.0
64 0.099839999999999998
65 0.066559999999999994
66 0.033279999999999997
67 0.0
68 0.099839999999999998
69 0.05824
70 0.041599999999999998
71 0.0
72 0.10816000000000001
73 0.049919999999999999
74 0.041599999999999998
75 0.0
76 0.099839999999999998
77 0.066559999999999994
78 0.033279999999999997
79 0.0
80 0.099839999999999998
81 0.066559999999999994
82 0.033279999999999997
83 0.0
84 0.11648
85 0.041599999999999998
86 0.041599999999999998
87 0.0
88 0.10816000000000001
89 0.05824
90 0.033279999999999997
91 0.0
92 0.099839999999999998
93 0.066559999999999994
94 0.033279999999999997
95 0.0
96 0.11648
97 0.041599999999999998
98 0.041599999999999998
99 0.0
100 0.10816000000000001
101 0.05824
102 0.033279999999999997
103 0.0
104 0.099839999999999998
105 0.066559999999999994
106 0.033279999999999997
107 0.0
108 0.11648
109 0.041599999999999998
110 0.041599999999999998
111 0.0
112 0.10816000000000001
113 0.05824
114 0.033279999999999997
115 0.0
116 0.099839999999999998
117 0.066559999999999994
118 0.033279999999999997
119 0.0
120 0.11648
121 0.041599999999999998
122 0.041599999999999998
123 0.0
124 0.10816000000000001
125 0.05824
126 0.033279999999999997
127 0.0
128 0.099839999999999998
129 0.074880000000000002
130 0.02496
131 0.0
132 0.11648
133 0.041599999999999998
134 0.041599999999999998
135 0.066559999999999994
136 0.049919999999999999
137 0.049919999999999999
138 0.033279999999999997
139 0.0
140 0.10816000000000001
141 0.066559999999999994
142 0.02496
143 0.0
144 0.11648
145 0.041599999999999998
146 0.041599999999999998
147 0.066559999999999994
148 0.049919999999999999
149 0.049919999999999999
150 0.033279999999999997
151 0.0
152 0.10816000000000001
153 0.066559999999999994
154 0.02496
155 0.0
156 0.11648
157 0.041599999999999998
158 0.041599999999999998
159 0.066559999999999994
160 0.049919999999999999
161 0.049919999999999999
162 0.033279999999999997
163 0.0
164 0.10816000000000001
165 0.066559999999999994
166 0.02496
167 0.0
168 0.11648
169 0.041599999999999998
170 0.041599999999999998
171 0.066559999999999994
172 0.049919999999999999
173 0.049919999999999999
174 0.033279999999999997
175 0.0
176 0.10816000000000001
177 0.066559999999999994
178 0.02496
179 0.0
180 0.11648
181 0.041599999999999998
182 0.041599999999999998
183 0.066559999999999994
184 0.05824
185 0.041599999999999998
186 0.033279999999999997
187 0.066559999999999994
188 0.049919999999999999
189 0.05824
190 0.02496
191 0.0
192 0.11648
193 0.041599999999999998
194 0.041599999999999998
195 0.066559999999999994
196 0.05824
197 0.041599999999999998
198 0.033279999999999997
199 0.066559999999999994
200 0.049919999999999999
201 0.05824
202 0.02496
203 0.0
204 0.11648
205 0.041599999999999998
206 0.041599999999999998
207 0.066559999999999994
208 0.05824
209 0.041599999999999998
210 0.033279999999999997
211 0.066559999999999994
212 0.049919999999999999
213 0.05824
214 0.02496
215 0.0
216 0.11648
217 0.041599999999999998
218 0.041599999999999998
219 0.066559999999999994
220 0.05824
221 0.041599999999999998
222 0.033279999999999997
223 0.066559999999999994
224 0.049919999999999999
225 0.05824
226 0.02496
227 0.0
228 0.11648
229 0.041599999999999998
230 0.041599999999999998
231 0.066559999999999994
232 0.05824
233 0.041599999999999998
234 0.033279999999999997
235 0.074880000000000002
236 0.049919999999999999
237 0.049919999999999999
238 0.02496
239 0.066559999999999994
240 0.049919999999999999
241 0.049919999999999999
242 0.033279999999999997
243 0.066559999999999994
244 0.05824
245 0.041599999999999998
246 0.033279999999999997
247 0.074880000000000002
248 0.049919999999999999
249 0.049919999999999999
250 0.02496
251 0.066559999999999994
252 0.049919999999999999
253 0.049919999999999999
254 0.033279999999999997
255 0.066559999999999994
256 0.05824
257 0.041599999999999998
258 0.033279999999999997
259 0.074880000000000002
260 0.049919999999999999
261 0.049919999999999999
262 0.02496
263 0.066559999999999994
264 0.049919999999999999
265 0.049919999999999999
266 0.033279999999999997
267 0.066559999999999994
268 0.05824
269 0.041599999999999998
270 0.033279999999999997
271 0.074880000000000002
272 0.049919999999999999
273 0.049919999999999999
274 0.02496
275 0.066559999999999994
276 0.049919999999999999
277 0.049919999999999999
278 0.033279999999999997
279 0.066559999999999994
280 0.05824
281 0.041599999999999998
282 0.033279999999999997
283 0.074880000000000002
284 0.049919999999999999
285 0.049919999999999999
286 0.02496
287 0.074880000000000002
288 0.041599999999999998
289 0.05824
290 0.02496
291 0.066559999999999994
292 0.05824
293 0.041599999999999998
294 0.033279999999999997
295 0.074880000000000002
296 0.05824
297 0.041599999999999998
298 0.02496
299 0.074880000000000002
300 0.041599999999999998
301 0.05824
302 0.02496
303 0.066559999999999994
304 0.05824
305 0.041599999999999998
306 0.033279999999999997
307 0.074880000000000002
308 0.05824
309 0.041599999999999998
310 0.02496
311 0.074880000000000002
312 0.041599999999999998
313 0.05824
314 0.02496
315 0.066559999999999994
316 0.05824
317 0.041599999999999998
318 0.033279999999999997
319 0.074880000000000002
320 0.05824
321 0.041599999999999998
322 0.02496
323 0.074880000000000002
324 0.041599999999999998
325 0.05824
326 0.02496
327 0.066559999999999994
328 0.05824
329 0.041599999999999998
330 0.033279999999999997
331 0.074880000000000002
332 0.05824
333 0.041599999999999998
334 0.02496
335 0.074880000000000002
336 0.041599999999999998
337 0.066559999999999994
338 0.016639999999999999
339 0.074880000000000002
340 0.049919999999999999
341 0.049919999999999999
342 0.02496
343 0.074880000000000002
344 0.05824
345 0.041599999999999998
346 0.02496
347 0.083199999999999996
348 0.041599999999999998
349 0.05824
350 0.016639999999999999
351 0.074880000000000002
352 0.049919999999999999
353 0.049919999999999999
354 0.02496
355 0.074880000000000002
356 0.05824
357 0.041599999999999998
358 0.02496
359 0.083199999999999996
360 0.041599999999999998
361 0.05824
362 0.016639999999999999
363 0.074880000000000002
364 0.049919999999999999
365 0.049919999999999999
366 0.02496
367 0.074880000000000002
368 0.05824
369 0.041599999999999998
370 0.02496
371 0.083199999999999996
372 0.041599999999999998
373 0.05824
374 0.016639999999999999
375 0.074880000000000002
376 0.049919999999999999
377 0.049919999999999999
378 0.02496
379 0.074880000000000002
380 0.05824
381 0.041599999999999998
382 0.02496
383 0.083199999999999996
384 0.041599999999999998
385 0.05824
386 0.016639999999999999
387 0.074880000000000002
388 0.049919999999999999
389 0.05824
390 0.016639999999999999
391 0.074880000000000002
392 0.05824
393 0.041599999999999998
394 0.02496
395 0.083199999999999996
396 0.049919999999999999
397 0.05824
398 0.0083199999999999993
399 0.083199999999999996
400 0.041599999999999998
401 0.05824
402 0.016639999999999999
403 0.074880000000000002
404 0.05824
405 0.041599999999999998
406 0.02496
407 0.083199999999999996
408 0.049919999999999999
409 0.05824
410 0.0083199999999999993
411 0.083199999999999996
412 0.041599999999999998
413 0.05824
414 0.016639999999999999
415 0.074880000000000002
416 0.05824
417 0.041599999999999998
418 0.02496
419 0.083199999999999996
420 0.049919999999999999
421 0.05824
422 0.0083199999999999993
423 0.083199999999999996
424 0.041599999999999998
425 0.05824
426 0.016639999999999999
427 0.074880000000000002
428 0.05824
429 0.041599999999999998
430 0.02496
431 0.083199999999999996
432 0.049919999999999999
433 0.05824
434 0.0083199999999999993
435 0.083199999999999996
436 0.041599999999999998
437 0.05824
438 0.016639999999999999
439 0.074880000000000002
440 0.05824
441 0.049919999999999999
442 0.016639999999999999
443 0.083199999999999996
444 0.05824
445 0.05824
446 0.0
447 0.091520000000000004
448 0.041599999999999998
449 0.05824
450 0.0083199999999999993
451 0.083199999999999996
452 0.049919999999999999
453 0.049919999999999999
454 0.016639999999999999
455 0.083199999999999996
456 0.05824
457 0.05824
458 0.0
459 0.091520000000000004
460 0.041599999999999998
461 0.05824
462 0.0083199999999999993
463 0.083199999999999996
464 0.049919999999999999
465 0.049919999999999999
466 0.016639999999999999
467 0.083199999999999996
468 0.05824
469 0.05824
470 0.0
471 0.091520000000000004
472 0.041599999999999998
473 0.05824
474 0.0083199999999999993
475 0.083199999999999996
476 0.049919999999999999
477 0.049919999999999999
478 0.016639999999999999
479 0.083199999999999996
480 0.05824
481 0.05824
482 0.0
483 0.091520000000000004
484 0.041599999999999998
485 0.05824
486 0.0083199999999999993
487 0.083199999999999996
488 0.049919999999999999
489 0.049919999999999999
490 0.016639999999999999
491 0.083199999999999996
492 0.05824
493 0.05824
494 0.0
495 0.091520000000000004
496 0.049919999999999999
497 0.05824
498 0.0
499 0.091520000000000004
500 0.041599999999999998
501 0.05824
502 0.0083199999999999993
503 0.083199999999999996
504 0.066559999999999994
505 0.049919999999999999
506 0.0
507 0.091520000000000004
508 0.049919999999999999
509 0.05824
510 0.0
511 0.091520000000000004
512 0.041599999999999998
513 0.05824
514 0.0083199999999999993
515 0.083199999999999996
516 0.066559999999999994
517 0.049919999999999999
518 0.0
519 0.091520000000000004
520 0.049919999999999999
521 0.05824
522 0.0
523 0.091520000000000004
524 0.041599999999999998
525 0.05824
526 0.0083199999999999993
527 0.083199999999999996
528 0.066559999999999994
529 0.049919999999999999
530 0.0
531 0.091520000000000004
532 0.049919999999999999
533 0.05824
534 0.0
535 0.091520000000000004
536 0.041599999999999998
537 0.05824
538 0.0083199999999999993
539 0.083199999999999996
540 0.066559999999999994
541 0.049919999999999999
542 0.0
543 0.091520000000000004
544 0.049919999999999999
545 0.05824
546 0.0
547 0.099839999999999998
548 0.041599999999999998
549 0.05824
550 0.0
551 0.091520000000000004
552 0.066559999999999994
553 0.041599999999999998
554 0.0
555 0.091520000000000004
556 0.05824
557 0.049919999999999999
558 0.0
559 0.099839999999999998
560 0.041599999999999998
561 0.05824
562 0.0
563 0.091520000000000004
564 0.066559999999999994
565 0.041599999999999998
566 0.0
567 0.091520000000000004
568 0.05824
569 0.049919999999999999
570 0.0
571 0.099839999999999998
572 0.041599999999999998
573 0.05824
574 0.0
575 0.091520000000000004
576 0.066559999999999994
577 0.041599999999999998
578 0.0
579 0.091520000000000004
580 0.05824
581 0.049919999999999999
582 0.0
583 0.099839999999999998
584 0.041599999999999998
585 0.05824
586 0.0
587 0.091520000000000004
588 0.066559999999999994
589 0.041599999999999998
590 0.0
591 0.091520000000000004
592 0.05824
593 0.049919999999999999
594 0.0
595 0.099839999999999998
596 0.041599999999999998
597 0.05824
598 0.0
599 0.099839999999999998
600 0.05824
601 0.041599999999999998
602 0.0
603 0.091520000000000004
604 0.066559999999999994
605 0.041599999999999998
606 0.0
607 0.099839999999999998
608 0.049919999999999999
609 0.049919999999999999
610 0.0
611 0.099839999999999998
612 0.05824
613 0.041599999999999998
614 0.0
615 0.091520000000000004
616 0.066559999999999994
617 0.041599999999999998
618 0.0
619 0.099839999999999998
620 0.049919999999999999
621 0.049919999999999999
622 0.0
623 0.099839999999999998
624 0.05824
625 0.041599999999999998
626 0.0
627 0.091520000000000004
628 0.066559999999999994
629 0.041599999999999998
630 0.0
631 0.099839999999999998
632 0.049919999999999999
633 0.049919999999999999
634 0.0
635 0.099839999999999998
636 0.05824
637 0.041599999999999998
638 0.0
639 0.091520000000000004
640 0.066559999999999994
641 0.041599999999999998
642 0.0
643 0.099839999999999998
644 0.049919999999999999
645 0.049919999999999999
646 0.0
647 0.099839999999999998
648 0.05824
649 0.041599999999999998
650 0.0
651 0.099839999999999998
652 0.066559999999999994
653 0.033279999999999997
654 0.0
655 0.099839999999999998
656 0.05824
657 0.041599999999999998
658 0.0
659 0.10816000000000001
660 0.049919999999999999
661 0.041599999999999998
662 0.0
663 0.099839999999999998
664 0.066559999999999994
665 0.033279999999999997
666 0.0
667 0.099839999999999998
668 0.05824
669 0.041599999999999998
670 0.0
671 0.10816000000000001
672 0.049919999999999999
673 0.041599999999999998
674 0.0
675 0.099839999999999998
676 0.066559999999999994
677 0.033279999999999997
678 0.0
679 0.099839999999999998
680 0.05824
681 0.041599999999999998
682 0.0
683 0.10816000000000001
684 0.049919999999999999
685 0.041599999999999998
686 0.0
687 0.099839999999999998
688 0.066559999999999994
689 0.033279999999999997
690 0.0
691 0.099839999999999998
692 0.05824
693 0.041599999999999998
694 0.0
695 0.10816000000000001
696 0.049919999999999999
697 0.041599999999999998
698 0.0
699 0.099839999999999998
700 0.066559999999999994
701 0.033279999999999997
702 0.0
703 0.099839999999999998
704 0.066559999999999994
705 0.033279999999999997
706 0.0
707 0.11648
708 0.041599999999999998
709 0.041599999999999998
710 0.0
711 0.10816000000000001
712 0.05824
713 0.033279999999999997
714 0.0
715 0.099839999999999998
716 0.066559999999999994
717 0.033279999999999997
718 0.0
719 0.11648
720 0.041599999999999998
721 0.041599999999999998
722 0.0
723 0.10816000000000001
724 0.05824
725 0.033279999999999997
726 0.0
727 0.099839999999999998
728 0.066559999999999994
729 0.033279999999999997
730 0.0
731 0.11648
732 0.041599999999999998
733 0.041599999999999998
734 0.0
735 0.10816000000000001
736 0.05824
737 0.033279999999999997
738 0.0
739 0.099839999999999998
740 0.066559999999999994
741 0.033279999999999997
742 0.0
743 0.11648
744 0.041599999999999998
745 0.041599999999999998
746 0.0
747 0.10816000000000001
748 0.05824
749 0.033279999999999997
750 0.0
751 0.099839999999999998
752 0.066559999999999994
753 0.033279999999999997
754 0.0
755 0.11648
756 0.041599999999999998
757 0.041599999999999998
758 0.066559999999999994
759 0.049919999999999999
760 0.049919999999999999
761 0.033279999999999997
762 0.0
763 0.10816000000000001
764 0.066559999999999994
765 0.02496
766 0.0
767 0.11648
768 0.041599999999999998
769 0.041599999999999998
770 0.066559999999999994
771 0.049919999999999999
772 0.049919999999999999
773 0.033279999999999997
774 0.0
775 0.10816000000000001
776 0.066559999999999994
777 0.02496
778 0.0
779 0.11648
780 0.041599999999999998
781 0.041599999999999998
782 0.066559999999999994
783 0.049919999999999999
784 0.049919999999999999
785 0.033279999999999997
786 0.0
787 0.10816000000000001
788 0.066559999999999994
789 0.02496
790 0.0
791 0.11648
792 0.041599999999999998
793 0.041599999999999998
794 0.066559999999999994
795 0.049919999999999999
796 0.049919999999999999
797 0.033279999999999997
798 0.0
799 0.10816000000000001
800 0.066559999999999994
801 0.02496
802 0.0
803 0.11648
804 0.041599999999999998
805 0.041599999999999998
806 0.066559999999999994
807 0.05824
808 0.041599999999999998
809 0.033279999999999997
810 0.066559999999999994
811 0.049919999999999999
812 0.05824
813 0.02496
814 0.0
815 0.11648
816 0.041599999999999998
817 0.041599999999999998
818 0.066559999999999994
819 0.05824
820 0.041599999999999998
821 0.033279999999999997
822 0.066559999999999994
823 0.049919999999999999
824 0.05824
825 0.02496
826 0.0
827 0.11648
828 0.041599999999999998
829 0.041599999999999998
830 0.066559999999999994
831 0.05824
832 0.041599999999999998
833 0.033279999999999997
834 0.066559999999999994
835 0.049919999999999999
836 0.05824
837 0.02496
838 0.0
839 0.11648
840 0.041599999999999998
841 0.041599999999999998
842 0.066559999999999994
843 0.05824
844 0.041599999999999998
845 0.033279999999999997
846 0.066559999999999994
847 0.049919999999999999
848 0.05824
849 0.02496
850 0.0
851 0.11648
852 0.041599999999999998
853 0.041599999999999998
854 0.066559999999999994
855 0.05824
856 0.041599999999999998
857 0.033279999999999997
858 0.074880000000000002
859 0.049919999999999999
860 0.049919999999999999
861 0.02496
862 0.066559999999999994
863 0.049919999999999999
864 0.049919999999999999
865 0.033279999999999997
866 0.066559999999999994
867 0.05824
868 0.041599999999999998
869 0.033279999999999997
870 0.074880000000000002
871 0.049919999999999999
872 0.049919999999999999
873 0.02496
874 0.066559999999999994
875 0.049919999999999999
876 0.049919999999999999
877 0.033279999999999997
878 0.066559999999999994
879 0.05824
880 0.041599999999999998
881 0.033279999999999997
882 0.074880000000000002
883 0.049919999999999999
884 0.049919999999999999
885 0.02496
886 0.066559999999999994
887 0.049919999999999999
888 0.049919999999999999
889 0.033279999999999997
890 0.066559999999999994
891 0.05824
892 0.041599999999999998
893 0.033279999999999997
894 0.074880000000000002
895 0.049919999999999999
896 0.049919999999999999
897 0.02496
898 0.066559999999999994
899 0.049919999999999999
900 0.049919999999999999
901 0.033279999999999997
902 0.066559999999999994
903 0.05824
904 0.041599999999999998
905 0.033279999999999997
906 0.074880000000000002
907 0.049919999999999999
908 0.049919999999999999
909 0.02496
910 0.074880000000000002
911 0.041599999999999998
912 0.05824
913 0.02496
914 0.066559999999999994
915 0.05824
916 0.041599999999999998
917 0.033279999999999997
918 0.074880000000000002
919 0.05824
920 0.041599999999999998
921 0.02496
922 0.074880000000000002
923 0.041599999999999998
924 0.05824
925 0.02496
926 0.066559999999999994
927 0.05824
928 0.041599999999999998
929 0.033279999999999997
930 0.074880000000000002
931 0.05824
932 0.041599999999999998
933 0.02496
934 0.074880000000000002
935 0.041599999999999998
936 0.05824
937 0.02496
938 0.066559999999999994
939 0.05824
940 0.041599999999999998
941 0.033279999999999997
942 0.074880000000000002
943 0.05824
944 0.041599999999999998
945 0.02496
946 0.074880000000000002
947 0.041599999999999998
948 0.05824
949 0.02496
950 0.066559999999999994
951 0.05824
952 0.041599999999999998
953 0.033279999999999997
954 0.074880000000000002
955 0.05824
956 0.041599999999999998
957 0.02496
958 0.074880000000000002
959 0.041599999999999998
960 0.05824
961 0.02496
962 0.074880000000000002
963 0.049919999999999999
964 0.049919999999999999
965 0.02496
966 0.074880000000000002
967 0.05824
968 0.041599999999999998
969 0.02496
970 0.083199999999999996
971 0.041599999999999998
972 0.05824
973 0.016639999999999999
974 0.074880000000000002
975 0.049919999999999999
976 0.049919999999999999
977 0.02496
978 0.074880000000000002
979 0.05824
980 0.041599999999999998
981 0.02496
982 0.083199999999999996
983 0.041599999999999998
984 0.05824
985 0.016639999999999999
986 0.074880000000000002
987 0.049919999999999999
988 0.049919999999999999
989 0.02496
990 0.074880000000000002
991 0.05824
992 0.041599999999999998
993 0.02496
994 0.083199999999999996
995 0.041599999999999998
996 0.05824
997 0.016639999999999999
998 0.074880000000000002
999 0.049919999999999999
