0 0.0
1 0.05024
2 0.016639999999999999
3 0.049919999999999999
4 0.074880000000000002
5 0.066559999999999994
6 0.041599999999999998
7 0.099839999999999998
8 0.099839999999999998
9 0.091520000000000004
10 0.074880000000000002
11 0.041599999999999998
12 0.11648
13 0.066559999999999994
14 0.074880000000000002
15 0.049919999999999999
16 0.083199999999999996
17 0.074880000000000002
18 0.049919999999999999
19 0.041599999999999998
20 0.083199999999999996
21 0.05824
22 0.066559999999999994
23 0.049919999999999999
24 0.0
25 0.10816000000000001
26 0.066559999999999994
27 0.066559999999999994
28 0.016639999999999999
29 0.091520000000000004
30 0.05824
31 0.041599999999999998
32 0.0083199999999999993
33 0.091520000000000004
34 0.041599999999999998
35 0.05824
36 0.0083199999999999993
37 0.099839999999999998
38 0.033279999999999997
39 0.049919999999999999
40 0.016639999999999999
41 0.083199999999999996
42 0.05824
43 0.05824
44 0.0
45 0.091520000000000004
46 0.041599999999999998
47 0.05824
48 0.0083199999999999993
49 0.099839999999999998
50 0.033279999999999997
51 0.049919999999999999
52 0.016639999999999999
53 0.083199999999999996
54 0.05824
55 0.05824
56 0.0
57 0.091520000000000004
58 0.041599999999999998
59 0.05824
60 0.0083199999999999993
61 0.099839999999999998
62 0.033279999999999997
63 0.049919999999999999
64 0.016639999999999999
65 0.083199999999999996
66 0.05824
67 0.05824
68 0.0
69 0.091520000000000004
70 0.041599999999999998
71 0.05824
72 0.0083199999999999993
73 0.099839999999999998
74 0.033279999999999997
75 0.049919999999999999
76 0.016639999999999999
77 0.091520000000000004
78 0.05824
79 0.049919999999999999
80 0.0
81 0.091520000000000004
82 0.049919999999999999
83 0.05824
84 0.0
85 0.099839999999999998
86 0.033279999999999997
87 0.05824
88 0.0083199999999999993
89 0.091520000000000004
90 0.05824
91 0.049919999999999999
92 0.0
93 0.091520000000000004
94 0.049919999999999999
95 0.05824
96 0.0
97 0.099839999999999998
98 0.033279999999999997
99 0.05824
100 0.0083199999999999993
101 0.091520000000000004
102 0.05824
103 0.049919999999999999
104 0.0
105 0.091520000000000004
106 0.049919999999999999
107 0.05824
108 0.0
109 0.099839999999999998
110 0.033279999999999997
111 0.05824
112 0.0083199999999999993
113 0.091520000000000004
114 0.05824
115 0.049919999999999999
116 0.0
117 0.091520000000000004
118 0.049919999999999999
119 0.05824
120 0.0
121 0.099839999999999998
122 0.033279999999999997
123 0.05824
124 0.0083199999999999993
125 0.091520000000000004
126 0.05824
127 0.049919999999999999
128 0.0
129 0.091520000000000004
130 0.05824
131 0.049919999999999999
132 0.0
133 0.099839999999999998
134 0.041599999999999998
135 0.05824
136 0.0
137 0.099839999999999998
138 0.05824
139 0.041599999999999998
140 0.0
141 0.091520000000000004
142 0.05824
143 0.049919999999999999
144 0.0
145 0.099839999999999998
146 0.041599999999999998
147 0.05824
148 0.0
149 0.099839999999999998
150 0.05824
151 0.041599999999999998
152 0.0
153 0.091520000000000004
154 0.05824
155 0.049919999999999999
156 0.0
157 0.099839999999999998
158 0.041599999999999998
159 0.05824
160 0.0
161 0.099839999999999998
162 0.05824
163 0.041599999999999998
164 0.0
165 0.091520000000000004
166 0.05824
167 0.049919999999999999
168 0.0
169 0.099839999999999998
170 0.041599999999999998
171 0.05824
172 0.0
173 0.099839999999999998
174 0.05824
175 0.041599999999999998
176 0.0
177 0.091520000000000004
178 0.05824
179 0.049919999999999999
180 0.0
181 0.099839999999999998
182 0.049919999999999999
183 0.049919999999999999
184 0.0
185 0.10816000000000001
186 0.049919999999999999
187 0.041599999999999998
188 0.0
189 0.099839999999999998
190 0.05824
191 0.041599999999999998
192 0.0
193 0.099839999999999998
194 0.049919999999999999
195 0.049919999999999999
196 0.0
197 0.10816000000000001
198 0.049919999999999999
199 0.041599999999999998
200 0.0
201 0.099839999999999998
202 0.05824
203 0.041599999999999998
204 0.0
205 0.099839999999999998
206 0.049919999999999999
207 0.049919999999999999
208 0.0
209 0.10816000000000001
210 0.049919999999999999
211 0.041599999999999998
212 0.0
213 0.099839999999999998
214 0.05824
215 0.041599999999999998
216 0.0
217 0.099839999999999998
218 0.049919999999999999
219 0.049919999999999999
220 0.0
221 0.10816000000000001
222 0.049919999999999999
223 0.041599999999999998
224 0.0
225 0.099839999999999998
226 0.05824
227 0.041599999999999998
228 0.0
229 0.099839999999999998
230 0.049919999999999999
231 0.049919999999999999
232 0.0
233 0.11648
234 0.041599999999999998
235 0.041599999999999998
236 0.066559999999999994
237 0.041599999999999998
238 0.05824
239 0.033279999999999997
240 0.0
241 0.099839999999999998
242 0.05824
243 0.041599999999999998
244 0.0
245 0.11648
246 0.041599999999999998
247 0.041599999999999998
248 0.066559999999999994
249 0.041599999999999998
250 0.05824
251 0.033279999999999997
252 0.0
253 0.099839999999999998
254 0.05824
255 0.041599999999999998
256 0.0
257 0.11648
258 0.041599999999999998
259 0.041599999999999998
260 0.066559999999999994
261 0.041599999999999998
262 0.05824
263 0.033279999999999997
264 0.0
265 0.099839999999999998
266 0.05824
267 0.041599999999999998
268 0.0
269 0.11648
270 0.041599999999999998
271 0.041599999999999998
272 0.066559999999999994
273 0.041599999999999998
274 0.05824
275 0.033279999999999997
276 0.0
277 0.099839999999999998
278 0.05824
279 0.041599999999999998
280 0.0
281 0.11648
282 0.041599999999999998
283 0.041599999999999998
284 0.066559999999999994
285 0.049919999999999999
286 0.049919999999999999
287 0.033279999999999997
288 0.066559999999999994
289 0.041599999999999998
290 0.05824
291 0.033279999999999997
292 0.0
293 0.11648
294 0.041599999999999998
295 0.041599999999999998
296 0.066559999999999994
297 0.049919999999999999
298 0.049919999999999999
299 0.033279999999999997
300 0.066559999999999994
301 0.041599999999999998
302 0.05824
303 0.033279999999999997
304 0.0
305 0.11648
306 0.041599999999999998
307 0.041599999999999998
308 0.066559999999999994
309 0.049919999999999999
310 0.049919999999999999
311 0.033279999999999997
312 0.066559999999999994
313 0.041599999999999998
314 0.05824
315 0.033279999999999997
316 0.0
317 0.11648
318 0.041599999999999998
319 0.041599999999999998
320 0.066559999999999994
321 0.049919999999999999
322 0.049919999999999999
323 0.033279999999999997
324 0.066559999999999994
325 0.041599999999999998
326 0.05824
327 0.033279999999999997
328 0.0
329 0.11648
330 0.041599999999999998
331 0.041599999999999998
332 0.066559999999999994
333 0.049919999999999999
334 0.049919999999999999
335 0.033279999999999997
336 0.066559999999999994
337 0.049919999999999999
338 0.05824
339 0.02496
340 0.066559999999999994
341 0.049919999999999999
342 0.041599999999999998
343 0.041599999999999998
344 0.066559999999999994
345 0.05824
346 0.041599999999999998
347 0.033279999999999997
348 0.074880000000000002
349 0.041599999999999998
350 0.05824
351 0.02496
352 0.066559999999999994
353 0.049919999999999999
354 0.041599999999999998
355 0.041599999999999998
356 0.066559999999999994
357 0.05824
358 0.041599999999999998
359 0.033279999999999997
360 0.074880000000000002
361 0.041599999999999998
362 0.05824
363 0.02496
364 0.066559999999999994
365 0.049919999999999999
366 0.041599999999999998
367 0.041599999999999998
368 0.066559999999999994
369 0.05824
370 0.041599999999999998
371 0.033279999999999997
372 0.074880000000000002
373 0.041599999999999998
374 0.05824
375 0.02496
376 0.066559999999999994
377 0.049919999999999999
378 0.041599999999999998
379 0.041599999999999998
380 0.066559999999999994
381 0.05824
382 0.041599999999999998
383 0.033279999999999997
384 0.074880000000000002
385 0.041599999999999998
386 0.05824
387 0.02496
388 0.066559999999999994
389 0.049919999999999999
390 0.041599999999999998
391 0.041599999999999998
392 0.066559999999999994
393 0.05824
394 0.041599999999999998
395 0.033279999999999997
396 0.074880000000000002
397 0.049919999999999999
398 0.049919999999999999
399 0.02496
400 0.074880000000000002
401 0.041599999999999998
402 0.041599999999999998
403 0.041599999999999998
404 0.066559999999999994
405 0.05824
406 0.041599999999999998
407 0.033279999999999997
408 0.074880000000000002
409 0.049919999999999999
410 0.049919999999999999
411 0.02496
412 0.074880000000000002
413 0.041599999999999998
414 0.041599999999999998
415 0.041599999999999998
416 0.066559999999999994
417 0.05824
418 0.041599999999999998
419 0.033279999999999997
420 0.074880000000000002
421 0.049919999999999999
422 0.049919999999999999
423 0.02496
424 0.074880000000000002
425 0.041599999999999998
426 0.041599999999999998
427 0.041599999999999998
428 0.066559999999999994
429 0.05824
430 0.041599999999999998
431 0.033279999999999997
432 0.074880000000000002
433 0.049919999999999999
434 0.049919999999999999
435 0.02496
436 0.074880000000000002
437 0.041599999999999998
438 0.041599999999999998
439 0.041599999999999998
440 0.066559999999999994
441 0.05824
442 0.041599999999999998
443 0.033279999999999997
444 0.074880000000000002
445 0.05824
446 0.041599999999999998
447 0.02496
448 0.083199999999999996
449 0.033279999999999997
450 0.049919999999999999
451 0.033279999999999997
452 0.074880000000000002
453 0.049919999999999999
454 0.041599999999999998
455 0.033279999999999997
456 0.074880000000000002
457 0.05824
458 0.041599999999999998
459 0.02496
460 0.083199999999999996
461 0.033279999999999997
462 0.049919999999999999
463 0.033279999999999997
464 0.074880000000000002
465 0.049919999999999999
466 0.041599999999999998
467 0.033279999999999997
468 0.074880000000000002
469 0.05824
470 0.041599999999999998
471 0.02496
472 0.083199999999999996
473 0.033279999999999997
474 0.049919999999999999
475 0.033279999999999997
476 0.074880000000000002
477 0.049919999999999999
478 0.041599999999999998
479 0.033279999999999997
480 0.074880000000000002
481 0.05824
482 0.041599999999999998
483 0.02496
484 0.083199999999999996
485 0.033279999999999997
486 0.049919999999999999
487 0.033279999999999997
488 0.074880000000000002
489 0.049919999999999999
490 0.041599999999999998
491 0.033279999999999997
492 0.074880000000000002
493 0.05824
494 0.041599999999999998
495 0.02496
496 0.083199999999999996
497 0.033279999999999997
498 0.05824
499 0.02496
500 0.083199999999999996
501 0.041599999999999998
502 0.041599999999999998
503 0.033279999999999997
504 0.074880000000000002
505 0.05824
506 0.041599999999999998
507 0.02496
508 0.083199999999999996
509 0.033279999999999997
510 0.05824
511 0.02496
512 0.083199999999999996
513 0.041599999999999998
514 0.041599999999999998
515 0.033279999999999997
516 0.074880000000000002
517 0.05824
518 0.041599999999999998
519 0.02496
520 0.083199999999999996
521 0.033279999999999997
522 0.05824
523 0.02496
524 0.083199999999999996
525 0.041599999999999998
526 0.041599999999999998
527 0.033279999999999997
528 0.074880000000000002
529 0.05824
530 0.041599999999999998
531 0.02496
532 0.083199999999999996
533 0.033279999999999997
534 0.05824
535 0.02496
536 0.083199999999999996
537 0.041599999999999998
538 0.041599999999999998
539 0.033279999999999997
540 0.074880000000000002
541 0.05824
542 0.041599999999999998
543 0.02496
544 0.083199999999999996
545 0.041599999999999998
546 0.05824
547 0.016639999999999999
548 0.091520000000000004
549 0.033279999999999997
550 0.049919999999999999
551 0.02496
552 0.083199999999999996
553 0.049919999999999999
554 0.041599999999999998
555 0.02496
556 0.083199999999999996
557 0.041599999999999998
558 0.05824
559 0.016639999999999999
560 0.091520000000000004
561 0.033279999999999997
562 0.049919999999999999
563 0.02496
564 0.083199999999999996
565 0.049919999999999999
566 0.041599999999999998
567 0.02496
568 0.083199999999999996
569 0.041599999999999998
570 0.05824
571 0.016639999999999999
572 0.091520000000000004
573 0.033279999999999997
574 0.049919999999999999
575 0.02496
576 0.083199999999999996
577 0.049919999999999999
578 0.041599999999999998
579 0.02496
580 0.083199999999999996
581 0.041599999999999998
582 0.05824
583 0.016639999999999999
584 0.091520000000000004
585 0.033279999999999997
586 0.049919999999999999
587 0.02496
588 0.083199999999999996
589 0.049919999999999999
590 0.041599999999999998
591 0.02496
592 0.083199999999999996
593 0.041599999999999998
594 0.05824
595 0.016639999999999999
596 0.091520000000000004
597 0.033279999999999997
598 0.05824
599 0.016639999999999999
600 0.091520000000000004
601 0.041599999999999998
602 0.041599999999999998
603 0.02496
604 0.083199999999999996
605 0.049919999999999999
606 0.05824
607 0.0083199999999999993
608 0.091520000000000004
609 0.033279999999999997
610 0.05824
611 0.016639999999999999
612 0.091520000000000004
613 0.041599999999999998
614 0.041599999999999998
615 0.02496
616 0.083199999999999996
617 0.049919999999999999
618 0.05824
619 0.0083199999999999993
620 0.091520000000000004
621 0.033279999999999997
622 0.05824
623 0.016639999999999999
624 0.091520000000000004
625 0.041599999999999998
626 0.041599999999999998
627 0.02496
628 0.083199999999999996
629 0.049919999999999999
630 0.05824
631 0.0083199999999999993
632 0.091520000000000004
633 0.033279999999999997
634 0.05824
635 0.016639999999999999
636 0.091520000000000004
637 0.041599999999999998
638 0.041599999999999998
639 0.02496
640 0.083199999999999996
641 0.049919999999999999
642 0.05824
643 0.0083199999999999993
644 0.091520000000000004
645 0.033279999999999997
646 0.05824
647 0.016639999999999999
648 0.091520000000000004
649 0.041599999999999998
650 0.049919999999999999
651 0.016639999999999999
652 0.083199999999999996
653 0.05824
654 0.05824
655 0.0
656 0.091520000000000004
657 0.041599999999999998
658 0.05824
659 0.0083199999999999993
660 0.099839999999999998
661 0.033279999999999997
662 0.049919999999999999
663 0.016639999999999999
664 0.083199999999999996
665 0.05824
666 0.05824
667 0.0
668 0.091520000000000004
669 0.041599999999999998
670 0.05824
671 0.0083199999999999993
672 0.099839999999999998
673 0.033279999999999997
674 0.049919999999999999
675 0.016639999999999999
676 0.083199999999999996
677 0.05824
678 0.05824
679 0.0
680 0.091520000000000004
681 0.041599999999999998
682 0.05824
683 0.0083199999999999993
684 0.099839999999999998
685 0.033279999999999997
686 0.049919999999999999
687 0.016639999999999999
688 0.083199999999999996
689 0.05824
690 0.05824
691 0.0
692 0.091520000000000004
693 0.041599999999999998
694 0.05824
695 0.0083199999999999993
696 0.099839999999999998
697 0.033279999999999997
698 0.049919999999999999
699 0.016639999999999999
700 0.083199999999999996
701 0.066559999999999994
702 0.049919999999999999
703 0.0
704 0.091520000000000004
705 0.049919999999999999
706 0.05824
707 0.0
708 0.099839999999999998
709 0.033279999999999997
710 0.05824
711 0.0083199999999999993
712 0.091520000000000004
713 0.05824
714 0.049919999999999999
715 0.0
716 0.091520000000000004
717 0.049919999999999999
718 0.05824
719 0.0
720 0.099839999999999998
721 0.033279999999999997
722 0.05824
723 0.0083199999999999993
724 0.091520000000000004
725 0.05824
726 0.049919999999999999
727 0.0
728 0.091520000000000004
729 0.049919999999999999
730 0.05824
731 0.0
732 0.099839999999999998
733 0.033279999999999997
734 0.05824
735 0.0083199999999999993
736 0.091520000000000004
737 0.05824
738 0.049919999999999999
739 0.0
740 0.091520000000000004
741 0.049919999999999999
742 0.05824
743 0.0
744 0.099839999999999998
745 0.033279999999999997
746 0.05824
747 0.0083199999999999993
748 0.091520000000000004
749 0.05824
750 0.049919999999999999
751 0.0
752 0.091520000000000004
753 0.05824
754 0.049919999999999999
755 0.0
756 0.099839999999999998
757 0.041599999999999998
758 0.05824
759 0.0
760 0.099839999999999998
761 0.05824
762 0.041599999999999998
763 0.0
764 0.091520000000000004
765 0.05824
766 0.049919999999999999
767 0.0
768 0.099839999999999998
769 0.041599999999999998
770 0.05824
771 0.0
772 0.099839999999999998
773 0.05824
774 0.041599999999999998
775 0.0
776 0.091520000000000004
777 0.05824
778 0.049919999999999999
779 0.0
780 0.099839999999999998
781 0.041599999999999998
782 0.05824
783 0.0
784 0.099839999999999998
785 0.05824
786 0.041599999999999998
787 0.0
788 0.091520000000000004
789 0.05824
790 0.049919999999999999
791 0.0
792 0.099839999999999998
793 0.041599999999999998
794 0.05824
795 0.0
796 0.099839999999999998
797 0.05824
798 0.041599999999999998
799 0.0
800 0.091520000000000004
801 0.05824
802 0.049919999999999999
803 0.0
804 0.099839999999999998
805 0.049919999999999999
806 0.049919999999999999
807 0.0
808 0.10816000000000001
809 0.049919999999999999
810 0.041599999999999998
811 0.0
812 0.099839999999999998
813 0.05824
814 0.041599999999999998
815 0.0
816 0.099839999999999998
817 0.049919999999999999
818 0.049919999999999999
819 0.0
820 0.10816000000000001
821 0.049919999999999999
822 0.041599999999999998
823 0.0
824 0.099839999999999998
825 0.05824
826 0.041599999999999998
827 0.0
828 0.099839999999999998
829 0.049919999999999999
830 0.049919999999999999
831 0.0
832 0.10816000000000001
833 0.049919999999999999
834 0.041599999999999998
835 0.0
836 0.099839999999999998
837 0.05824
838 0.041599999999999998
839 0.0
840 0.099839999999999998
841 0.049919999999999999
842 0.049919999999999999
843 0.0
844 0.10816000000000001
845 0.049919999999999999
846 0.041599999999999998
847 0.0
848 0.099839999999999998
849 0.05824
850 0.041599999999999998
851 0.0
852 0.099839999999999998
853 0.049919999999999999
854 0.049919999999999999
855 0.0
856 0.10816000000000001
857 0.049919999999999999
858 0.041599999999999998
859 0.066559999999999994
860 0.041599999999999998
861 0.05824
862 0.033279999999999997
863 0.0
864 0.099839999999999998
865 0.05824
866 0.041599999999999998
867 0.0
868 0.11648
869 0.041599999999999998
870 0.041599999999999998
871 0.066559999999999994
872 0.041599999999999998
873 0.05824
874 0.033279999999999997
875 0.0
876 0.099839999999999998
877 0.05824
878 0.041599999999999998
879 0.0
880 0.11648
881 0.041599999999999998
882 0.041599999999999998
883 0.066559999999999994
884 0.041599999999999998
885 0.05824
886 0.033279999999999997
887 0.0
888 0.099839999999999998
889 0.05824
890 0.041599999999999998
891 0.0
892 0.11648
893 0.041599999999999998
894 0.041599999999999998
895 0.066559999999999994
896 0.041599999999999998
897 0.05824
898 0.033279999999999997
899 0.0
900 0.099839999999999998
901 0.05824
902 0.041599999999999998
903 0.0
904 0.11648
905 0.041599999999999998
906 0.041599999999999998
907 0.066559999999999994
908 0.041599999999999998
909 0.05824
910 0.033279999999999997
911 0.066559999999999994
912 0.041599999999999998
913 0.05824
914 0.033279999999999997
915 0.0
916 0.11648
917 0.041599999999999998
918 0.041599999999999998
919 0.066559999999999994
920 0.049919999999999999
921 0.049919999999999999
922 0.033279999999999997
923 0.066559999999999994
924 0.041599999999999998
925 0.05824
926 0.033279999999999997
927 0.0
928 0.11648
929 0.041599999999999998
930 0.041599999999999998
931 0.066559999999999994
932 0.049919999999999999
933 0.049919999999999999
934 0.033279999999999997
935 0.066559999999999994
936 0.041599999999999998
937 0.05824
938 0.033279999999999997
939 0.0
940 0.11648
941 0.041599999999999998
942 0.041599999999999998
943 0.066559999999999994
944 0.049919999999999999
945 0.049919999999999999
946 0.033279999999999997
947 0.066559999999999994
948 0.041599999999999998
949 0.05824
950 0.033279999999999997
951 0.0
952 0.11648
953 0.041599999999999998
954 0.041599999999999998
955 0.066559999999999994
956 0.049919999999999999
957 0.049919999999999999
958 0.033279999999999997
959 0.066559999999999994
960 0.041599999999999998
961 0.066559999999999994
962 0.02496
963 0.066559999999999994
964 0.049919999999999999
965 0.041599999999999998
966 0.041599999999999998
967 0.066559999999999994
968 0.05824
969 0.041599999999999998
970 0.033279999999999997
971 0.074880000000000002
972 0.041599999999999998
973 0.05824
974 0.02496
975 0.066559999999999994
976 0.049919999999999999
977 0.041599999999999998
978 0.041599999999999998
979 0.066559999999999994
980 0.05824
981 0.041599999999999998
982 0.033279999999999997
983 0.074880000000000002
984 0.041599999999999998
985 0.05824
986 0.02496
987 0.066559999999999994
988 0.049919999999999999
989 0.041599999999999998
990 0.041599999999999998
991 0.066559999999999994
992 0.05824
993 0.041599999999999998
994 0.033279999999999997
995 0.074880000000000002
996 0.041599999999999998
997 0.05824
998 0.02496
999 0.066559999999999994
