0 0.0
1 0.05024
2 0.016639999999999999
3 0.041599999999999998
4 0.066559999999999994
5 0.041599999999999998
6 0.016639999999999999
7 0.091520000000000004
8 0.033279999999999997
9 0.049919999999999999
10 0.02496
11 0.083199999999999996
12 0.049919999999999999
13 0.041599999999999998
14 0.02496
15 0.083199999999999996
16 0.041599999999999998
17 0.05824
18 0.016639999999999999
19 0.091520000000000004
20 0.033279999999999997
21 0.049919999999999999
22 0.02496
23 0.083199999999999996
24 0.049919999999999999
25 0.041599999999999998
26 0.02496
27 0.083199999999999996
28 0.049919999999999999
29 0.05824
30 0.0083199999999999993
31 0.091520000000000004
32 0.033279999999999997
33 0.05824
34 0.016639999999999999
35 0.091520000000000004
36 0.041599999999999998
37 0.041599999999999998
38 0.02496
39 0.083199999999999996
40 0.049919999999999999
41 0.05824
42 0.0083199999999999993
43 0.091520000000000004
44 0.033279999999999997
45 0.05824
46 0.016639999999999999
47 0.091520000000000004
48 0.041599999999999998
49 0.041599999999999998
50 0.02496
51 0.083199999999999996
52 0.049919999999999999
53 0.05824
54 0.0083199999999999993
55 0.091520000000000004
56 0.033279999999999997
57 0.05824
58 0.016639999999999999
59 0.091520000000000004
60 0.041599999999999998
61 0.041599999999999998
62 0.02496
63 0.083199999999999996
64 0.049919999999999999
65 0.05824
66 0.0083199999999999993
67 0.091520000000000004
68 0.033279999999999997
69 0.05824
70 0.016639999999999999
71 0.091520000000000004
72 0.041599999999999998
73 0.041599999999999998
74 0.02496
75 0.083199999999999996
76 0.049919999999999999
77 0.066559999999999994
78 0.0
79 0.091520000000000004
80 0.041599999999999998
81 0.05824
82 0.0083199999999999993
83 0.099839999999999998
84 0.033279999999999997
85 0.049919999999999999
86 0.016639999999999999
87 0.083199999999999996
88 0.05824
89 0.05824
90 0.0
91 0.091520000000000004
92 0.041599999999999998
93 0.05824
94 0.0083199999999999993
95 0.099839999999999998
96 0.033279999999999997
97 0.049919999999999999
98 0.016639999999999999
99 0.083199999999999996
100 0.05824
101 0.05824
102 0.0
103 0.091520000000000004
104 0.041599999999999998
105 0.05824
106 0.0083199999999999993
107 0.099839999999999998
108 0.033279999999999997
109 0.049919999999999999
110 0.016639999999999999
111 0.083199999999999996
112 0.05824
113 0.05824
114 0.0
115 0.091520000000000004
116 0.041599999999999998
117 0.05824
118 0.0083199999999999993
119 0.099839999999999998
120 0.033279999999999997
121 0.049919999999999999
122 0.016639999999999999
123 0.083199999999999996
124 0.05824
125 0.05824
126 0.0
127 0.091520000000000004
128 0.041599999999999998
129 0.066559999999999994
130 0.0
131 0.099839999999999998
132 0.033279999999999997
133 0.05824
134 0.0083199999999999993
135 0.091520000000000004
136 0.05824
137 0.049919999999999999
138 0.0
139 0.091520000000000004
140 0.049919999999999999
141 0.05824
142 0.0
143 0.099839999999999998
144 0.033279999999999997
145 0.05824
146 0.0083199999999999993
147 0.091520000000000004
148 0.05824
149 0.049919999999999999
150 0.0
151 0.091520000000000004
152 0.049919999999999999
153 0.05824
154 0.0
155 0.099839999999999998
156 0.033279999999999997
157 0.05824
158 0.0083199999999999993
159 0.091520000000000004
160 0.05824
161 0.049919999999999999
162 0.0
163 0.091520000000000004
164 0.049919999999999999
165 0.05824
166 0.0
167 0.099839999999999998
168 0.033279999999999997
169 0.05824
170 0.0083199999999999993
171 0.091520000000000004
172 0.05824
173 0.049919999999999999
174 0.0
175 0.091520000000000004
176 0.049919999999999999
177 0.05824
178 0.0
179 0.099839999999999998
180 0.033279999999999997
181 0.066559999999999994
182 0.0
183 0.099839999999999998
184 0.05824
185 0.041599999999999998
186 0.0
187 0.091520000000000004
188 0.05824
189 0.049919999999999999
190 0.0
191 0.099839999999999998
192 0.041599999999999998
193 0.05824
194 0.0
195 0.099839999999999998
196 0.05824
197 0.041599999999999998
198 0.0
199 0.091520000000000004
200 0.05824
201 0.049919999999999999
202 0.0
203 0.099839999999999998
204 0.041599999999999998
205 0.05824
206 0.0
207 0.099839999999999998
208 0.05824
209 0.041599999999999998
210 0.0
211 0.091520000000000004
212 0.05824
213 0.049919999999999999
214 0.0
215 0.099839999999999998
216 0.041599999999999998
217 0.05824
218 0.0
219 0.099839999999999998
220 0.05824
221 0.041599999999999998
222 0.0
223 0.091520000000000004
224 0.05824
225 0.049919999999999999
226 0.0
227 0.099839999999999998
228 0.041599999999999998
229 0.05824
230 0.0
231 0.099839999999999998
232 0.05824
233 0.041599999999999998
234 0.0
235 0.099839999999999998
236 0.05824
237 0.041599999999999998
238 0.0
239 0.099839999999999998
240 0.049919999999999999
241 0.049919999999999999
242 0.0
243 0.10816000000000001
244 0.049919999999999999
245 0.041599999999999998
246 0.0
247 0.099839999999999998
248 0.05824
249 0.041599999999999998
250 0.0
251 0.099839999999999998
252 0.049919999999999999
253 0.049919999999999999
254 0.0
255 0.10816000000000001
256 0.049919999999999999
257 0.041599999999999998
258 0.0
259 0.099839999999999998
260 0.05824
261 0.041599999999999998
262 0.0
263 0.099839999999999998
264 0.049919999999999999
265 0.049919999999999999
266 0.0
267 0.10816000000000001
268 0.049919999999999999
269 0.041599999999999998
270 0.0
271 0.099839999999999998
272 0.05824
273 0.041599999999999998
274 0.0
275 0.099839999999999998
276 0.049919999999999999
277 0.049919999999999999
278 0.0
279 0.10816000000000001
280 0.049919999999999999
281 0.041599999999999998
282 0.0
283 0.099839999999999998
284 0.05824
285 0.041599999999999998
286 0.0
287 0.099839999999999998
288 0.05824
289 0.041599999999999998
290 0.0
291 0.11648
292 0.041599999999999998
293 0.041599999999999998
294 0.066559999999999994
295 0.041599999999999998
296 0.05824
297 0.033279999999999997
298 0.0
299 0.099839999999999998
300 0.05824
301 0.041599999999999998
302 0.0
303 0.11648
304 0.041599999999999998
305 0.041599999999999998
306 0.066559999999999994
307 0.041599999999999998
308 0.05824
309 0.033279999999999997
310 0.0
311 0.099839999999999998
312 0.05824
313 0.041599999999999998
314 0.0
315 0.11648
316 0.041599999999999998
317 0.041599999999999998
318 0.066559999999999994
319 0.041599999999999998
320 0.05824
321 0.033279999999999997
322 0.0
323 0.099839999999999998
324 0.05824
325 0.041599999999999998
326 0.0
327 0.11648
328 0.041599999999999998
329 0.041599999999999998
330 0.066559999999999994
331 0.041599999999999998
332 0.05824
333 0.033279999999999997
334 0.0
335 0.099839999999999998
336 0.05824
337 0.041599999999999998
338 0.0
339 0.11648
340 0.041599999999999998
341 0.041599999999999998
342 0.066559999999999994
343 0.049919999999999999
344 0.049919999999999999
345 0.033279999999999997
346 0.066559999999999994
347 0.041599999999999998
348 0.05824
349 0.033279999999999997
350 0.0
351 0.11648
352 0.041599999999999998
353 0.041599999999999998
354 0.066559999999999994
355 0.049919999999999999
356 0.049919999999999999
357 0.033279999999999997
358 0.066559999999999994
359 0.041599999999999998
360 0.05824
361 0.033279999999999997
362 0.0
363 0.11648
364 0.041599999999999998
365 0.041599999999999998
366 0.066559999999999994
367 0.049919999999999999
368 0.049919999999999999
369 0.033279999999999997
370 0.066559999999999994
371 0.041599999999999998
372 0.05824
373 0.033279999999999997
374 0.0
375 0.11648
376 0.041599999999999998
377 0.041599999999999998
378 0.066559999999999994
379 0.049919999999999999
380 0.049919999999999999
381 0.033279999999999997
382 0.066559999999999994
383 0.041599999999999998
384 0.05824
385 0.033279999999999997
386 0.0
387 0.11648
388 0.041599999999999998
389 0.041599999999999998
390 0.066559999999999994
391 0.05824
392 0.041599999999999998
393 0.033279999999999997
394 0.074880000000000002
395 0.041599999999999998
396 0.05824
397 0.02496
398 0.066559999999999994
399 0.049919999999999999
400 0.041599999999999998
401 0.041599999999999998
402 0.066559999999999994
403 0.05824
404 0.041599999999999998
405 0.033279999999999997
406 0.074880000000000002
407 0.041599999999999998
408 0.05824
409 0.02496
410 0.066559999999999994
411 0.049919999999999999
412 0.041599999999999998
413 0.041599999999999998
414 0.066559999999999994
415 0.05824
416 0.041599999999999998
417 0.033279999999999997
418 0.074880000000000002
419 0.041599999999999998
420 0.05824
421 0.02496
422 0.066559999999999994
423 0.049919999999999999
424 0.041599999999999998
425 0.041599999999999998
426 0.066559999999999994
427 0.05824
428 0.041599999999999998
429 0.033279999999999997
430 0.074880000000000002
431 0.041599999999999998
432 0.05824
433 0.02496
434 0.066559999999999994
435 0.049919999999999999
436 0.041599999999999998
437 0.041599999999999998
438 0.066559999999999994
439 0.05824
440 0.041599999999999998
441 0.033279999999999997
442 0.074880000000000002
443 0.049919999999999999
444 0.049919999999999999
445 0.02496
446 0.074880000000000002
447 0.041599999999999998
448 0.041599999999999998
449 0.041599999999999998
450 0.066559999999999994
451 0.05824
452 0.041599999999999998
453 0.033279999999999997
454 0.074880000000000002
455 0.049919999999999999
456 0.049919999999999999
457 0.02496
458 0.074880000000000002
459 0.041599999999999998
460 0.041599999999999998
461 0.041599999999999998
462 0.066559999999999994
463 0.05824
464 0.041599999999999998
465 0.033279999999999997
466 0.074880000000000002
467 0.049919999999999999
468 0.049919999999999999
469 0.02496
470 0.074880000000000002
471 0.041599999999999998
472 0.041599999999999998
473 0.041599999999999998
474 0.066559999999999994
475 0.05824
476 0.041599999999999998
477 0.033279999999999997
478 0.074880000000000002
479 0.049919999999999999
480 0.049919999999999999
481 0.02496
482 0.074880000000000002
483 0.041599999999999998
484 0.041599999999999998
485 0.041599999999999998
486 0.066559999999999994
487 0.05824
488 0.041599999999999998
489 0.033279999999999997
490 0.074880000000000002
491 0.049919999999999999
492 0.049919999999999999
493 0.02496
494 0.083199999999999996
495 0.033279999999999997
496 0.049919999999999999
497 0.033279999999999997
498 0.074880000000000002
499 0.049919999999999999
500 0.041599999999999998
501 0.033279999999999997
502 0.074880000000000002
503 0.05824
504 0.041599999999999998
505 0.02496
506 0.083199999999999996
507 0.033279999999999997
508 0.049919999999999999
509 0.033279999999999997
510 0.074880000000000002
511 0.049919999999999999
512 0.041599999999999998
513 0.033279999999999997
514 0.074880000000000002
515 0.05824
516 0.041599999999999998
517 0.02496
518 0.083199999999999996
519 0.033279999999999997
520 0.049919999999999999
521 0.033279999999999997
522 0.074880000000000002
523 0.049919999999999999
524 0.041599999999999998
525 0.033279999999999997
526 0.074880000000000002
527 0.05824
528 0.041599999999999998
529 0.02496
530 0.083199999999999996
531 0.033279999999999997
532 0.049919999999999999
533 0.033279999999999997
534 0.074880000000000002
535 0.049919999999999999
536 0.041599999999999998
537 0.033279999999999997
538 0.074880000000000002
539 0.05824
540 0.041599999999999998
541 0.02496
542 0.083199999999999996
543 0.033279999999999997
544 0.049919999999999999
545 0.033279999999999997
546 0.083199999999999996
547 0.041599999999999998
548 0.041599999999999998
549 0.033279999999999997
550 0.074880000000000002
551 0.05824
552 0.041599999999999998
553 0.02496
554 0.083199999999999996
555 0.033279999999999997
556 0.05824
557 0.02496
558 0.083199999999999996
559 0.041599999999999998
560 0.041599999999999998
561 0.033279999999999997
562 0.074880000000000002
563 0.05824
564 0.041599999999999998
565 0.02496
566 0.083199999999999996
567 0.033279999999999997
568 0.05824
569 0.02496
570 0.083199999999999996
571 0.041599999999999998
572 0.041599999999999998
573 0.033279999999999997
574 0.074880000000000002
575 0.05824
576 0.041599999999999998
577 0.02496
578 0.083199999999999996
579 0.033279999999999997
580 0.05824
581 0.02496
582 0.083199999999999996
583 0.041599999999999998
584 0.041599999999999998
585 0.033279999999999997
586 0.074880000000000002
587 0.05824
588 0.041599999999999998
589 0.02496
590 0.083199999999999996
591 0.033279999999999997
592 0.05824
593 0.02496
594 0.083199999999999996
595 0.041599999999999998
596 0.041599999999999998
597 0.033279999999999997
598 0.083199999999999996
599 0.049919999999999999
600 0.041599999999999998
601 0.02496
602 0.083199999999999996
603 0.041599999999999998
604 0.05824
605 0.016639999999999999
606 0.091520000000000004
607 0.033279999999999997
608 0.049919999999999999
609 0.02496
610 0.083199999999999996
611 0.049919999999999999
612 0.041599999999999998
613 0.02496
614 0.083199999999999996
615 0.041599999999999998
616 0.05824
617 0.016639999999999999
618 0.091520000000000004
619 0.033279999999999997
620 0.049919999999999999
621 0.02496
622 0.083199999999999996
623 0.049919999999999999
624 0.041599999999999998
625 0.02496
626 0.083199999999999996
627 0.041599999999999998
628 0.05824
629 0.016639999999999999
630 0.091520000000000004
631 0.033279999999999997
632 0.049919999999999999
633 0.02496
634 0.083199999999999996
635 0.049919999999999999
636 0.041599999999999998
637 0.02496
638 0.083199999999999996
639 0.041599999999999998
640 0.05824
641 0.016639999999999999
642 0.091520000000000004
643 0.033279999999999997
644 0.049919999999999999
645 0.02496
646 0.083199999999999996
647 0.049919999999999999
648 0.041599999999999998
649 0.02496
650 0.083199999999999996
651 0.049919999999999999
652 0.05824
653 0.0083199999999999993
654 0.091520000000000004
655 0.033279999999999997
656 0.05824
657 0.016639999999999999
658 0.091520000000000004
659 0.041599999999999998
660 0.041599999999999998
661 0.02496
662 0.083199999999999996
663 0.049919999999999999
664 0.05824
665 0.0083199999999999993
666 0.091520000000000004
667 0.033279999999999997
668 0.05824
669 0.016639999999999999
670 0.091520000000000004
671 0.041599999999999998
672 0.041599999999999998
673 0.02496
674 0.083199999999999996
675 0.049919999999999999
676 0.05824
677 0.0083199999999999993
678 0.091520000000000004
679 0.033279999999999997
680 0.05824
681 0.016639999999999999
682 0.091520000000000004
683 0.041599999999999998
684 0.041599999999999998
685 0.02496
686 0.083199999999999996
687 0.049919999999999999
688 0.05824
689 0.0083199999999999993
690 0.091520000000000004
691 0.033279999999999997
692 0.05824
693 0.016639999999999999
694 0.091520000000000004
695 0.041599999999999998
696 0.041599999999999998
697 0.02496
698 0.083199999999999996
699 0.049919999999999999
700 0.05824
701 0.0083199999999999993
702 0.091520000000000004
703 0.041599999999999998
704 0.05824
705 0.0083199999999999993
706 0.099839999999999998
707 0.033279999999999997
708 0.049919999999999999
709 0.016639999999999999
710 0.083199999999999996
711 0.05824
712 0.05824
713 0.0
714 0.091520000000000004
715 0.041599999999999998
716 0.05824
717 0.0083199999999999993
718 0.099839999999999998
719 0.033279999999999997
720 0.049919999999999999
721 0.016639999999999999
722 0.083199999999999996
723 0.05824
724 0.05824
725 0.0
726 0.091520000000000004
727 0.041599999999999998
728 0.05824
729 0.0083199999999999993
730 0.099839999999999998
731 0.033279999999999997
732 0.049919999999999999
733 0.016639999999999999
734 0.083199999999999996
735 0.05824
736 0.05824
737 0.0
738 0.091520000000000004
739 0.041599999999999998
740 0.05824
741 0.0083199999999999993
742 0.099839999999999998
743 0.033279999999999997
744 0.049919999999999999
745 0.016639999999999999
746 0.083199999999999996
747 0.05824
748 0.05824
749 0.0
750 0.091520000000000004
751 0.041599999999999998
752 0.05824
753 0.0083199999999999993
754 0.099839999999999998
755 0.033279999999999997
756 0.05824
757 0.0083199999999999993
758 0.091520000000000004
759 0.05824
760 0.049919999999999999
761 0.0
762 0.091520000000000004
763 0.049919999999999999
764 0.05824
765 0.0
766 0.099839999999999998
767 0.033279999999999997
768 0.05824
769 0.0083199999999999993
770 0.091520000000000004
771 0.05824
772 0.049919999999999999
773 0.0
774 0.091520000000000004
775 0.049919999999999999
776 0.05824
777 0.0
778 0.099839999999999998
779 0.033279999999999997
780 0.05824
781 0.0083199999999999993
782 0.091520000000000004
783 0.05824
784 0.049919999999999999
785 0.0
786 0.091520000000000004
787 0.049919999999999999
788 0.05824
789 0.0
790 0.099839999999999998
791 0.033279999999999997
792 0.05824
793 0.0083199999999999993
794 0.091520000000000004
795 0.05824
796 0.049919999999999999
797 0.0
798 0.091520000000000004
799 0.049919999999999999
800 0.05824
801 0.0
802 0.099839999999999998
803 0.033279999999999997
804 0.05824
805 0.0083199999999999993
806 0.099839999999999998
807 0.05824
808 0.041599999999999998
809 0.0
810 0.091520000000000004
811 0.05824
812 0.049919999999999999
813 0.0
814 0.099839999999999998
815 0.041599999999999998
816 0.05824
817 0.0
818 0.099839999999999998
819 0.05824
820 0.041599999999999998
821 0.0
822 0.091520000000000004
823 0.05824
824 0.049919999999999999
825 0.0
826 0.099839999999999998
827 0.041599999999999998
828 0.05824
829 0.0
830 0.099839999999999998
831 0.05824
832 0.041599999999999998
833 0.0
834 0.091520000000000004
835 0.05824
836 0.049919999999999999
837 0.0
838 0.099839999999999998
839 0.041599999999999998
840 0.05824
841 0.0
842 0.099839999999999998
843 0.05824
844 0.041599999999999998
845 0.0
846 0.091520000000000004
847 0.05824
848 0.049919999999999999
849 0.0
850 0.099839999999999998
851 0.041599999999999998
852 0.05824
853 0.0
854 0.099839999999999998
855 0.05824
856 0.041599999999999998
857 0.0
858 0.099839999999999998
859 0.05824
860 0.041599999999999998
861 0.0
862 0.099839999999999998
863 0.049919999999999999
864 0.049919999999999999
865 0.0
866 0.10816000000000001
867 0.049919999999999999
868 0.041599999999999998
869 0.0
870 0.099839999999999998
871 0.05824
872 0.041599999999999998
873 0.0
874 0.099839999999999998
875 0.049919999999999999
876 0.049919999999999999
877 0.0
878 0.10816000000000001
879 0.049919999999999999
880 0.041599999999999998
881 0.0
882 0.099839999999999998
883 0.05824
884 0.041599999999999998
885 0.0
886 0.099839999999999998
887 0.049919999999999999
888 0.049919999999999999
889 0.0
890 0.10816000000000001
891 0.049919999999999999
892 0.041599999999999998
893 0.0
894 0.099839999999999998
895 0.05824
896 0.041599999999999998
897 0.0
898 0.099839999999999998
899 0.049919999999999999
900 0.049919999999999999
901 0.0
902 0.10816000000000001
903 0.049919999999999999
904 0.041599999999999998
905 0.0
906 0.099839999999999998
907 0.05824
908 0.041599999999999998
909 0.0
910 0.099839999999999998
911 0.05824
912 0.041599999999999998
913 0.0
914 0.11648
915 0.041599999999999998
916 0.041599999999999998
917 0.066559999999999994
918 0.041599999999999998
919 0.05824
920 0.033279999999999997
921 0.0
922 0.099839999999999998
923 0.05824
924 0.041599999999999998
925 0.0
926 0.11648
927 0.041599999999999998
928 0.041599999999999998
929 0.066559999999999994
930 0.041599999999999998
931 0.05824
932 0.033279999999999997
933 0.0
934 0.099839999999999998
935 0.05824
936 0.041599999999999998
937 0.0
938 0.11648
939 0.041599999999999998
940 0.041599999999999998
941 0.066559999999999994
942 0.041599999999999998
943 0.05824
944 0.033279999999999997
945 0.0
946 0.099839999999999998
947 0.05824
948 0.041599999999999998
949 0.0
950 0.11648
951 0.041599999999999998
952 0.041599999999999998
953 0.066559999999999994
954 0.041599999999999998
955 0.05824
956 0.033279999999999997
957 0.0
958 0.099839999999999998
959 0.05824
960 0.041599999999999998
961 0.0
962 0.11648
963 0.041599999999999998
964 0.041599999999999998
965 0.066559999999999994
966 0.049919999999999999
967 0.049919999999999999
968 0.033279999999999997
969 0.066559999999999994
970 0.041599999999999998
971 0.05824
972 0.033279999999999997
973 0.0
974 0.11648
975 0.041599999999999998
976 0.041599999999999998
977 0.066559999999999994
978 0.049919999999999999
979 0.049919999999999999
980 0.033279999999999997
981 0.066559999999999994
982 0.041599999999999998
983 0.05824
984 0.033279999999999997
985 0.0
986 0.11648
987 0.041599999999999998
988 0.041599999999999998
989 0.066559999999999994
990 0.049919999999999999
991 0.049919999999999999
992 0.033279999999999997
993 0.066559999999999994
994 0.041599999999999998
995 0.05824
996 0.033279999999999997
997 0.0
998 0.11648
999 0.041599999999999998
