0 0.0
1 0.05024
2 0.016639999999999999
3 0.05824
4 0.074880000000000002
5 0.066559999999999994
6 0.074880000000000002
7 0.033279999999999997
8 0.10816000000000001
9 0.049919999999999999
10 0.05824
11 0.033279999999999997
12 0.083199999999999996
13 0.066559999999999994
14 0.041599999999999998
15 0.0
16 0.099839999999999998
17 0.041599999999999998
18 0.05824
19 0.0
20 0.091520000000000004
21 0.066559999999999994
22 0.049919999999999999
23 0.05824
24 0.074880000000000002
25 0.05824
26 0.05824
27 0.0
28 0.091520000000000004
29 0.041599999999999998
30 0.05824
31 0.0083199999999999993
32 0.083199999999999996
33 0.049919999999999999
34 0.049919999999999999
35 0.016639999999999999
36 0.083199999999999996
37 0.05824
38 0.05824
39 0.0
40 0.091520000000000004
41 0.041599999999999998
42 0.05824
43 0.0083199999999999993
44 0.083199999999999996
45 0.049919999999999999
46 0.049919999999999999
47 0.016639999999999999
48 0.083199999999999996
49 0.05824
50 0.05824
51 0.0
52 0.091520000000000004
53 0.041599999999999998
54 0.05824
55 0.0083199999999999993
56 0.083199999999999996
57 0.049919999999999999
58 0.049919999999999999
59 0.016639999999999999
60 0.083199999999999996
61 0.05824
62 0.05824
63 0.0
64 0.091520000000000004
65 0.041599999999999998
66 0.05824
67 0.0083199999999999993
68 0.083199999999999996
69 0.049919999999999999
70 0.049919999999999999
71 0.016639999999999999
72 0.083199999999999996
73 0.05824
74 0.05824
75 0.0
76 0.091520000000000004
77 0.049919999999999999
78 0.05824
79 0.0
80 0.091520000000000004
81 0.041599999999999998
82 0.05824
83 0.0083199999999999993
84 0.083199999999999996
85 0.066559999999999994
86 0.049919999999999999
87 0.0
88 0.091520000000000004
89 0.049919999999999999
90 0.05824
91 0.0
92 0.091520000000000004
93 0.041599999999999998
94 0.05824
95 0.0083199999999999993
96 0.083199999999999996
97 0.066559999999999994
98 0.049919999999999999
99 0.0
100 0.091520000000000004
101 0.049919999999999999
102 0.05824
103 0.0
104 0.091520000000000004
105 0.041599999999999998
106 0.05824
107 0.0083199999999999993
108 0.083199999999999996
109 0.066559999999999994
110 0.049919999999999999
111 0.0
112 0.091520000000000004
113 0.049919999999999999
114 0.05824
115 0.0
116 0.091520000000000004
117 0.041599999999999998
118 0.05824
119 0.0083199999999999993
120 0.083199999999999996
121 0.066559999999999994
122 0.049919999999999999
123 0.0
124 0.091520000000000004
125 0.049919999999999999
126 0.05824
127 0.0
128 0.091520000000000004
129 0.049919999999999999
130 0.05824
131 0.0
132 0.091520000000000004
133 0.066559999999999994
134 0.041599999999999998
135 0.0
136 0.091520000000000004
137 0.05824
138 0.049919999999999999
139 0.0
140 0.099839999999999998
141 0.041599999999999998
142 0.05824
143 0.0
144 0.091520000000000004
145 0.066559999999999994
146 0.041599999999999998
147 0.0
148 0.091520000000000004
149 0.05824
150 0.049919999999999999
151 0.0
152 0.099839999999999998
153 0.041599999999999998
154 0.05824
155 0.0
156 0.091520000000000004
157 0.066559999999999994
158 0.041599999999999998
159 0.0
160 0.091520000000000004
161 0.05824
162 0.049919999999999999
163 0.0
164 0.099839999999999998
165 0.041599999999999998
166 0.05824
167 0.0
168 0.091520000000000004
169 0.066559999999999994
170 0.041599999999999998
171 0.0
172 0.091520000000000004
173 0.05824
174 0.049919999999999999
175 0.0
176 0.099839999999999998
177 0.041599999999999998
178 0.05824
179 0.0
180 0.091520000000000004
181 0.066559999999999994
182 0.041599999999999998
183 0.0
184 0.091520000000000004
185 0.066559999999999994
186 0.041599999999999998
187 0.0
188 0.099839999999999998
189 0.049919999999999999
190 0.049919999999999999
191 0.0
192 0.099839999999999998
193 0.05824
194 0.041599999999999998
195 0.0
196 0.091520000000000004
197 0.066559999999999994
198 0.041599999999999998
199 0.0
200 0.099839999999999998
201 0.049919999999999999
202 0.049919999999999999
203 0.0
204 0.099839999999999998
205 0.05824
206 0.041599999999999998
207 0.0
208 0.091520000000000004
209 0.066559999999999994
210 0.041599999999999998
211 0.0
212 0.099839999999999998
213 0.049919999999999999
214 0.049919999999999999
215 0.0
216 0.099839999999999998
217 0.05824
218 0.041599999999999998
219 0.0
220 0.091520000000000004
221 0.066559999999999994
222 0.041599999999999998
223 0.0
224 0.099839999999999998
225 0.049919999999999999
226 0.049919999999999999
227 0.0
228 0.099839999999999998
229 0.05824
230 0.041599999999999998
231 0.0
232 0.091520000000000004
233 0.074880000000000002
234 0.033279999999999997
235 0.0
236 0.099839999999999998
237 0.05824
238 0.041599999999999998
239 0.0
240 0.10816000000000001
241 0.049919999999999999
242 0.041599999999999998
243 0.0
244 0.099839999999999998
245 0.066559999999999994
246 0.033279999999999997
247 0.0
248 0.099839999999999998
249 0.05824
250 0.041599999999999998
251 0.0
252 0.10816000000000001
253 0.049919999999999999
254 0.041599999999999998
255 0.0
256 0.099839999999999998
257 0.066559999999999994
258 0.033279999999999997
259 0.0
260 0.099839999999999998
261 0.05824
262 0.041599999999999998
263 0.0
264 0.10816000000000001
265 0.049919999999999999
266 0.041599999999999998
267 0.0
268 0.099839999999999998
269 0.066559999999999994
270 0.033279999999999997
271 0.0
272 0.099839999999999998
273 0.05824
274 0.041599999999999998
275 0.0
276 0.10816000000000001
277 0.049919999999999999
278 0.041599999999999998
279 0.0
280 0.099839999999999998
281 0.066559999999999994
282 0.033279999999999997
283 0.0
284 0.099839999999999998
285 0.066559999999999994
286 0.033279999999999997
287 0.0
288 0.11648
289 0.041599999999999998
290 0.041599999999999998
291 0.0
292 0.10816000000000001
293 0.05824
294 0.033279999999999997
295 0.0
296 0.099839999999999998
297 0.066559999999999994
298 0.033279999999999997
299 0.0
300 0.11648
301 0.041599999999999998
302 0.041599999999999998
303 0.0
304 0.10816000000000001
305 0.05824
306 0.033279999999999997
307 0.0
308 0.099839999999999998
309 0.066559999999999994
310 0.033279999999999997
311 0.0
312 0.11648
313 0.041599999999999998
314 0.041599999999999998
315 0.0
316 0.10816000000000001
317 0.05824
318 0.033279999999999997
319 0.0
320 0.099839999999999998
321 0.066559999999999994
322 0.033279999999999997
323 0.0
324 0.11648
325 0.041599999999999998
326 0.041599999999999998
327 0.0
328 0.10816000000000001
329 0.05824
330 0.033279999999999997
331 0.0
332 0.099839999999999998
333 0.066559999999999994
334 0.033279999999999997
335 0.0
336 0.11648
337 0.041599999999999998
338 0.041599999999999998
339 0.066559999999999994
340 0.049919999999999999
341 0.049919999999999999
342 0.033279999999999997
343 0.0
344 0.10816000000000001
345 0.066559999999999994
346 0.02496
347 0.0
348 0.11648
349 0.041599999999999998
350 0.041599999999999998
351 0.066559999999999994
352 0.049919999999999999
353 0.049919999999999999
354 0.033279999999999997
355 0.0
356 0.10816000000000001
357 0.066559999999999994
358 0.02496
359 0.0
360 0.11648
361 0.041599999999999998
362 0.041599999999999998
363 0.066559999999999994
364 0.049919999999999999
365 0.049919999999999999
366 0.033279999999999997
367 0.0
368 0.10816000000000001
369 0.066559999999999994
370 0.02496
371 0.0
372 0.11648
373 0.041599999999999998
374 0.041599999999999998
375 0.066559999999999994
376 0.049919999999999999
377 0.049919999999999999
378 0.033279999999999997
379 0.0
380 0.10816000000000001
381 0.066559999999999994
382 0.02496
383 0.0
384 0.11648
385 0.041599999999999998
386 0.041599999999999998
387 0.066559999999999994
388 0.049919999999999999
389 0.049919999999999999
390 0.033279999999999997
391 0.066559999999999994
392 0.049919999999999999
393 0.05824
394 0.02496
395 0.0
396 0.11648
397 0.041599999999999998
398 0.041599999999999998
399 0.066559999999999994
400 0.05824
401 0.041599999999999998
402 0.033279999999999997
403 0.066559999999999994
404 0.049919999999999999
405 0.05824
406 0.02496
407 0.0
408 0.11648
409 0.041599999999999998
410 0.041599999999999998
411 0.066559999999999994
412 0.05824
413 0.041599999999999998
414 0.033279999999999997
415 0.066559999999999994
416 0.049919999999999999
417 0.05824
418 0.02496
419 0.0
420 0.11648
421 0.041599999999999998
422 0.041599999999999998
423 0.066559999999999994
424 0.05824
425 0.041599999999999998
426 0.033279999999999997
427 0.066559999999999994
428 0.049919999999999999
429 0.05824
430 0.02496
431 0.0
432 0.11648
433 0.041599999999999998
434 0.041599999999999998
435 0.066559999999999994
436 0.05824
437 0.041599999999999998
438 0.033279999999999997
439 0.066559999999999994
440 0.049919999999999999
441 0.05824
442 0.02496
443 0.066559999999999994
444 0.049919999999999999
445 0.049919999999999999
446 0.033279999999999997
447 0.066559999999999994
448 0.05824
449 0.041599999999999998
450 0.033279999999999997
451 0.074880000000000002
452 0.049919999999999999
453 0.049919999999999999
454 0.02496
455 0.066559999999999994
456 0.049919999999999999
457 0.049919999999999999
458 0.033279999999999997
459 0.066559999999999994
460 0.05824
461 0.041599999999999998
462 0.033279999999999997
463 0.074880000000000002
464 0.049919999999999999
465 0.049919999999999999
466 0.02496
467 0.066559999999999994
468 0.049919999999999999
469 0.049919999999999999
470 0.033279999999999997
471 0.066559999999999994
472 0.05824
473 0.041599999999999998
474 0.033279999999999997
475 0.074880000000000002
476 0.049919999999999999
477 0.049919999999999999
478 0.02496
479 0.066559999999999994
480 0.049919999999999999
481 0.049919999999999999
482 0.033279999999999997
483 0.066559999999999994
484 0.05824
485 0.041599999999999998
486 0.033279999999999997
487 0.074880000000000002
488 0.049919999999999999
489 0.049919999999999999
490 0.02496
491 0.066559999999999994
492 0.049919999999999999
493 0.05824
494 0.02496
495 0.066559999999999994
496 0.05824
497 0.041599999999999998
498 0.033279999999999997
499 0.074880000000000002
500 0.05824
501 0.041599999999999998
502 0.02496
503 0.074880000000000002
504 0.041599999999999998
505 0.05824
506 0.02496
507 0.066559999999999994
508 0.05824
509 0.041599999999999998
510 0.033279999999999997
511 0.074880000000000002
512 0.05824
513 0.041599999999999998
514 0.02496
515 0.074880000000000002
516 0.041599999999999998
517 0.05824
518 0.02496
519 0.066559999999999994
520 0.05824
521 0.041599999999999998
522 0.033279999999999997
523 0.074880000000000002
524 0.05824
525 0.041599999999999998
526 0.02496
527 0.074880000000000002
528 0.041599999999999998
529 0.05824
530 0.02496
531 0.066559999999999994
532 0.05824
533 0.041599999999999998
534 0.033279999999999997
535 0.074880000000000002
536 0.05824
537 0.041599999999999998
538 0.02496
539 0.074880000000000002
540 0.041599999999999998
541 0.05824
542 0.02496
543 0.066559999999999994
544 0.05824
545 0.049919999999999999
546 0.02496
547 0.074880000000000002
548 0.05824
549 0.041599999999999998
550 0.02496
551 0.083199999999999996
552 0.041599999999999998
553 0.05824
554 0.016639999999999999
555 0.074880000000000002
556 0.049919999999999999
557 0.049919999999999999
558 0.02496
559 0.074880000000000002
560 0.05824
561 0.041599999999999998
562 0.02496
563 0.083199999999999996
564 0.041599999999999998
565 0.05824
566 0.016639999999999999
567 0.074880000000000002
568 0.049919999999999999
569 0.049919999999999999
570 0.02496
571 0.074880000000000002
572 0.05824
573 0.041599999999999998
574 0.02496
575 0.083199999999999996
576 0.041599999999999998
577 0.05824
578 0.016639999999999999
579 0.074880000000000002
580 0.049919999999999999
581 0.049919999999999999
582 0.02496
583 0.074880000000000002
584 0.05824
585 0.041599999999999998
586 0.02496
587 0.083199999999999996
588 0.041599999999999998
589 0.05824
590 0.016639999999999999
591 0.074880000000000002
592 0.049919999999999999
593 0.049919999999999999
594 0.02496
595 0.074880000000000002
596 0.05824
597 0.041599999999999998
598 0.02496
599 0.083199999999999996
600 0.049919999999999999
601 0.05824
602 0.0083199999999999993
603 0.083199999999999996
604 0.041599999999999998
605 0.05824
606 0.016639999999999999
607 0.074880000000000002
608 0.05824
609 0.041599999999999998
610 0.02496
611 0.083199999999999996
612 0.049919999999999999
613 0.05824
614 0.0083199999999999993
615 0.083199999999999996
616 0.041599999999999998
617 0.05824
618 0.016639999999999999
619 0.074880000000000002
620 0.05824
621 0.041599999999999998
622 0.02496
623 0.083199999999999996
624 0.049919999999999999
625 0.05824
626 0.0083199999999999993
627 0.083199999999999996
628 0.041599999999999998
629 0.05824
630 0.016639999999999999
631 0.074880000000000002
632 0.05824
633 0.041599999999999998
634 0.02496
635 0.083199999999999996
636 0.049919999999999999
637 0.05824
638 0.0083199999999999993
639 0.083199999999999996
640 0.041599999999999998
641 0.05824
642 0.016639999999999999
643 0.074880000000000002
644 0.05824
645 0.041599999999999998
646 0.02496
647 0.083199999999999996
648 0.049919999999999999
649 0.066559999999999994
650 0.0
651 0.091520000000000004
652 0.041599999999999998
653 0.05824
654 0.0083199999999999993
655 0.083199999999999996
656 0.049919999999999999
657 0.049919999999999999
658 0.016639999999999999
659 0.083199999999999996
660 0.05824
661 0.05824
662 0.0
663 0.091520000000000004
664 0.041599999999999998
665 0.05824
666 0.0083199999999999993
667 0.083199999999999996
668 0.049919999999999999
669 0.049919999999999999
670 0.016639999999999999
671 0.083199999999999996
672 0.05824
673 0.05824
674 0.0
675 0.091520000000000004
676 0.041599999999999998
677 0.05824
678 0.0083199999999999993
679 0.083199999999999996
680 0.049919999999999999
681 0.049919999999999999
682 0.016639999999999999
683 0.083199999999999996
684 0.05824
685 0.05824
686 0.0
687 0.091520000000000004
688 0.041599999999999998
689 0.05824
690 0.0083199999999999993
691 0.083199999999999996
692 0.049919999999999999
693 0.049919999999999999
694 0.016639999999999999
695 0.083199999999999996
696 0.05824
697 0.05824
698 0.0
699 0.091520000000000004
700 0.041599999999999998
701 0.066559999999999994
702 0.0
703 0.091520000000000004
704 0.041599999999999998
705 0.05824
706 0.0083199999999999993
707 0.083199999999999996
708 0.066559999999999994
709 0.049919999999999999
710 0.0
711 0.091520000000000004
712 0.049919999999999999
713 0.05824
714 0.0
715 0.091520000000000004
716 0.041599999999999998
717 0.05824
718 0.0083199999999999993
719 0.083199999999999996
720 0.066559999999999994
721 0.049919999999999999
722 0.0
723 0.091520000000000004
724 0.049919999999999999
725 0.05824
726 0.0
727 0.091520000000000004
728 0.041599999999999998
729 0.05824
730 0.0083199999999999993
731 0.083199999999999996
732 0.066559999999999994
733 0.049919999999999999
734 0.0
735 0.091520000000000004
736 0.049919999999999999
737 0.05824
738 0.0
739 0.091520000000000004
740 0.041599999999999998
741 0.05824
742 0.0083199999999999993
743 0.083199999999999996
744 0.066559999999999994
745 0.049919999999999999
746 0.0
747 0.091520000000000004
748 0.049919999999999999
749 0.05824
750 0.0
751 0.091520000000000004
752 0.041599999999999998
753 0.066559999999999994
754 0.0
755 0.091520000000000004
756 0.066559999999999994
757 0.041599999999999998
758 0.0
759 0.091520000000000004
760 0.05824
761 0.049919999999999999
762 0.0
763 0.099839999999999998
764 0.041599999999999998
765 0.05824
766 0.0
767 0.091520000000000004
768 0.066559999999999994
769 0.041599999999999998
770 0.0
771 0.091520000000000004
772 0.05824
773 0.049919999999999999
774 0.0
775 0.099839999999999998
776 0.041599999999999998
777 0.05824
778 0.0
779 0.091520000000000004
780 0.066559999999999994
781 0.041599999999999998
782 0.0
783 0.091520000000000004
784 0.05824
785 0.049919999999999999
786 0.0
787 0.099839999999999998
788 0.041599999999999998
789 0.05824
790 0.0
791 0.091520000000000004
792 0.066559999999999994
793 0.041599999999999998
794 0.0
795 0.091520000000000004
796 0.05824
797 0.049919999999999999
798 0.0
799 0.099839999999999998
800 0.041599999999999998
801 0.05824
802 0.0
803 0.091520000000000004
804 0.066559999999999994
805 0.041599999999999998
806 0.0
807 0.091520000000000004
808 0.066559999999999994
809 0.041599999999999998
810 0.0
811 0.099839999999999998
812 0.049919999999999999
813 0.049919999999999999
814 0.0
815 0.099839999999999998
816 0.05824
817 0.041599999999999998
818 0.0
819 0.091520000000000004
820 0.066559999999999994
821 0.041599999999999998
822 0.0
823 0.099839999999999998
824 0.049919999999999999
825 0.049919999999999999
826 0.0
827 0.099839999999999998
828 0.05824
829 0.041599999999999998
830 0.0
831 0.091520000000000004
832 0.066559999999999994
833 0.041599999999999998
834 0.0
835 0.099839999999999998
836 0.049919999999999999
837 0.049919999999999999
838 0.0
839 0.099839999999999998
840 0.05824
841 0.041599999999999998
842 0.0
843 0.091520000000000004
844 0.066559999999999994
845 0.041599999999999998
846 0.0
847 0.099839999999999998
848 0.049919999999999999
849 0.049919999999999999
850 0.0
851 0.099839999999999998
852 0.05824
853 0.041599999999999998
854 0.0
855 0.091520000000000004
856 0.066559999999999994
857 0.041599999999999998
858 0.0
859 0.099839999999999998
860 0.05824
861 0.041599999999999998
862 0.0
863 0.10816000000000001
864 0.049919999999999999
865 0.041599999999999998
866 0.0
867 0.099839999999999998
868 0.066559999999999994
869 0.033279999999999997
870 0.0
871 0.099839999999999998
872 0.05824
873 0.041599999999999998
874 0.0
875 0.10816000000000001
876 0.049919999999999999
877 0.041599999999999998
878 0.0
879 0.099839999999999998
880 0.066559999999999994
881 0.033279999999999997
882 0.0
883 0.099839999999999998
884 0.05824
885 0.041599999999999998
886 0.0
887 0.10816000000000001
888 0.049919999999999999
889 0.041599999999999998
890 0.0
891 0.099839999999999998
892 0.066559999999999994
893 0.033279999999999997
894 0.0
895 0.099839999999999998
896 0.05824
897 0.041599999999999998
898 0.0
899 0.10816000000000001
900 0.049919999999999999
901 0.041599999999999998
902 0.0
903 0.099839999999999998
904 0.066559999999999994
905 0.033279999999999997
906 0.0
907 0.099839999999999998
908 0.05824
909 0.041599999999999998
910 0.0
911 0.11648
912 0.041599999999999998
913 0.041599999999999998
914 0.0
915 0.10816000000000001
916 0.05824
917 0.033279999999999997
918 0.0
919 0.099839999999999998
920 0.066559999999999994
921 0.033279999999999997
922 0.0
923 0.11648
924 0.041599999999999998
925 0.041599999999999998
926 0.0
927 0.10816000000000001
928 0.05824
929 0.033279999999999997
930 0.0
931 0.099839999999999998
932 0.066559999999999994
933 0.033279999999999997
934 0.0
935 0.11648
936 0.041599999999999998
937 0.041599999999999998
938 0.0
939 0.10816000000000001
940 0.05824
941 0.033279999999999997
942 0.0
943 0.099839999999999998
944 0.066559999999999994
945 0.033279999999999997
946 0.0
947 0.11648
948 0.041599999999999998
949 0.041599999999999998
950 0.0
951 0.10816000000000001
952 0.05824
953 0.033279999999999997
954 0.0
955 0.099839999999999998
956 0.066559999999999994
957 0.033279999999999997
958 0.0
959 0.11648
960 0.041599999999999998
961 0.041599999999999998
962 0.066559999999999994
963 0.049919999999999999
964 0.049919999999999999
965 0.033279999999999997
966 0.0
967 0.10816000000000001
968 0.066559999999999994
969 0.02496
970 0.0
971 0.11648
972 0.041599999999999998
973 0.041599999999999998
974 0.066559999999999994
975 0.049919999999999999
976 0.049919999999999999
977 0.033279999999999997
978 0.0
979 0.10816000000000001
980 0.066559999999999994
981 0.02496
982 0.0
983 0.11648
984 0.041599999999999998
985 0.041599999999999998
986 0.066559999999999994
987 0.049919999999999999
988 0.049919999999999999
989 0.033279999999999997
990 0.0
991 0.10816000000000001
992 0.066559999999999994
993 0.02496
994 0.0
995 0.11648
996 0.041599999999999998
997 0.041599999999999998
998 0.066559999999999994
999 0.049919999999999999
