1 0.05023999999999999
2 0.016639999999999995
3 0.04742400000000001
4 0.063232
5 0.053248000000000004
6 0.034111999999999996
7 0.039936
8 0.07072
9 0.051584000000000005
10 0.042432
11 0.039936
12 0.07155199999999999
13 0.03993599999999999
14 0.034943999999999996
15 0.035775999999999995
16 0.063232
17 0.054079999999999996
18 0.02912
19 0.036608
20 0.06239999999999999
21 0.04659200000000001
22 0.034943999999999996
23 0.039104
24 0.067392
25 0.04576000000000001
26 0.032448
27 0.03328
28 0.06905599999999999
29 0.054079999999999996
30 0.022463999999999998
31 0.03744
32 0.06156799999999999
33 0.051584000000000005
34 0.028287999999999997
35 0.038272
36 0.068224
37 0.042432000000000004
38 0.032448
39 0.03328
40 0.06905599999999999
41 0.054079999999999996
42 0.022463999999999998
43 0.03744
44 0.06156799999999999
45 0.051584000000000005
46 0.028287999999999997
47 0.038272
48 0.068224
49 0.042432000000000004
50 0.032448
51 0.03328
52 0.06905599999999999
53 0.054079999999999996
54 0.022463999999999998
55 0.03744
56 0.06156799999999999
57 0.051584000000000005
58 0.028287999999999997
59 0.038272
60 0.068224
61 0.042432000000000004
62 0.032448
63 0.03328
64 0.07071999999999999
65 0.054911999999999996
66 0.022463999999999998
67 0.03744
68 0.06156799999999999
69 0.051584000000000005
70 0.028287999999999997
71 0.038272
72 0.068224
73 0.042432000000000004
74 0.032448
75 0.03328
76 0.06905599999999999
77 0.05823999999999999
78 0.019136
79 0.036608
80 0.065728
81 0.054079999999999996
82 0.022463999999999998
83 0.0416
84 0.068224
85 0.043264
86 0.028287999999999997
87 0.03328
88 0.075712
89 0.051584000000000005
90 0.019136
91 0.036608
92 0.065728
93 0.054079999999999996
94 0.022463999999999998
95 0.040768
96 0.068224
97 0.043264
98 0.028287999999999997
99 0.03328
100 0.075712
101 0.051584000000000005
102 0.019136
103 0.036608
104 0.065728
105 0.054079999999999996
106 0.022463999999999998
107 0.040768
108 0.068224
109 0.043264
110 0.028287999999999997
111 0.03328
112 0.075712
113 0.051584000000000005
114 0.019136
115 0.036608
116 0.065728
117 0.054079999999999996
118 0.022463999999999998
119 0.040768
120 0.068224
121 0.043264
122 0.028287999999999997
123 0.03328
124 0.075712
125 0.051584000000000005
126 0.019136
127 0.036608
128 0.065728
129 0.061568
130 0.015808000000000003
131 0.039936
132 0.069056
133 0.04659200000000001
134 0.024128
135 0.063232
136 0.052416
137 0.04576000000000001
138 0.018303999999999997
139 0.036608
140 0.073216
141 0.054079999999999996
142 0.015808000000000003
143 0.039936
144 0.069888
145 0.04825600000000001
146 0.024128
147 0.063232
148 0.052416
149 0.04576000000000001
150 0.018303999999999997
151 0.036608
152 0.073216
153 0.055743999999999995
154 0.015808000000000003
155 0.039936
156 0.069056
157 0.04659200000000001
158 0.024128
159 0.063232
160 0.052416
161 0.04576000000000001
162 0.018303999999999997
163 0.036608
164 0.074048
165 0.054079999999999996
166 0.015808000000000003
167 0.039936
168 0.069056
169 0.04659200000000001
170 0.024128
171 0.063232
172 0.052416
173 0.04576000000000001
174 0.018303999999999997
175 0.036608
176 0.073216
177 0.054079999999999996
178 0.015808000000000003
179 0.039936
180 0.069056
181 0.049920000000000006
182 0.0208
183 0.06656
184 0.055744
185 0.03993599999999999
186 0.017471999999999998
187 0.063232
188 0.053248
189 0.04825600000000001
190 0.014976
191 0.039936
192 0.073216
193 0.04576000000000001
194 0.0208
195 0.06656
196 0.055744
197 0.03993599999999999
198 0.017471999999999998
199 0.063232
200 0.053248
201 0.04825600000000001
202 0.014976
203 0.039936
204 0.073216
205 0.04576000000000001
206 0.0208
207 0.06656
208 0.055744
209 0.03993599999999999
210 0.017471999999999998
211 0.063232
212 0.053248
213 0.04825600000000001
214 0.014976
215 0.039936
216 0.073216
217 0.04576000000000001
218 0.0208
219 0.06656
220 0.055744
221 0.03993599999999999
222 0.017471999999999998
223 0.063232
224 0.054079999999999996
225 0.049920000000000006
226 0.01664
227 0.040768
228 0.073216
229 0.04576000000000001
230 0.0208
231 0.06656
232 0.055744
233 0.04243199999999999
234 0.018304
235 0.069888
236 0.053248
237 0.042432000000000004
238 0.014144
239 0.06656
240 0.050752
241 0.04492800000000001
242 0.017471999999999998
243 0.069888
244 0.053248000000000004
245 0.03993599999999999
246 0.01664
247 0.069888
248 0.053248
249 0.042432000000000004
250 0.014144
251 0.06656
252 0.050752
253 0.04492800000000001
254 0.017471999999999998
255 0.069888
256 0.053248000000000004
257 0.04159999999999999
258 0.019136
259 0.069888
260 0.053248
261 0.042432000000000004
262 0.014144
263 0.06656
264 0.050752
265 0.04576000000000001
266 0.019136
267 0.069888
268 0.053248000000000004
269 0.03993599999999999
270 0.01664
271 0.069888
272 0.053248
273 0.042432000000000004
274 0.014144
275 0.067392
276 0.050752
277 0.04492800000000001
278 0.017471999999999998
279 0.069888
280 0.053248000000000004
281 0.03993599999999999
282 0.01664
283 0.069888
284 0.053248
285 0.043264000000000004
286 0.013312000000000001
287 0.069888
288 0.051584
289 0.044096
290 0.014144
291 0.074048
292 0.050752000000000005
293 0.03910399999999999
294 0.043264
295 0.046592
296 0.056575999999999994
297 0.036607999999999995
298 0.013312000000000001
299 0.069888
300 0.051584
301 0.044096
302 0.014144
303 0.073216
304 0.050752000000000005
305 0.03910399999999999
306 0.043264
307 0.046592
308 0.056575999999999994
309 0.036607999999999995
310 0.013312000000000001
311 0.069888
312 0.051584
313 0.044096
314 0.014144
315 0.073216
316 0.050752000000000005
317 0.03910399999999999
318 0.043264
319 0.046592
320 0.056575999999999994
321 0.036607999999999995
322 0.013312000000000001
323 0.07071999999999999
324 0.051584
325 0.044096
326 0.014144
327 0.073216
328 0.050752000000000005
329 0.03910399999999999
330 0.043264
331 0.046592
332 0.056575999999999994
333 0.036607999999999995
334 0.013312000000000001
335 0.069888
336 0.051584
337 0.047424
338 0.010816
339 0.0832
340 0.041600000000000005
341 0.041600000000000005
342 0.039936
343 0.049920000000000006
344 0.05408
345 0.036607999999999995
346 0.039104
347 0.04992
348 0.051584
349 0.040768
350 0.010816
351 0.0832
352 0.041600000000000005
353 0.041600000000000005
354 0.039936
355 0.049920000000000006
356 0.05408
357 0.036607999999999995
358 0.039104
359 0.04992
360 0.051584
361 0.040768
362 0.010816
363 0.0832
364 0.041600000000000005
365 0.041600000000000005
366 0.039936
367 0.049920000000000006
368 0.05408
369 0.036607999999999995
370 0.039104
371 0.04992
372 0.051584
373 0.040768
374 0.010816
375 0.0832
376 0.041600000000000005
377 0.041600000000000005
378 0.039936
379 0.049920000000000006
380 0.05408
381 0.036607999999999995
382 0.039104
383 0.04992
384 0.052416
385 0.040768
386 0.010816
387 0.0832
388 0.041600000000000005
389 0.04492800000000001
390 0.036607999999999995
391 0.059904
392 0.04492800000000001
393 0.035775999999999995
394 0.042432
395 0.04992
396 0.054911999999999996
397 0.03744
398 0.034111999999999996
399 0.059904
400 0.03910399999999999
401 0.044096
402 0.036607999999999995
403 0.059904
404 0.04492800000000001
405 0.035775999999999995
406 0.042432
407 0.04992
408 0.054911999999999996
409 0.03744
410 0.034111999999999996
411 0.059904
412 0.03910399999999999
413 0.044096
414 0.036607999999999995
415 0.059904
416 0.04492800000000001
417 0.035775999999999995
418 0.042432
419 0.04992
420 0.054911999999999996
421 0.03744
422 0.034111999999999996
423 0.059904
424 0.03910399999999999
425 0.044096
426 0.036607999999999995
427 0.059904
428 0.04492800000000001
429 0.035775999999999995
430 0.042432
431 0.04992
432 0.054911999999999996
433 0.03744
434 0.034111999999999996
435 0.059904
436 0.03910399999999999
437 0.044096
438 0.036607999999999995
439 0.059904
440 0.04492800000000001
441 0.03910399999999999
442 0.039104
443 0.059904
444 0.04825600000000001
445 0.040768
446 0.034944
447 0.059904
448 0.03910399999999999
449 0.044096
450 0.03328
451 0.064064
452 0.041600000000000005
453 0.03910399999999999
454 0.039104
455 0.059904
456 0.04825600000000001
457 0.038272
458 0.033280000000000004
459 0.059904
460 0.03910399999999999
461 0.044096
462 0.03328
463 0.064064
464 0.041600000000000005
465 0.038271999999999994
466 0.039104
467 0.059904
468 0.04825600000000001
469 0.038272
470 0.033280000000000004
471 0.059904
472 0.03910399999999999
473 0.044096
474 0.03328
475 0.064064
476 0.041600000000000005
477 0.03993599999999999
478 0.039936
479 0.059904
480 0.04825600000000001
481 0.038272
482 0.033280000000000004
483 0.059904
484 0.03910399999999999
485 0.044096
486 0.03328
487 0.064064
488 0.041600000000000005
489 0.038271999999999994
490 0.039104
491 0.059904
492 0.04825600000000001
493 0.039104
494 0.035776
495 0.056575999999999994
496 0.04576000000000001
497 0.040768
498 0.033280000000000004
499 0.064064
500 0.03910399999999999
501 0.040768
502 0.035776
503 0.064064
504 0.047424
505 0.035775999999999995
506 0.035776
507 0.056575999999999994
508 0.04576000000000001
509 0.040768
510 0.033280000000000004
511 0.064896
512 0.03910399999999999
513 0.040768
514 0.035776
515 0.064064
516 0.047424
517 0.035775999999999995
518 0.035776
519 0.056575999999999994
520 0.04576000000000001
521 0.040768
522 0.033280000000000004
523 0.064064
524 0.03910399999999999
525 0.040768
526 0.035776
527 0.064064
528 0.047424
529 0.035775999999999995
530 0.035776
531 0.056575999999999994
532 0.04576000000000001
533 0.040768
534 0.033280000000000004
535 0.064064
536 0.03910399999999999
537 0.040768
538 0.035776
539 0.064064
540 0.047424
541 0.035775999999999995
542 0.035776
543 0.056575999999999994
544 0.04576000000000001
545 0.0416
546 0.035776
547 0.064064
548 0.03910399999999999
549 0.040768
550 0.032448
551 0.06822399999999999
552 0.047424
553 0.032448
554 0.034943999999999996
555 0.057407999999999994
556 0.051584000000000005
557 0.034943999999999996
558 0.035776
559 0.064064
560 0.03910399999999999
561 0.040768
562 0.032448
563 0.06822399999999999
564 0.047424
565 0.032448
566 0.034943999999999996
567 0.057407999999999994
568 0.051584000000000005
569 0.034943999999999996
570 0.035776
571 0.064896
572 0.03910399999999999
573 0.040768
574 0.032448
575 0.06822399999999999
576 0.047424
577 0.032448
578 0.034943999999999996
579 0.057407999999999994
580 0.051584000000000005
581 0.034943999999999996
582 0.035776
583 0.064064
584 0.03910399999999999
585 0.040768
586 0.032448
587 0.06822399999999999
588 0.047424
589 0.032448
590 0.034943999999999996
591 0.057407999999999994
592 0.051584000000000005
593 0.034943999999999996
594 0.035776
595 0.064064
596 0.03910399999999999
597 0.040768
598 0.035776
599 0.06822399999999999
600 0.04492800000000001
601 0.032448
602 0.034111999999999996
603 0.061568
604 0.054079999999999996
605 0.02912
606 0.038272
607 0.06073599999999999
608 0.04576000000000001
609 0.034111999999999996
610 0.035776
611 0.06822399999999999
612 0.04492800000000001
613 0.032448
614 0.034111999999999996
615 0.061568
616 0.054079999999999996
617 0.02912
618 0.038272
619 0.06073599999999999
620 0.04576000000000001
621 0.034111999999999996
622 0.035776
623 0.06822399999999999
624 0.04492800000000001
625 0.032448
626 0.034111999999999996
627 0.061568
628 0.054079999999999996
629 0.02912
630 0.038272
631 0.06073599999999999
632 0.04659200000000001
633 0.036607999999999995
634 0.036608
635 0.06822399999999999
636 0.04492800000000001
637 0.032448
638 0.034111999999999996
639 0.061568
640 0.054911999999999996
641 0.02912
642 0.038272
643 0.06073599999999999
644 0.04576000000000001
645 0.034111999999999996
646 0.035776
647 0.06822399999999999
648 0.04492800000000001
649 0.034943999999999996
650 0.03328
651 0.06905599999999999
652 0.054079999999999996
653 0.022463999999999998
654 0.03744
655 0.06156799999999999
656 0.051584000000000005
657 0.028287999999999997
658 0.038272
659 0.068224
660 0.042432000000000004
661 0.032448
662 0.03328
663 0.06905599999999999
664 0.054079999999999996
665 0.023295999999999997
666 0.03744
667 0.06156799999999999
668 0.051584000000000005
669 0.028287999999999997
670 0.038272
671 0.068224
672 0.042432000000000004
673 0.032448
674 0.03328
675 0.06905599999999999
676 0.054079999999999996
677 0.022463999999999998
678 0.03744
679 0.06156799999999999
680 0.051584000000000005
681 0.028287999999999997
682 0.038272
683 0.068224
684 0.042432000000000004
685 0.032448
686 0.03328
687 0.06905599999999999
688 0.054079999999999996
689 0.022463999999999998
690 0.03744
691 0.06156799999999999
692 0.051584000000000005
693 0.028287999999999997
694 0.038272
695 0.068224
696 0.042432000000000004
697 0.032448
698 0.034111999999999996
699 0.06905599999999999
700 0.054079999999999996
701 0.023295999999999997
702 0.036608
703 0.065728
704 0.054079999999999996
705 0.022463999999999998
706 0.040768
707 0.068224
708 0.043264
709 0.028287999999999997
710 0.03328
711 0.075712
712 0.051584000000000005
713 0.019136
714 0.036608
715 0.065728
716 0.054079999999999996
717 0.022463999999999998
718 0.040768
719 0.068224
720 0.043264
721 0.028287999999999997
722 0.03328
723 0.075712
724 0.051584000000000005
725 0.019136
726 0.036608
727 0.065728
728 0.054079999999999996
729 0.022463999999999998
730 0.040768
731 0.068224
732 0.043264
733 0.028287999999999997
734 0.03328
735 0.075712
736 0.051584000000000005
737 0.019136
738 0.036608
739 0.065728
740 0.054079999999999996
741 0.022463999999999998
742 0.040768
743 0.068224
744 0.043264
745 0.028287999999999997
746 0.03328
747 0.075712
748 0.051584000000000005
749 0.019136
750 0.036608
751 0.065728
752 0.054079999999999996
753 0.023295999999999997
754 0.039936
755 0.069056
756 0.04659200000000001
757 0.024128
758 0.064064
759 0.052416
760 0.04576000000000001
761 0.018303999999999997
762 0.036608
763 0.073216
764 0.054079999999999996
765 0.015808000000000003
766 0.039936
767 0.069056
768 0.04659200000000001
769 0.024128
770 0.063232
771 0.052416
772 0.04576000000000001
773 0.018303999999999997
774 0.036608
775 0.073216
776 0.054079999999999996
777 0.015808000000000003
778 0.039936
779 0.069056
780 0.04659200000000001
781 0.024128
782 0.063232
783 0.052416
784 0.04576000000000001
785 0.018303999999999997
786 0.036608
787 0.073216
788 0.054079999999999996
789 0.015808000000000003
790 0.039936
791 0.069056
792 0.04659200000000001
793 0.024128
794 0.063232
795 0.052416
796 0.04576000000000001
797 0.018303999999999997
798 0.036608
799 0.073216
800 0.054079999999999996
801 0.015808000000000003
802 0.039936
803 0.069056
804 0.04659200000000001
805 0.024128
806 0.06656
807 0.055744
808 0.03993599999999999
809 0.017471999999999998
810 0.063232
811 0.053248
812 0.04825600000000001
813 0.014976
814 0.039936
815 0.073216
816 0.04576000000000001
817 0.0208
818 0.06656
819 0.056575999999999994
820 0.04243199999999999
821 0.018304
822 0.063232
823 0.053248
824 0.04825600000000001
825 0.014976
826 0.039936
827 0.074048
828 0.04742400000000001
829 0.0208
830 0.06656
831 0.055744
832 0.03993599999999999
833 0.017471999999999998
834 0.063232
835 0.053248
836 0.04825600000000001
837 0.015808
838 0.039936
839 0.073216
840 0.04576000000000001
841 0.0208
842 0.06656
843 0.055744
844 0.03993599999999999
845 0.017471999999999998
846 0.063232
847 0.053248
848 0.04825600000000001
849 0.014976
850 0.039936
851 0.073216
852 0.04576000000000001
853 0.021632
854 0.06656
855 0.055744
856 0.03993599999999999
857 0.017471999999999998
858 0.069888
859 0.053248
860 0.042432000000000004
861 0.014144
862 0.06656
863 0.050752
864 0.04492800000000001
865 0.017471999999999998
866 0.069888
867 0.053248000000000004
868 0.03993599999999999
869 0.01664
870 0.069888
871 0.053248
872 0.042432000000000004
873 0.014144
874 0.06656
875 0.050752
876 0.04492800000000001
877 0.017471999999999998
878 0.069888
879 0.053248000000000004
880 0.03993599999999999
881 0.01664
882 0.069888
883 0.053248
884 0.042432000000000004
885 0.014144
886 0.067392
887 0.050752
888 0.04492800000000001
889 0.017471999999999998
890 0.069888
891 0.053248000000000004
892 0.03993599999999999
893 0.01664
894 0.069888
895 0.053248
896 0.042432000000000004
897 0.014144
898 0.06656
899 0.050752
900 0.04492800000000001
901 0.017471999999999998
902 0.069888
903 0.053248000000000004
904 0.03993599999999999
905 0.01664
906 0.069888
907 0.053248
908 0.042432000000000004
909 0.014144
910 0.069888
911 0.051584
912 0.044096
913 0.014144
914 0.073216
915 0.050752000000000005
916 0.03910399999999999
917 0.043264
918 0.046592
919 0.056575999999999994
920 0.036607999999999995
921 0.013312000000000001
922 0.069888
923 0.051584
924 0.044096
925 0.014144
926 0.073216
927 0.050752000000000005
928 0.03910399999999999
929 0.043264
930 0.046592
931 0.056575999999999994
932 0.036607999999999995
933 0.013312000000000001
934 0.069888
935 0.051584
936 0.044096
937 0.014144
938 0.073216
939 0.050752000000000005
940 0.03910399999999999
941 0.043264
942 0.046592
943 0.056575999999999994
944 0.036607999999999995
945 0.013312000000000001
946 0.07071999999999999
947 0.051584
948 0.044096
949 0.014144
950 0.073216
951 0.050752000000000005
952 0.03910399999999999
953 0.043264
954 0.046592
955 0.056575999999999994
956 0.036607999999999995
957 0.013312000000000001
958 0.069888
959 0.051584
960 0.044096
961 0.014144
962 0.0832
963 0.041600000000000005
964 0.041600000000000005
965 0.039936
966 0.049920000000000006
967 0.05408
968 0.036607999999999995
969 0.039104
970 0.04992
971 0.051584
972 0.040768
973 0.010816
974 0.0832
975 0.041600000000000005
976 0.041600000000000005
977 0.039936
978 0.049920000000000006
979 0.05408
980 0.036607999999999995
981 0.039104
982 0.04992
983 0.051584
984 0.040768
985 0.010816
986 0.0832
987 0.041600000000000005
988 0.041600000000000005
989 0.039936
990 0.049920000000000006
991 0.05408
992 0.036607999999999995
993 0.039104
994 0.04992
995 0.051584
996 0.040768
997 0.010816
998 0.0832
999 0.041600000000000005
