0 1
1 3.24483
2 2.5
3 3.24483
4 2.5
5 3.83446
6 4.78871
7 4.78871
8 2.39435
9 2.39435
10 1
11 1
12 1
13 1
14 2
15 2.5
16 2.5
17 2.5
18 2.5
19 2.5
20 2.5
21 2.5
22 1
23 1
24 1
25 1
26 1
27 1
28 1
29 1
30 1
31 1
32 1
33 1
34 1
35 1
36 1
37 1
38 1
39 1
40 1
41 1
42 1
43 1
44 1
45 1
46 1
47 1
48 1
49 1
50 1
51 1
52 1
53 1
54 1
55 1
56 1
57 1
58 1
59 1
60 1
61 1
62 1
63 1
64 2
65 2.5
66 2.5
67 1
68 1
69 1
70 1
71 1
72 1
73 1
74 1
75 1
76 1
77 1
78 1
79 1
80 1
81 1
82 1
83 2
84 2.5
85 2.5
86 2.5
87 2.5
88 2.5
89 2.5
90 2.5
91 2.5
92 2.5
93 2.5
94 2.5
95 2.5
96 2.5
97 2.5
98 2.5
99 2.5
100 2.5
101 2.5
102 2.5
103 2.5
104 1
105 1
106 1
107 1
108 1
109 1
110 1
111 1
112 1
113 1
114 1
115 1
116 1
117 1
118 1
119 1
120 1
121 1
122 1
123 1
124 1
125 1
126 1
127 1
128 1
129 1
130 1
131 1
132 1
133 1
134 1
135 1
136 1
137 1
138 1
139 1
140 1
141 1
142 1
143 1
144 2
145 2.9
146 3.55301
147 3.55301
148 1
149 1
150 1
151 1
152 2
153 2.5
154 2.5
155 2.5
156 2.5
157 2.5
158 2.5
159 2.5
160 2.5
161 1
162 1
163 1
164 1
165 1
166 1
167 1
168 1
169 1
170 1
171 1
172 1
173 1
174 1
175 1
176 1
177 2
178 2.5
179 2.5
180 2.5
181 2.5
182 2.5
183 2.5
184 2.5
185 2.5
186 2.5
187 2.5
188 2.5
189 2.5
190 2.5
191 2.5
192 2.5
193 2.5
194 2.5
195 2.5
196 2.5
197 2.5
198 2.5
199 2.5
200 2.5
201 2.5
202 2.5
203 2.5
204 2.5
205 2.5
206 2.5
207 2.5
208 2.5
209 2.5
210 1
211 2
212 2
213 2
214 2
215 2
216 2
217 2
218 2
219 2
220 2
221 2
222 2
223 2
224 2
225 2
226 2
227 2
228 2
229 2
230 2
231 2
232 2
233 2
234 2
235 2
236 2
237 2
238 2
239 2
240 2
241 2
242 2
243 2
244 2
245 2
246 2
247 2
248 2
249 2
250 2
251 2
252 2
253 2
254 2
255 2
256 2
257 2
258 2
259 2
260 2
261 2
262 2
263 2
264 2
265 2
266 2
267 2
268 2
269 2
270 2
271 2
272 2
273 2
274 2
275 2
276 2
277 2
278 2
279 2
280 2
281 2
282 2
283 2
284 2
285 2
286 2
287 2
288 2
289 2
290 2
291 2
292 2
293 2
294 2
295 2
296 2
297 2
298 2
299 2
300 2
301 2
302 2
303 2
304 2
305 2
306 2
307 2
308 2
309 2
310 2
311 2
312 2
313 2
314 2
315 2
316 2
317 2
318 2
319 2
320 2
321 2
322 2
323 2
324 2
325 2
326 2
327 2
328 2
329 2
330 2
331 1
332 2
333 2.9
334 2.9
335 1
336 1
337 1
338 1
339 1
340 1
341 2
342 2
343 2
344 2
345 2
346 2
347 2
348 2
349 2
350 2
351 1
352 2
353 2
354 2
355 2
356 2
357 2
358 2
359 2
360 2
361 2
362 2
363 2
364 2
365 2
366 2
367 2
368 2
369 2
370 2
371 2
372 1
373 1
374 1
375 1
376 1
377 1
378 1
379 1
380 1
381 1
382 1
383 1
384 1
385 1
386 1
387 1
388 1
389 1
390 1
391 1
392 1
393 1
394 1
395 1
396 1
397 1
398 1
399 1
400 1
401 1
402 1
403 1
404 1
405 1
406 1
407 1
408 1
409 1
410 1
411 1
412 2
413 3.24483
414 3.55301
415 3.55301
416 1
417 1
418 1
419 1
420 2
421 2.5
422 2.5
423 2.5
424 2.5
425 2.5
426 2.5
427 2.5
428 2.5
429 1
430 1
431 1
432 1
433 1
434 1
435 1
436 1
437 1
438 1
439 1
440 1
441 1
442 1
443 1
444 1
445 2
446 2.5
447 2.5
448 2.5
449 2.5
450 2.5
451 2.5
452 2.5
453 2.5
454 2.5
455 2.5
456 2.5
457 2.5
458 2.5
459 2.5
460 2.5
461 2.5
462 2.5
463 2.5
464 2.5
465 2.5
466 2.5
467 2.5
468 2.5
469 2.5
470 2.5
471 2.5
472 2.5
473 2.5
474 2.5
475 2.5
476 2.5
477 2.5
478 2
479 2
480 2
481 2
482 2
483 2
484 2
485 2
486 2
487 2
488 2
489 2
490 2
491 2
492 2
493 2
494 2
495 2
496 2
497 2
498 2
499 2
500 2
501 2
502 2
503 2
504 2
505 2
506 2
507 2
508 2
509 2
510 2
511 2
512 2
513 2
514 2
515 2
516 2
517 2
518 2
519 2
520 2
521 2
522 2
523 2
524 2
525 2
526 2
527 2
528 2
529 2
530 2
531 2
532 2
533 2
534 2
535 2
536 2
537 2
538 1
539 2
540 2
541 2
542 2
543 2
544 2
545 2
546 2
547 2
548 2
549 2
550 2
551 2
552 2
553 2
554 2
555 2
556 2
557 2
558 2
559 2
560 2
561 2
562 2
563 2
564 2
565 2
566 2
567 2
568 2
569 2
570 2
571 2
572 2
573 2
574 2
575 2
576 2
577 2
578 2
579 2
580 2
581 2
582 2
583 2
584 2
585 2
586 2
587 2
588 2
589 2
590 2
591 2
592 2
593 2
594 2
595 2
596 2
597 2
598 2
599 1
600 2.5
601 3.55301
602 3.55301
603 1
604 1
605 1
606 1
607 1
608 2
609 2
610 2
611 2
612 2
613 2
614 2
615 2
616 1
617 1
618 1
619 1
620 1
621 1
622 1
623 1
624 1
625 1
626 1
627 1
628 1
629 1
630 1
631 1
632 2
633 2.5
634 2.5
635 2.5
636 2.5
637 2.5
638 2.5
639 2.5
640 2.5
641 2.5
642 2.5
643 2.5
644 2.5
645 2.5
646 2.5
647 2.5
648 2.5
649 2.5
650 2.5
651 2.5
652 2.5
653 2.5
654 2.5
655 2.5
656 2.5
657 2.5
658 2.5
659 2.5
660 2.5
661 2.5
662 2.5
663 2.5
664 2.5
665 2
666 2
667 2
668 2
669 2
670 2
671 2
672 2
673 2
674 2
675 2
676 2
677 2
678 2
679 2
680 2
681 2
682 2
683 2
684 2
685 2
686 2
687 2
688 2
689 2
690 2
691 2
692 2
693 2
694 2
695 2
696 2
697 2
698 2
699 2
700 2
701 2
702 2
703 2
704 2
705 2
706 2
707 2
708 2
709 2
710 2
711 2
712 2
713 2
714 2
715 2
716 2
717 2
718 2
719 2
720 2
721 2
722 2
723 2
724 2
725 1
726 2
727 2
728 2
729 2
730 2
731 2
732 2
733 2
734 2
735 2
736 2
737 2
738 2
739 2
740 2
741 2
742 2
743 2
744 2
745 2
746 2
747 2
748 2
749 2
750 2
751 2
752 2
753 2
754 2
755 2
756 2
757 2
758 2
759 2
760 2
761 2
762 2
763 2
764 2
765 2
766 2
767 2
768 2
769 2
770 2
771 2
772 2
773 2
774 2
775 2
776 2
777 2
778 2
779 2
780 2
781 2
782 2
783 2
784 2
785 2
786 1
787 2.9
788 3.55301
789 3.55301
790 1
791 1
792 1
793 1
794 1
795 2
796 2.5
797 2.5
798 2.5
799 2.5
800 2.5
801 2.5
802 2.5
803 2.5
804 1
805 1
806 1
807 1
808 1
809 1
810 1
811 1
812 1
813 1
814 1
815 1
816 1
817 1
818 1
819 1
820 2
821 2.5
822 2.5
823 2.5
824 2.5
825 2.5
826 2.5
827 2.5
828 2.5
829 2.5
830 2.5
831 2.5
832 2.5
833 2.5
834 2.5
835 2.5
836 2.5
837 2.5
838 2.5
839 2.5
840 2.5
841 2.5
842 2.5
843 2.5
844 2.5
845 2.5
846 2.5
847 2.5
848 2.5
849 2.5
850 2.5
851 2.5
852 1
853 2
854 2
855 2
856 2
857 2
858 2
859 2
860 2
861 2
862 2
863 2
864 2
865 2
866 2
867 2
868 2
869 2
870 2
871 2
872 2
873 2
874 2
875 2
876 2
877 2
878 2
879 2
880 2
881 2
882 2
883 2
884 2
885 2
886 2
887 2
888 2
889 2
890 2
891 2
892 2
893 2
894 2
895 2
896 2
897 2
898 2
899 2
900 2
901 2
902 2
903 2
904 2
905 2
906 2
907 2
908 2
909 2
910 2
911 2
912 2
913 1
914 2
915 2
916 2
917 2
918 2
919 2
920 2
921 2
922 2
923 2
924 2
925 2
926 2
927 2
928 2
929 2
930 2
931 2
932 2
933 2
934 2
935 2
936 2
937 2
938 2
939 2
940 2
941 2
942 2
943 2
944 2
945 2
946 2
947 2
948 2
949 2
950 2
951 2
952 2
953 2
954 2
955 2
956 2
957 2
958 2
959 2
960 2
961 2
962 2
963 2
964 2
965 2
966 2
967 2
968 2
969 2
970 2
971 2
972 2
973 2
974 2
975 2.9
976 2.9
977 2.9
978 1
979 1
980 1
981 1
982 1
983 1
984 2
985 2
986 2
987 2
988 2
989 2
990 2
991 2
992 2
993 2
994 2
995 2
996 2
997 2
998 2
999 2
