0 1
1 3.24483
2 2.5
3 4.09525
4 5.92867
5 7.16526
6 7.83782
7 4.85573
8 6.92376
9 8.37439
10 9.39393
11 4.95732
12 5.72021
13 6.99461
14 8.19047
15 4.4488
16 4.67358
17 6.33657
18 7.23088
19 3.94888
20 4.44009
21 5.83029
22 7.08446
23 7.89295
24 3.94647
25 5.08275
26 6.32907
27 7.49857
28 3.94589
29 4.43745
30 5.8283
31 6.79147
32 3.46936
33 4.50632
34 5.52402
35 6.68644
36 3.418
37 4.69148
38 5.4928
39 6.50713
40 3.40547
41 4.22137
42 5.66755
43 6.80488
44 3.40244
45 4.456
46 5.48341
47 6.65311
48 3.40171
49 4.67989
50 5.48297
51 6.49888
52 3.40153
53 4.21825
54 5.66525
55 6.80298
56 3.40149
57 4.45528
58 5.48284
59 6.65264
60 3.40148
61 4.67973
62 5.48283
63 6.49876
64 3.40148
65 4.21821
66 5.66522
67 6.80295
68 3.40148
69 4.45527
70 5.48283
71 6.65264
72 3.40148
73 4.67973
74 5.48283
75 6.49876
76 3.40148
77 4.21821
78 5.66522
79 6.80295
80 3.40148
81 4.45527
82 5.48283
83 6.65264
84 3.40148
85 4.67973
86 5.48283
87 6.65264
88 3.40148
89 4.45527
90 5.84173
91 6.80295
92 3.40148
93 4.45527
94 5.66522
95 6.80295
96 3.40148
97 4.67973
98 5.48283
99 6.65264
100 3.40148
101 4.45527
102 5.84173
103 6.80295
104 3.40148
105 4.45527
106 5.66522
107 6.80295
108 3.40148
109 4.67973
110 5.48283
111 6.65264
112 3.40148
113 4.45527
114 5.84173
115 6.80295
116 3.40148
117 4.45527
118 5.66522
119 6.80295
120 3.40148
121 4.67973
122 5.48283
123 6.65264
124 3.40148
125 4.45527
126 5.84173
127 6.80295
128 3.40148
129 4.45527
130 5.66522
131 6.80295
132 3.40148
133 4.67973
134 5.48283
135 6.65264
136 3.40148
137 4.45527
138 6.01292
139 6.80295
140 3.40148
141 4.45527
142 5.84173
143 6.80295
144 3.40148
145 4.67973
146 5.66522
147 6.80295
148 3.40148
149 4.67973
150 6.01292
151 6.80295
152 3.40148
153 4.45527
154 5.84173
155 6.80295
156 3.40148
157 4.67973
158 5.66522
159 6.80295
160 3.40148
161 4.67973
162 6.01292
163 6.80295
164 3.40148
165 4.45527
166 5.84173
167 6.80295
168 3.40148
169 4.67973
170 5.66522
171 6.80295
172 3.40148
173 4.67973
174 6.01292
175 6.80295
176 3.40148
177 4.45527
178 5.84173
179 6.80295
180 3.40148
181 4.67973
182 5.66522
183 6.80295
184 3.40148
185 4.67973
186 6.01292
187 6.80295
188 3.40148
189 4.45527
190 6.01292
191 6.80295
192 3.40148
193 4.67973
194 5.84173
195 6.80295
196 3.40148
197 4.89341
198 6.01292
199 6.80295
200 3.40148
201 4.67973
202 6.01292
203 6.80295
204 3.40148
205 4.67973
206 5.84173
207 6.80295
208 3.40148
209 4.89341
210 6.01292
211 6.80295
212 3.40148
213 4.67973
214 6.01292
215 6.80295
216 3.40148
217 4.67973
218 5.84173
219 6.80295
220 3.40148
221 4.89341
222 6.01292
223 6.80295
224 3.40148
225 4.67973
226 6.01292
227 6.80295
228 3.40148
229 4.67973
230 5.84173
231 6.80295
232 3.40148
233 4.89341
234 6.01292
235 6.80295
236 3.40148
237 4.67973
238 6.01292
239 6.80295
240 3.40148
241 4.67973
242 6.01292
243 6.80295
244 3.40148
245 5.09777
246 6.01292
247 6.80295
248 3.69547
249 4.89341
250 6.17922
251 6.80295
252 3.40148
253 4.67973
254 6.01292
255 6.80295
256 3.40148
257 5.09777
258 6.01292
259 6.80295
260 3.69547
261 4.89341
262 6.17922
263 6.80295
264 3.40148
265 4.67973
266 6.01292
267 6.80295
268 3.40148
269 5.09777
270 6.01292
271 6.80295
272 3.69547
273 4.89341
274 6.17922
275 6.80295
276 3.40148
277 4.67973
278 6.01292
279 6.80295
280 3.40148
281 5.09777
282 6.01292
283 6.80295
284 3.69547
285 4.89341
286 6.17922
287 6.80295
288 3.40148
289 4.67973
290 6.01292
291 6.80295
292 3.40148
293 5.09777
294 6.01292
295 6.80295
296 3.69547
297 5.09777
298 6.17922
299 6.80295
300 3.69547
301 4.89341
302 6.17922
303 6.80295
304 3.40148
305 5.09777
306 6.01292
307 6.80295
308 3.69547
309 5.09777
310 6.17922
311 6.80295
312 3.69547
313 4.89341
314 6.17922
315 6.80295
316 3.40148
317 5.09777
318 6.01292
319 6.80295
320 3.69547
321 5.09777
322 6.17922
323 6.80295
324 3.69547
325 4.89341
326 6.17922
327 6.80295
328 3.40148
329 5.09777
330 6.01292
331 6.80295
332 3.69547
333 5.09777
334 6.17922
335 6.80295
336 3.69547
337 4.89341
338 6.17922
339 6.80295
340 3.40148
341 5.09777
342 6.01292
343 6.80295
344 3.69547
345 5.09777
346 6.17922
347 6.80295
348 3.96607
349 5.09777
350 6.34106
351 6.80295
352 3.69547
353 5.09777
354 6.01292
355 6.80295
356 3.69547
357 5.29394
358 6.17922
359 6.80295
360 3.96607
361 5.09777
362 6.34106
363 6.80295
364 3.69547
365 5.09777
366 6.01292
367 6.80295
368 3.69547
369 5.29394
370 6.17922
371 6.80295
372 3.96607
373 5.09777
374 6.34106
375 6.80295
376 3.69547
377 5.09777
378 6.01292
379 6.80295
380 3.69547
381 5.29394
382 6.17922
383 6.80295
384 3.96607
385 5.09777
386 6.34106
387 6.80295
388 3.69547
389 5.09777
390 6.01292
391 6.80295
392 3.69547
393 5.29394
394 6.17922
395 6.80295
396 3.96607
397 5.09777
398 6.34106
399 6.80295
400 3.96607
401 5.09777
402 6.01292
403 6.80295
404 3.69547
405 5.29394
406 6.17922
407 6.80295
408 3.96607
409 5.29394
410 6.34106
411 6.80295
412 3.96607
413 5.09777
414 6.01292
415 6.80295
416 3.69547
417 5.29394
418 6.17922
419 6.80295
420 3.96607
421 5.29394
422 6.34106
423 6.80295
424 3.96607
425 5.09777
426 6.01292
427 6.80295
428 3.69547
429 5.29394
430 6.17922
431 6.80295
432 3.96607
433 5.29394
434 6.34106
435 6.80295
436 3.96607
437 5.09777
438 6.01292
439 6.80295
440 3.69547
441 5.29394
442 6.17922
443 6.80295
444 3.96607
445 5.29394
446 6.34106
447 6.80295
448 3.96607
449 5.09777
450 6.17922
451 3.40148
452 3.96607
453 5.29394
454 6.17922
455 6.80295
456 3.96607
457 5.48283
458 6.34106
459 6.80295
460 4.21821
461 5.09777
462 6.17922
463 3.40148
464 3.96607
465 5.29394
466 6.17922
467 6.80295
468 3.96607
469 5.48283
470 6.34106
471 6.80295
472 4.21821
473 5.09777
474 6.17922
475 3.40148
476 3.96607
477 5.29394
478 6.17922
479 6.80295
480 3.96607
481 5.48283
482 6.34106
483 6.80295
484 4.21821
485 5.09777
486 6.17922
487 3.40148
488 3.96607
489 5.29394
490 6.17922
491 6.80295
492 3.96607
493 5.48283
494 6.34106
495 6.80295
496 4.21821
497 5.09777
498 6.17922
499 3.40148
500 3.96607
501 5.29394
502 6.17922
503 3.40148
504 3.96607
505 5.48283
506 6.34106
507 6.80295
508 4.21821
509 5.09777
510 6.34106
511 3.40148
512 4.21821
513 5.29394
514 6.17922
515 3.40148
516 3.96607
517 5.48283
518 6.34106
519 6.80295
520 4.21821
521 5.09777
522 6.34106
523 3.40148
524 4.21821
525 5.29394
526 6.17922
527 3.40148
528 3.96607
529 5.48283
530 6.34106
531 6.80295
532 4.21821
533 5.09777
534 6.34106
535 3.40148
536 4.21821
537 5.29394
538 6.17922
539 3.40148
540 3.96607
541 5.48283
542 6.34106
543 6.80295
544 4.21821
545 5.09777
546 6.34106
547 3.40148
548 4.21821
549 5.29394
550 6.17922
551 3.40148
552 3.96607
553 5.48283
554 6.34106
555 3.40148
556 4.21821
557 5.29394
558 6.49876
559 3.40148
560 4.45527
561 5.29394
562 6.34106
563 3.40148
564 4.21821
565 5.48283
566 6.34106
567 3.40148
568 4.21821
569 5.29394
570 6.49876
571 3.40148
572 4.45527
573 5.29394
574 6.34106
575 3.40148
576 4.21821
577 5.48283
578 6.34106
579 3.40148
580 4.21821
581 5.29394
582 6.49876
583 3.40148
584 4.45527
585 5.29394
586 6.34106
587 3.40148
588 4.21821
589 5.48283
590 6.34106
591 3.40148
592 4.21821
593 5.29394
594 6.49876
595 3.40148
596 4.45527
597 5.29394
598 6.34106
599 3.40148
600 4.21821
601 5.48283
602 6.34106
603 3.40148
604 4.21821
605 5.29394
606 6.65264
607 3.40148
608 4.45527
609 5.29394
610 6.49876
611 3.40148
612 4.45527
613 5.48283
614 6.34106
615 3.40148
616 4.21821
617 5.48283
618 6.65264
619 3.40148
620 4.45527
621 5.29394
622 6.49876
623 3.40148
624 4.45527
625 5.48283
626 6.34106
627 3.40148
628 4.21821
629 5.48283
630 6.65264
631 3.40148
632 4.45527
633 5.29394
634 6.49876
635 3.40148
636 4.45527
637 5.48283
638 6.34106
639 3.40148
640 4.21821
641 5.48283
642 6.65264
643 3.40148
644 4.45527
645 5.29394
646 6.49876
647 3.40148
648 4.45527
649 5.48283
650 6.34106
651 3.40148
652 4.21821
653 5.48283
654 6.65264
655 3.40148
656 4.45527
657 5.29394
658 6.65264
659 3.40148
660 4.67973
661 5.48283
662 6.49876
663 3.40148
664 4.21821
665 5.66522
666 6.80295
667 3.40148
668 4.45527
669 5.48283
670 6.65264
671 3.40148
672 4.67973
673 5.48283
674 6.49876
675 3.40148
676 4.21821
677 5.66522
678 6.80295
679 3.40148
680 4.45527
681 5.48283
682 6.65264
683 3.40148
684 4.67973
685 5.48283
686 6.49876
687 3.40148
688 4.21821
689 5.66522
690 6.80295
691 3.40148
692 4.45527
693 5.48283
694 6.65264
695 3.40148
696 4.67973
697 5.48283
698 6.49876
699 3.40148
700 4.21821
701 5.66522
702 6.80295
703 3.40148
704 4.45527
705 5.48283
706 6.65264
707 3.40148
708 4.67973
709 5.48283
710 6.65264
711 3.40148
712 4.45527
713 5.84173
714 6.80295
715 3.40148
716 4.45527
717 5.66522
718 6.80295
719 3.40148
720 4.67973
721 5.48283
722 6.65264
723 3.40148
724 4.45527
725 5.84173
726 6.80295
727 3.40148
728 4.45527
729 5.66522
730 6.80295
731 3.40148
732 4.67973
733 5.48283
734 6.65264
735 3.40148
736 4.45527
737 5.84173
738 6.80295
739 3.40148
740 4.45527
741 5.66522
742 6.80295
743 3.40148
744 4.67973
745 5.48283
746 6.65264
747 3.40148
748 4.45527
749 5.84173
750 6.80295
751 3.40148
752 4.45527
753 5.66522
754 6.80295
755 3.40148
756 4.67973
757 5.48283
758 6.65264
759 3.40148
760 4.45527
761 5.84173
762 6.80295
763 3.40148
764 4.45527
765 5.84173
766 6.80295
767 3.40148
768 4.67973
769 5.66522
770 6.80295
771 3.40148
772 4.67973
773 6.01292
774 6.80295
775 3.40148
776 4.45527
777 5.84173
778 6.80295
779 3.40148
780 4.67973
781 5.66522
782 6.80295
783 3.40148
784 4.67973
785 6.01292
786 6.80295
787 3.40148
788 4.45527
789 5.84173
790 6.80295
791 3.40148
792 4.67973
793 5.66522
794 6.80295
795 3.40148
796 4.67973
797 6.01292
798 6.80295
799 3.40148
800 4.45527
801 5.84173
802 6.80295
803 3.40148
804 4.67973
805 5.66522
806 6.80295
807 3.40148
808 4.67973
809 6.01292
810 6.80295
811 3.40148
812 4.45527
813 5.84173
814 6.80295
815 3.40148
816 4.67973
817 5.84173
818 6.80295
819 3.40148
820 4.89341
821 6.01292
822 6.80295
823 3.40148
824 4.67973
825 6.01292
826 6.80295
827 3.40148
828 4.67973
829 5.84173
830 6.80295
831 3.40148
832 4.89341
833 6.01292
834 6.80295
835 3.40148
836 4.67973
837 6.01292
838 6.80295
839 3.40148
840 4.67973
841 5.84173
842 6.80295
843 3.40148
844 4.89341
845 6.01292
846 6.80295
847 3.40148
848 4.67973
849 6.01292
850 6.80295
851 3.40148
852 4.67973
853 5.84173
854 6.80295
855 3.40148
856 4.89341
857 6.01292
858 6.80295
859 3.40148
860 4.67973
861 6.01292
862 6.80295
863 3.40148
864 4.67973
865 5.84173
866 6.80295
867 3.40148
868 5.09777
869 6.01292
870 6.80295
871 3.69547
872 4.89341
873 6.17922
874 6.80295
875 3.40148
876 4.67973
877 6.01292
878 6.80295
879 3.40148
880 5.09777
881 6.01292
882 6.80295
883 3.69547
884 4.89341
885 6.17922
886 6.80295
887 3.40148
888 4.67973
889 6.01292
890 6.80295
891 3.40148
892 5.09777
893 6.01292
894 6.80295
895 3.69547
896 4.89341
897 6.17922
898 6.80295
899 3.40148
900 4.67973
901 6.01292
902 6.80295
903 3.40148
904 5.09777
905 6.01292
906 6.80295
907 3.69547
908 4.89341
909 6.17922
910 6.80295
911 3.40148
912 4.67973
913 6.01292
914 6.80295
915 3.40148
916 5.09777
917 6.01292
918 6.80295
919 3.69547
920 5.09777
921 6.17922
922 6.80295
923 3.69547
924 4.89341
925 6.17922
926 6.80295
927 3.40148
928 5.09777
929 6.01292
930 6.80295
931 3.69547
932 5.09777
933 6.17922
934 6.80295
935 3.69547
936 4.89341
937 6.17922
938 6.80295
939 3.40148
940 5.09777
941 6.01292
942 6.80295
943 3.69547
944 5.09777
945 6.17922
946 6.80295
947 3.69547
948 4.89341
949 6.17922
950 6.80295
951 3.40148
952 5.09777
953 6.01292
954 6.80295
955 3.69547
956 5.09777
957 6.17922
958 6.80295
959 3.69547
960 4.89341
961 6.17922
962 6.80295
963 3.40148
964 5.09777
965 6.01292
966 6.80295
967 3.69547
968 5.09777
969 6.17922
970 6.80295
971 3.96607
972 5.09777
973 6.34106
974 6.80295
975 3.69547
976 5.09777
977 6.01292
978 6.80295
979 3.69547
980 5.29394
981 6.17922
982 6.80295
983 3.96607
984 5.09777
985 6.34106
986 6.80295
987 3.69547
988 5.09777
989 6.01292
990 6.80295
991 3.69547
992 5.29394
993 6.17922
994 6.80295
995 3.96607
996 5.09777
997 6.34106
998 6.80295
999 3.69547
