1 2.949845454545454
2 2.5
3 3.998423
4 5.157676
5 6.362597
6 5.990995000000001
7 4.274632
8 5.050879000000001
9 6.071824
10 5.38938
11 3.6421069999999998
12 4.45024
13 5.302138
14 5.125680999999999
15 3.7289880000000006
16 4.431975
17 5.34343
18 4.963893
19 3.600035999999999
20 4.309983
21 5.189858999999999
22 4.794465
23 4.6152489999999995
24 4.091025999999999
25 4.969067999999999
26 4.611587999999999
27 4.085369
28 3.9900279999999997
29 4.868925999999999
30 4.3964360000000005
31 3.9152590000000003
32 3.8145479999999994
33 4.720173
34 4.335681999999999
35 3.8943000000000008
36 3.928939
37 4.809710999999999
38 4.359883
39 3.7873279999999996
40 3.9074139999999997
41 4.824191
42 4.379805999999999
43 3.917998999999999
44 3.8264349999999996
45 4.891694
46 4.5175909999999995
47 4.077646
48 4.115695
49 4.807402
50 4.357923
51 3.785682
52 3.9066279999999995
53 4.823569
54 4.479347
55 4.017620999999999
56 3.9262469999999996
57 4.891551000000001
58 4.427478
59 3.9875529999999997
60 4.025648
61 4.907369999999999
62 4.457895
63 3.8856589999999995
64 4.006618
65 5.073560999999999
66 4.629341999999999
67 4.017615
68 3.9262449999999998
69 4.8915489999999995
70 4.4274759999999995
71 3.9875529999999997
72 4.025648
73 4.907369999999999
74 4.457895
75 3.8856589999999995
76 4.006618
77 4.923560999999999
78 4.479341999999999
79 4.017615
80 3.9262449999999998
81 4.8915489999999995
82 4.4274759999999995
83 4.087553
84 4.175648
85 4.957369999999999
86 4.5078949999999995
87 3.9664349999999997
88 4.154071
89 5.084305
90 4.579675
91 4.067615
92 4.056618
93 5.020972999999999
94 4.529341999999999
95 4.134952999999999
96 4.11652
97 5.022331
98 4.5078949999999995
99 3.9664349999999997
100 4.154071
101 5.084305
102 4.579675
103 4.067615
104 3.906618
105 4.870972999999999
106 4.379342
107 3.984953
108 3.96652
109 4.872331
110 4.357895
111 3.816435
112 4.004071
113 4.934305
114 4.429675
115 3.9176149999999996
116 3.906618
117 4.870972999999999
118 4.379342
119 3.984953
120 3.96652
121 4.872331
122 4.357895
123 3.816435
124 4.004071
125 5.034305
126 4.619675
127 4.201060999999999
128 4.1900640000000005
129 4.870972999999999
130 4.379342
131 3.984953
132 3.96652
133 4.972331
134 4.5078949999999995
135 3.9664349999999997
136 4.154071
137 5.084305
138 4.613913
139 4.067615
140 4.1765170000000005
141 4.966672999999999
142 4.529675
143 4.084953
144 4.190226
145 5.225613999999999
146 4.749674
147 4.331713999999999
148 4.197895999999999
149 5.0968480000000005
150 4.563913
151 4.017615
152 4.226517
153 5.216673
154 4.679675
155 4.234953
156 4.140225999999999
157 5.085614
158 4.544373
159 4.126412999999999
160 4.247895999999999
161 4.996848
162 4.463913
163 3.9176149999999996
164 4.026516999999999
165 4.966672999999999
166 4.429675
167 3.984953
168 3.990226
169 4.935614
170 4.394373000000001
171 3.9764129999999995
172 4.0978959999999995
173 4.996848
174 4.463913
175 3.9176149999999996
176 4.026516999999999
177 5.066673000000001
178 4.579675
179 4.134952999999999
180 4.140225999999999
181 5.085614
182 4.544373
183 4.126412999999999
184 4.3478959999999995
185 5.296848
186 4.7639130000000005
187 4.2176149999999994
188 4.326517
189 5.266673
190 4.7639130000000005
191 4.284953000000001
192 4.367388999999999
193 5.2807070000000005
194 4.729675
195 4.343751
196 4.488487
197 5.356703000000001
198 4.7639130000000005
199 4.276412999999999
200 4.420341999999999
201 5.329216000000001
202 4.7639130000000005
203 4.284953000000001
204 4.367388999999999
205 5.2807070000000005
206 4.729675
207 4.343751
208 4.488487
209 5.356703000000001
210 4.613913
211 4.226413
212 4.370342
213 5.279216
214 4.713913
215 4.234953
216 4.3173889999999995
217 5.230707000000001
218 4.679675
219 4.293750999999999
220 4.438487
221 5.306703000000001
222 4.713913
223 4.226413
224 4.370342
225 5.279216
226 4.713913
227 4.234953
228 4.3173889999999995
229 5.230707000000001
230 4.679675
231 4.293750999999999
232 4.438487
233 5.306703000000001
234 4.713913
235 4.226413
236 4.370342
237 5.279216
238 4.713913
239 4.234953
240 4.3173889999999995
241 5.080707
242 3.983619
243 4.307855
244 4.410933
245 5.314205
246 4.663913
247 4.297871
248 4.4697309999999995
249 5.289071000000001
250 4.697173
251 4.243751
252 4.34171
253 5.213967
254 3.983619
255 4.307855
256 4.410933
257 5.314205
258 4.663913
259 4.297871
260 4.4697309999999995
261 5.289071000000001
262 4.697173
263 4.243751
264 4.34171
265 5.213967
266 3.983619
267 4.307855
268 4.410933
269 5.314205
270 4.663913
271 4.297871
272 4.4697309999999995
273 5.289071000000001
274 4.697173
275 4.243751
276 4.34171
277 5.213967
278 3.983619
279 4.307855
280 4.410933
281 5.314205
282 4.663913
283 4.297871
284 4.4697309999999995
285 5.289071000000001
286 4.697173
287 4.243751
288 4.34171
289 5.213967
290 3.983619
291 4.307855
292 4.410933
293 5.314205
294 4.071816
295 4.361975
296 4.557399
297 5.346573
298 4.697173
299 4.297871
300 4.472301
301 5.289071000000001
302 3.916879
303 4.3691629999999995
304 4.432301000000001
305 5.314205
306 4.071816
307 4.361975
308 4.557399
309 5.346573
310 4.697173
311 4.297871
312 4.472301
313 5.289071000000001
314 4.016878999999999
315 4.3691629999999995
316 4.432301000000001
317 5.314205
318 4.071816
319 4.361975
320 4.557399
321 5.346573
322 4.697173
323 4.297871
324 4.472301
325 5.289071000000001
326 4.016878999999999
327 4.3691629999999995
328 4.432301000000001
329 5.314205
330 4.071816
331 4.2619750000000005
332 4.557399
333 5.436573
334 4.787173
335 4.197871
336 4.372300999999999
337 5.189071
338 3.916879
339 4.269163
340 4.332301
341 5.314205
342 4.071816
343 4.361975
344 4.557399
345 5.346573
346 4.105076
347 4.412403
348 4.615545
349 5.361483000000001
350 4.049247
351 4.352682000000001
352 4.511535
353 5.346573
354 4.071816
355 4.4232830000000005
356 4.578767
357 5.401991000000001
358 4.105076
359 4.412403
360 4.615545
361 5.361483000000001
362 4.049247
363 4.452682
364 4.601534999999999
365 5.501874
366 4.227117000000001
367 4.323283
368 4.478767
369 5.301991
370 4.005076
371 4.412403
372 4.565545
373 5.311483000000001
374 3.999247
375 4.4026819999999995
376 4.461535
377 5.296573
378 4.021816
379 4.373283
380 4.378767
381 5.301991
382 4.005076
383 4.312403
384 4.515545
385 5.261483
386 3.9492469999999997
387 4.352682000000001
388 4.411535
389 5.246573
390 3.971816
391 4.323283
392 4.478767
393 5.301991
394 4.005076
395 4.312403
396 4.515545
397 5.261483
398 4.037444
399 4.403109999999999
400 4.485272000000001
401 5.278113
402 3.971816
403 4.4115329999999995
404 4.4992030000000005
405 5.301991
406 4.0862560000000006
407 4.373710999999999
408 4.601875
409 5.331493000000001
410 4.037444
411 4.403109999999999
412 4.585272000000001
413 5.5025960000000005
414 4.227117000000001
415 4.666834000000001
416 4.4992030000000005
417 5.301991
418 4.0862560000000006
419 4.373710999999999
420 4.701875
421 5.481493
422 4.187444
423 4.55311
424 4.6352720000000005
425 5.428113000000001
426 4.121816
427 4.561533
428 4.649203
429 5.2019910000000005
430 4.0862560000000006
431 4.373710999999999
432 4.601875
433 5.331493000000001
434 4.037444
435 4.403109999999999
436 4.485272000000001
437 5.278113
438 3.971816
439 4.4115329999999995
440 4.4992030000000005
441 5.301991
442 4.0862560000000006
443 4.373710999999999
444 4.601875
445 5.431493
446 4.187444
447 4.55311
448 4.6352720000000005
449 5.428113000000001
450 4.155076
451 3.958727
452 4.72294
453 5.483531
454 4.236256000000001
455 4.611961
456 4.788353
457 5.565963
458 3.9284770000000004
459 4.600522
460 4.723478
461 5.458889
462 4.155076
463 3.958727
464 4.72294
465 5.483531
466 4.236256000000001
467 4.611961
468 4.788353
469 5.565963
470 3.9284770000000004
471 4.600522
472 4.723478
473 5.458889
474 4.155076
475 3.958727
476 4.72294
477 5.483531
478 4.186256000000001
479 4.561961
480 4.738352999999999
481 5.515963
482 3.8784770000000006
483 4.550522
484 4.673478
485 5.408889
486 4.105076
487 3.9087269999999994
488 4.6729400000000005
489 5.433531
490 4.0862560000000006
491 4.561961
492 4.738352999999999
493 5.515963
494 3.8784770000000006
495 4.550522
496 4.673478
497 5.408889
498 4.105076
499 3.9087269999999994
500 4.6729400000000005
501 5.433531
502 4.186256000000001
503 3.9653940000000003
504 4.773654999999999
505 5.532147
506 3.954119
507 4.550522
508 4.7598460000000005
509 4.4185099999999995
510 3.8784770000000006
511 3.9561390000000003
512 4.742257
513 5.464307
514 4.186256000000001
515 3.9653940000000003
516 4.773654999999999
517 5.532147
518 3.954119
519 4.550522
520 4.7598460000000005
521 4.4185099999999995
522 3.8784770000000006
523 3.9561390000000003
524 4.742257
525 5.464307
526 4.186256000000001
527 3.9653940000000003
528 4.773654999999999
529 5.532147
530 3.954119
531 4.550522
532 4.7598460000000005
533 4.4185099999999995
534 3.8784770000000006
535 3.9561390000000003
536 4.742257
537 5.464307
538 4.0862560000000006
539 3.9653940000000003
540 4.773654999999999
541 5.532147
542 3.954119
543 4.550522
544 4.7598460000000005
545 4.4185099999999995
546 3.8784770000000006
547 3.9561390000000003
548 4.742257
549 5.464307
550 4.186256000000001
551 3.9653940000000003
552 4.863655
553 5.687448
554 4.10942
555 3.897287999999999
556 4.843699999999999
557 4.473928
558 3.9856589999999996
559 3.901031
560 4.826147
561 4.473928
562 3.8784770000000006
563 4.0380199999999995
564 4.877937999999999
565 5.547916999999999
566 3.954119
567 3.897287999999999
568 4.7437
569 4.373928
570 3.8856589999999995
571 3.901031
572 4.726147
573 4.373928
574 3.7784770000000005
575 3.93802
576 4.777938
577 5.4479169999999995
578 3.854119
579 3.797287999999999
580 4.7437
581 4.373928
582 3.8856589999999995
583 3.901031
584 4.726147
585 4.473928
586 3.8784770000000006
587 4.0380199999999995
588 4.877937999999999
589 5.547916999999999
590 3.954119
591 3.897287999999999
592 4.843699999999999
593 4.473928
594 3.9856589999999996
595 4.001031
596 4.826147
597 4.473928
598 3.8784770000000006
599 3.93802
600 4.927937999999999
601 5.703218
602 4.10942
603 3.797287999999999
604 4.7437
605 4.373928
606 3.9875529999999997
607 3.901031
608 4.910001
609 4.473928
610 3.9856589999999996
611 4.082912
612 4.944239
613 4.542864
614 3.954119
615 3.981353
616 4.725248
617 4.4274759999999995
618 3.9875529999999997
619 3.901031
620 4.810001
621 4.373928
622 3.8856589999999995
623 3.9829120000000002
624 4.844239
625 4.442863999999999
626 3.854119
627 3.881353
628 4.825248
629 4.4274759999999995
630 3.9875529999999997
631 3.901031
632 4.910001
633 4.523928
634 4.035658999999999
635 4.132912
636 4.994238999999999
637 4.592864
638 4.004118999999999
639 4.031352999999999
640 4.975248
641 4.577475999999999
642 4.137553
643 4.051031
644 4.960000999999999
645 4.523928
646 4.035658999999999
647 4.132912
648 4.994238999999999
649 4.592864
650 4.004118999999999
651 4.031352999999999
652 4.975248
653 4.577475999999999
654 4.137553
655 4.051031
656 4.960000999999999
657 4.523928
658 4.137553
659 4.175648
660 5.05737
661 4.607895
662 4.035658999999999
663 4.156618
664 5.073560999999999
665 4.579342
666 4.117615
667 4.026244999999999
668 4.991549
669 4.527475999999999
670 4.087553
671 4.125648
672 5.00737
673 4.557895
674 3.9856589999999996
675 4.106618
676 5.023561
677 4.479341999999999
678 4.117615
679 4.026244999999999
680 4.991549
681 4.527475999999999
682 4.087553
683 4.125648
684 5.00737
685 4.557895
686 3.9856589999999996
687 4.106618
688 5.023561
689 4.579342
690 4.117615
691 4.026244999999999
692 4.991549
693 4.527475999999999
694 4.087553
695 4.125648
696 5.00737
697 4.557895
698 3.9856589999999996
699 4.106618
700 5.023561
701 4.579342
702 4.117615
703 4.026244999999999
704 4.991549
705 4.527475999999999
706 4.087553
707 4.125648
708 5.00737
709 4.557895
710 4.0164349999999995
711 4.204071
712 5.1343049999999995
713 4.629675
714 4.117615
715 4.106618
716 5.070972999999999
717 4.579342
718 4.184953
719 4.166519999999999
720 5.072330999999999
721 4.557895
722 4.0164349999999995
723 4.204071
724 5.1343049999999995
725 4.529675
726 4.117615
727 4.106618
728 5.070972999999999
729 4.579342
730 4.184953
731 4.166519999999999
732 5.072330999999999
733 4.557895
734 4.0164349999999995
735 4.204071
736 5.1343049999999995
737 4.629675
738 4.117615
739 4.196618
740 5.226273999999999
741 4.734642999999999
742 4.084953
743 4.166519999999999
744 5.072330999999999
745 4.557895
746 4.0164349999999995
747 4.204071
748 5.1343049999999995
749 4.629675
750 4.117615
751 4.106618
752 5.070972999999999
753 4.579342
754 4.184953
755 4.066520000000001
756 4.972331
757 4.457895
758 3.916435
759 4.104070999999999
760 5.034305
761 4.529675
762 4.017615
763 4.126517
764 5.066673000000001
765 4.529675
766 4.084953
767 4.090226
768 5.035614
769 4.4943729999999995
770 4.076413
771 4.197895999999999
772 5.196848
773 4.663913
774 4.117615
775 4.226517
776 5.166673
777 4.629675
778 4.184953
779 4.190226
780 5.1356139999999995
781 4.594373
782 4.176413
783 4.297896
784 5.196848
785 4.663913
786 4.017615
787 4.316516999999999
788 5.321974
789 4.784976
790 4.084953
791 4.090226
792 5.035614
793 4.4943729999999995
794 4.076413
795 4.297896
796 5.246848
797 4.713913
798 4.167615
799 4.276516999999999
800 5.216673
801 4.679675
802 4.234953
803 4.140225999999999
804 5.035614
805 4.4943729999999995
806 4.076413
807 4.197895999999999
808 5.0968480000000005
809 4.563913
810 4.017615
811 4.126517
812 5.066673
813 4.529675
814 4.084953
815 4.167388999999999
816 5.080707
817 4.529675
818 4.143751
819 4.288487
820 5.256703000000001
821 4.713913
822 4.226413
823 4.370342
824 5.279216
825 4.713913
826 4.234953
827 4.3173889999999995
828 5.230707000000001
829 4.679675
830 4.293750999999999
831 4.438487
832 5.306703000000001
833 4.713913
834 4.226413
835 4.370342
836 5.279216
837 4.713913
838 4.234953
839 4.3173889999999995
840 5.230707000000001
841 4.679675
842 4.293750999999999
843 4.438487
844 5.306703000000001
845 4.713913
846 4.226413
847 4.370342
848 5.279216
849 4.713913
850 4.234953
851 4.3173889999999995
852 5.080707
853 4.629675
854 4.243751
855 4.388487
856 5.256703000000001
857 4.663913
858 4.176413
859 4.320342
860 5.229216
861 4.663913
862 4.184953
863 4.267389
864 5.080707
865 4.629675
866 4.307855
867 4.410933
868 5.314205
869 4.663913
870 4.297871
871 4.4697309999999995
872 5.289071000000001
873 4.697173
874 4.243751
875 4.34171
876 5.213967
877 3.983619
878 4.307855
879 4.410933
880 5.314205
881 4.663913
882 4.297871
883 4.4697309999999995
884 5.289071000000001
885 4.697173
886 4.243751
887 4.34171
888 5.213967
889 3.983619
890 4.307855
891 4.410933
892 5.314205
893 4.663913
894 4.297871
895 4.4697309999999995
896 5.289071000000001
897 4.697173
898 4.243751
899 4.34171
900 5.213967
901 3.983619
902 4.307855
903 4.410933
904 5.314205
905 4.663913
906 4.297871
907 4.4697309999999995
908 5.289071000000001
909 4.697173
910 4.243751
911 4.34171
912 5.213967
913 3.883619
914 4.307855
915 4.410933
916 5.314205
917 4.663913
918 4.361975
919 4.557399
920 5.346573
921 4.697173
922 4.297871
923 4.472301
924 5.289071000000001
925 4.016878999999999
926 4.459163
927 4.587602
928 5.469506000000001
929 3.971816
930 4.361975
931 4.557399
932 5.346573
933 4.697173
934 4.297871
935 4.472301
936 5.289071000000001
937 4.016878999999999
938 4.3691629999999995
939 4.432301000000001
940 5.314205
941 4.071816
942 4.2619750000000005
943 4.4573990000000006
944 5.246573
945 4.597173
946 4.197871
947 4.372300999999999
948 5.189071
949 3.916879
950 4.269163
951 4.332301
952 5.214205000000001
953 3.971816
954 4.2619750000000005
955 4.4573990000000006
956 5.246573
957 4.597173
958 4.197871
959 4.472301
960 5.289071000000001
961 4.016878999999999
962 4.3691629999999995
963 4.432301000000001
964 5.314205
965 4.071816
966 4.361975
967 4.557399
968 5.346573
969 4.697173
970 4.412403
971 4.615545
972 5.361483000000001
973 4.049247
974 4.452682
975 4.601534999999999
976 5.436573
977 4.161816000000001
978 4.323283
979 4.478767
980 5.301991
981 4.005076
982 4.312403
983 4.515545
984 5.361483000000001
985 4.049247
986 4.452682
987 4.511535
988 5.346573
989 4.071816
990 4.4232830000000005
991 4.578767
992 5.401991000000001
993 4.105076
994 4.412403
995 4.615545
996 5.361483000000001
997 4.049247
998 4.452682
999 4.511535
