0 0.0
1 0.033599999999999998
2 0.041599999999999998
3 0.033279999999999997
4 0.13311999999999999
5 0.066559999999999994
6 0.066559999999999994
7 0.083199999999999996
8 0.091520000000000004
9 0.099839999999999998
10 0.099839999999999998
11 0.016639999999999999
12 0.18304000000000001
13 0.099839999999999998
14 0.091520000000000004
15 0.091520000000000004
16 0.099839999999999998
17 0.05824
18 0.14144000000000001
19 0.099839999999999998
20 0.099839999999999998
21 0.099839999999999998
22 0.099839999999999998
23 0.083199999999999996
24 0.11648
25 0.099839999999999998
26 0.099839999999999998
27 0.099839999999999998
28 0.099839999999999998
29 0.099839999999999998
30 0.0083199999999999993
31 0.19968
32 0.099839999999999998
33 0.099839999999999998
34 0.099839999999999998
35 0.099839999999999998
36 0.02496
37 0.17471999999999999
38 0.099839999999999998
39 0.099839999999999998
40 0.099839999999999998
41 0.099839999999999998
42 0.049919999999999999
43 0.14976
44 0.099839999999999998
45 0.099839999999999998
46 0.099839999999999998
47 0.099839999999999998
48 0.074880000000000002
49 0.12479999999999999
50 0.099839999999999998
51 0.099839999999999998
52 0.099839999999999998
53 0.099839999999999998
54 0.099839999999999998
55 0.0
56 0.19968
57 0.099839999999999998
58 0.099839999999999998
59 0.099839999999999998
60 0.099839999999999998
61 0.02496
62 0.17471999999999999
63 0.099839999999999998
64 0.091520000000000004
65 0.091520000000000004
66 0.099839999999999998
67 0.066559999999999994
68 0.13311999999999999
69 0.099839999999999998
70 0.099839999999999998
71 0.099839999999999998
72 0.099839999999999998
73 0.091520000000000004
74 0.0
75 0.20799999999999999
76 0.099839999999999998
77 0.099839999999999998
78 0.099839999999999998
79 0.099839999999999998
80 0.016639999999999999
81 0.18304000000000001
82 0.099839999999999998
83 0.099839999999999998
84 0.091520000000000004
85 0.099839999999999998
86 0.049919999999999999
87 0.14976
88 0.099839999999999998
89 0.099839999999999998
90 0.099839999999999998
91 0.099839999999999998
92 0.074880000000000002
93 0.12479999999999999
94 0.099839999999999998
95 0.099839999999999998
96 0.099839999999999998
97 0.099839999999999998
98 0.099839999999999998
99 0.0
100 0.19968
101 0.099839999999999998
102 0.099839999999999998
103 0.099839999999999998
104 0.099839999999999998
105 0.02496
106 0.17471999999999999
107 0.099839999999999998
108 0.099839999999999998
109 0.099839999999999998
110 0.099839999999999998
111 0.049919999999999999
112 0.14976
113 0.099839999999999998
114 0.099839999999999998
115 0.099839999999999998
116 0.099839999999999998
117 0.074880000000000002
118 0.12479999999999999
119 0.099839999999999998
120 0.099839999999999998
121 0.099839999999999998
122 0.099839999999999998
123 0.099839999999999998
124 0.0
125 0.19968
126 0.099839999999999998
127 0.099839999999999998
128 0.099839999999999998
129 0.099839999999999998
130 0.02496
131 0.17471999999999999
132 0.099839999999999998
133 0.099839999999999998
134 0.099839999999999998
135 0.10816000000000001
136 0.041599999999999998
137 0.15808
138 0.099839999999999998
139 0.099839999999999998
140 0.099839999999999998
141 0.099839999999999998
142 0.066559999999999994
143 0.13311999999999999
144 0.091520000000000004
145 0.083199999999999996
146 0.074880000000000002
147 0.099839999999999998
148 0.099839999999999998
149 0.041599999999999998
150 0.15808
151 0.099839999999999998
152 0.091520000000000004
153 0.091520000000000004
154 0.099839999999999998
155 0.083199999999999996
156 0.11648
157 0.099839999999999998
158 0.099839999999999998
159 0.099839999999999998
160 0.099839999999999998
161 0.099839999999999998
162 0.0083199999999999993
163 0.19136
164 0.099839999999999998
165 0.099839999999999998
166 0.099839999999999998
167 0.099839999999999998
168 0.033279999999999997
169 0.16639999999999999
170 0.099839999999999998
171 0.099839999999999998
172 0.099839999999999998
173 0.099839999999999998
174 0.05824
175 0.14144000000000001
176 0.099839999999999998
177 0.091520000000000004
178 0.091520000000000004
179 0.099839999999999998
180 0.099839999999999998
181 0.0
182 0.19968
183 0.099839999999999998
184 0.099839999999999998
185 0.099839999999999998
186 0.099839999999999998
187 0.02496
188 0.18304000000000001
189 0.099839999999999998
190 0.099839999999999998
191 0.099839999999999998
192 0.099839999999999998
193 0.041599999999999998
194 0.15808
195 0.099839999999999998
196 0.099839999999999998
197 0.099839999999999998
198 0.099839999999999998
199 0.066559999999999994
200 0.13311999999999999
201 0.099839999999999998
202 0.099839999999999998
203 0.099839999999999998
204 0.099839999999999998
205 0.091520000000000004
206 0.0
207 0.20799999999999999
208 0.099839999999999998
209 0.099839999999999998
210 0.099839999999999998
211 0.016639999999999999
212 0.17471999999999999
213 0.099839999999999998
214 0.099839999999999998
215 0.099839999999999998
216 0.099839999999999998
217 0.066559999999999994
218 0.13311999999999999
219 0.099839999999999998
220 0.099839999999999998
221 0.099839999999999998
222 0.099839999999999998
223 0.091520000000000004
224 0.0
225 0.20799999999999999
226 0.099839999999999998
227 0.099839999999999998
228 0.099839999999999998
229 0.099839999999999998
230 0.016639999999999999
231 0.18304000000000001
232 0.099839999999999998
233 0.099839999999999998
234 0.099839999999999998
235 0.099839999999999998
236 0.041599999999999998
237 0.15808
238 0.099839999999999998
239 0.10816000000000001
240 0.099839999999999998
241 0.099839999999999998
242 0.05824
243 0.14144000000000001
244 0.099839999999999998
245 0.099839999999999998
246 0.099839999999999998
247 0.099839999999999998
248 0.083199999999999996
249 0.11648
250 0.099839999999999998
251 0.099839999999999998
252 0.099839999999999998
253 0.099839999999999998
254 0.099839999999999998
255 0.0083199999999999993
256 0.19136
257 0.099839999999999998
258 0.099839999999999998
259 0.099839999999999998
260 0.099839999999999998
261 0.033279999999999997
262 0.16639999999999999
263 0.099839999999999998
264 0.099839999999999998
265 0.099839999999999998
266 0.099839999999999998
267 0.05824
268 0.14144000000000001
269 0.099839999999999998
270 0.099839999999999998
271 0.091520000000000004
272 0.099839999999999998
273 0.091520000000000004
274 0.0
275 0.20799999999999999
276 0.099839999999999998
277 0.099839999999999998
278 0.099839999999999998
279 0.099839999999999998
280 0.016639999999999999
281 0.18304000000000001
282 0.099839999999999998
283 0.099839999999999998
284 0.099839999999999998
285 0.099839999999999998
286 0.041599999999999998
287 0.15808
288 0.099839999999999998
289 0.099839999999999998
290 0.099839999999999998
291 0.10816000000000001
292 0.05824
293 0.14144000000000001
294 0.099839999999999998
295 0.099839999999999998
296 0.099839999999999998
297 0.099839999999999998
298 0.083199999999999996
299 0.11648
300 0.099839999999999998
301 0.099839999999999998
302 0.099839999999999998
303 0.099839999999999998
304 0.099839999999999998
305 0.0083199999999999993
306 0.19136
307 0.099839999999999998
308 0.099839999999999998
309 0.099839999999999998
310 0.099839999999999998
311 0.033279999999999997
312 0.16639999999999999
313 0.099839999999999998
314 0.099839999999999998
315 0.099839999999999998
316 0.099839999999999998
317 0.05824
318 0.14144000000000001
319 0.099839999999999998
320 0.099839999999999998
321 0.099839999999999998
322 0.099839999999999998
323 0.083199999999999996
324 0.11648
325 0.099839999999999998
326 0.099839999999999998
327 0.099839999999999998
328 0.099839999999999998
329 0.099839999999999998
330 0.0083199999999999993
331 0.19136
332 0.091520000000000004
333 0.083199999999999996
334 0.091520000000000004
335 0.099839999999999998
336 0.066559999999999994
337 0.13311999999999999
338 0.099839999999999998
339 0.099839999999999998
340 0.099839999999999998
341 0.091520000000000004
342 0.0
343 0.20799999999999999
344 0.099839999999999998
345 0.099839999999999998
346 0.099839999999999998
347 0.099839999999999998
348 0.033279999999999997
349 0.16639999999999999
350 0.099839999999999998
351 0.099839999999999998
352 0.091520000000000004
353 0.099839999999999998
354 0.066559999999999994
355 0.13311999999999999
356 0.099839999999999998
357 0.099839999999999998
358 0.099839999999999998
359 0.099839999999999998
360 0.091520000000000004
361 0.0
362 0.20799999999999999
363 0.099839999999999998
364 0.099839999999999998
365 0.099839999999999998
366 0.099839999999999998
367 0.016639999999999999
368 0.18304000000000001
369 0.099839999999999998
370 0.099839999999999998
371 0.099839999999999998
372 0.099839999999999998
373 0.041599999999999998
374 0.15808
375 0.099839999999999998
376 0.099839999999999998
377 0.099839999999999998
378 0.099839999999999998
379 0.066559999999999994
380 0.13311999999999999
381 0.099839999999999998
382 0.099839999999999998
383 0.099839999999999998
384 0.099839999999999998
385 0.091520000000000004
386 0.0
387 0.20799999999999999
388 0.099839999999999998
389 0.099839999999999998
390 0.099839999999999998
391 0.099839999999999998
392 0.016639999999999999
393 0.18304000000000001
394 0.099839999999999998
395 0.10816000000000001
396 0.099839999999999998
397 0.099839999999999998
398 0.033279999999999997
399 0.16639999999999999
400 0.099839999999999998
401 0.099839999999999998
402 0.099839999999999998
403 0.099839999999999998
404 0.05824
405 0.14144000000000001
406 0.099839999999999998
407 0.099839999999999998
408 0.099839999999999998
409 0.099839999999999998
410 0.083199999999999996
411 0.11648
412 0.091520000000000004
413 0.074880000000000002
414 0.083199999999999996
415 0.099839999999999998
416 0.099839999999999998
417 0.05824
418 0.14144000000000001
419 0.099839999999999998
420 0.091520000000000004
421 0.091520000000000004
422 0.099839999999999998
423 0.099839999999999998
424 0.0
425 0.19968
426 0.099839999999999998
427 0.099839999999999998
428 0.099839999999999998
429 0.099839999999999998
430 0.02496
431 0.17471999999999999
432 0.099839999999999998
433 0.099839999999999998
434 0.099839999999999998
435 0.099839999999999998
436 0.049919999999999999
437 0.14976
438 0.099839999999999998
439 0.099839999999999998
440 0.099839999999999998
441 0.099839999999999998
442 0.074880000000000002
443 0.12479999999999999
444 0.099839999999999998
445 0.091520000000000004
446 0.091520000000000004
447 0.10816000000000001
448 0.099839999999999998
449 0.0083199999999999993
450 0.19136
451 0.099839999999999998
452 0.099839999999999998
453 0.099839999999999998
454 0.099839999999999998
455 0.033279999999999997
456 0.16639999999999999
457 0.099839999999999998
458 0.099839999999999998
459 0.099839999999999998
460 0.099839999999999998
461 0.05824
462 0.14144000000000001
463 0.099839999999999998
464 0.099839999999999998
465 0.099839999999999998
466 0.099839999999999998
467 0.083199999999999996
468 0.11648
469 0.099839999999999998
470 0.099839999999999998
471 0.099839999999999998
472 0.099839999999999998
473 0.099839999999999998
474 0.0083199999999999993
475 0.19136
476 0.099839999999999998
477 0.099839999999999998
478 0.091520000000000004
479 0.041599999999999998
480 0.15808
481 0.099839999999999998
482 0.099839999999999998
483 0.099839999999999998
484 0.099839999999999998
485 0.083199999999999996
486 0.11648
487 0.099839999999999998
488 0.099839999999999998
489 0.099839999999999998
490 0.099839999999999998
491 0.099839999999999998
492 0.0083199999999999993
493 0.19136
494 0.099839999999999998
495 0.099839999999999998
496 0.099839999999999998
497 0.099839999999999998
498 0.033279999999999997
499 0.17471999999999999
500 0.099839999999999998
501 0.099839999999999998
502 0.099839999999999998
503 0.099839999999999998
504 0.049919999999999999
505 0.14976
506 0.099839999999999998
507 0.099839999999999998
508 0.099839999999999998
509 0.099839999999999998
510 0.074880000000000002
511 0.12479999999999999
512 0.099839999999999998
513 0.099839999999999998
514 0.099839999999999998
515 0.099839999999999998
516 0.099839999999999998
517 0.0
518 0.19968
519 0.099839999999999998
520 0.099839999999999998
521 0.099839999999999998
522 0.099839999999999998
523 0.02496
524 0.17471999999999999
525 0.099839999999999998
526 0.099839999999999998
527 0.099839999999999998
528 0.099839999999999998
529 0.049919999999999999
530 0.14976
531 0.099839999999999998
532 0.099839999999999998
533 0.099839999999999998
534 0.099839999999999998
535 0.074880000000000002
536 0.12479999999999999
537 0.099839999999999998
538 0.099839999999999998
539 0.091520000000000004
540 0.099839999999999998
541 0.099839999999999998
542 0.0083199999999999993
543 0.19136
544 0.099839999999999998
545 0.099839999999999998
546 0.099839999999999998
547 0.099839999999999998
548 0.033279999999999997
549 0.16639999999999999
550 0.099839999999999998
551 0.10816000000000001
552 0.099839999999999998
553 0.099839999999999998
554 0.049919999999999999
555 0.14976
556 0.099839999999999998
557 0.099839999999999998
558 0.099839999999999998
559 0.099839999999999998
560 0.074880000000000002
561 0.12479999999999999
562 0.099839999999999998
563 0.099839999999999998
564 0.099839999999999998
565 0.099839999999999998
566 0.099839999999999998
567 0.0
568 0.19968
569 0.099839999999999998
570 0.099839999999999998
571 0.099839999999999998
572 0.099839999999999998
573 0.02496
574 0.17471999999999999
575 0.099839999999999998
576 0.099839999999999998
577 0.099839999999999998
578 0.099839999999999998
579 0.049919999999999999
580 0.14976
581 0.099839999999999998
582 0.099839999999999998
583 0.099839999999999998
584 0.099839999999999998
585 0.074880000000000002
586 0.12479999999999999
587 0.099839999999999998
588 0.099839999999999998
589 0.099839999999999998
590 0.099839999999999998
591 0.099839999999999998
592 0.0
593 0.19968
594 0.099839999999999998
595 0.099839999999999998
596 0.099839999999999998
597 0.099839999999999998
598 0.02496
599 0.17471999999999999
600 0.083199999999999996
601 0.074880000000000002
602 0.091520000000000004
603 0.10816000000000001
604 0.091520000000000004
605 0.0
606 0.20799999999999999
607 0.099839999999999998
608 0.091520000000000004
609 0.099839999999999998
610 0.099839999999999998
611 0.02496
612 0.17471999999999999
613 0.099839999999999998
614 0.099839999999999998
615 0.099839999999999998
616 0.099839999999999998
617 0.049919999999999999
618 0.14976
619 0.099839999999999998
620 0.099839999999999998
621 0.099839999999999998
622 0.099839999999999998
623 0.074880000000000002
624 0.12479999999999999
625 0.099839999999999998
626 0.099839999999999998
627 0.099839999999999998
628 0.099839999999999998
629 0.099839999999999998
630 0.0
631 0.19968
632 0.091520000000000004
633 0.091520000000000004
634 0.099839999999999998
635 0.099839999999999998
636 0.041599999999999998
637 0.15808
638 0.099839999999999998
639 0.099839999999999998
640 0.099839999999999998
641 0.099839999999999998
642 0.066559999999999994
643 0.13311999999999999
644 0.099839999999999998
645 0.099839999999999998
646 0.099839999999999998
647 0.099839999999999998
648 0.091520000000000004
649 0.0
650 0.20799999999999999
651 0.099839999999999998
652 0.099839999999999998
653 0.099839999999999998
654 0.099839999999999998
655 0.016639999999999999
656 0.19136
657 0.099839999999999998
658 0.099839999999999998
659 0.099839999999999998
660 0.099839999999999998
661 0.033279999999999997
662 0.16639999999999999
663 0.099839999999999998
664 0.099839999999999998
665 0.091520000000000004
666 0.066559999999999994
667 0.13311999999999999
668 0.099839999999999998
669 0.099839999999999998
670 0.099839999999999998
671 0.099839999999999998
672 0.099839999999999998
673 0.0083199999999999993
674 0.19136
675 0.099839999999999998
676 0.099839999999999998
677 0.099839999999999998
678 0.099839999999999998
679 0.033279999999999997
680 0.16639999999999999
681 0.099839999999999998
682 0.099839999999999998
683 0.099839999999999998
684 0.099839999999999998
685 0.05824
686 0.14144000000000001
687 0.099839999999999998
688 0.099839999999999998
689 0.099839999999999998
690 0.099839999999999998
691 0.083199999999999996
692 0.11648
693 0.099839999999999998
694 0.099839999999999998
695 0.099839999999999998
696 0.099839999999999998
697 0.099839999999999998
698 0.0083199999999999993
699 0.19136
700 0.099839999999999998
701 0.099839999999999998
702 0.099839999999999998
703 0.099839999999999998
704 0.033279999999999997
705 0.16639999999999999
706 0.099839999999999998
707 0.10816000000000001
708 0.099839999999999998
709 0.099839999999999998
710 0.049919999999999999
711 0.14976
712 0.099839999999999998
713 0.099839999999999998
714 0.099839999999999998
715 0.099839999999999998
716 0.074880000000000002
717 0.12479999999999999
718 0.099839999999999998
719 0.099839999999999998
720 0.099839999999999998
721 0.099839999999999998
722 0.099839999999999998
723 0.0
724 0.19968
725 0.099839999999999998
726 0.091520000000000004
727 0.099839999999999998
728 0.099839999999999998
729 0.033279999999999997
730 0.16639999999999999
731 0.099839999999999998
732 0.099839999999999998
733 0.099839999999999998
734 0.099839999999999998
735 0.05824
736 0.14144000000000001
737 0.099839999999999998
738 0.099839999999999998
739 0.099839999999999998
740 0.099839999999999998
741 0.083199999999999996
742 0.11648
743 0.099839999999999998
744 0.099839999999999998
745 0.099839999999999998
746 0.099839999999999998
747 0.099839999999999998
748 0.0083199999999999993
749 0.19136
750 0.099839999999999998
751 0.099839999999999998
752 0.099839999999999998
753 0.099839999999999998
754 0.033279999999999997
755 0.16639999999999999
756 0.099839999999999998
757 0.099839999999999998
758 0.099839999999999998
759 0.10816000000000001
760 0.049919999999999999
761 0.14976
762 0.099839999999999998
763 0.099839999999999998
764 0.099839999999999998
765 0.099839999999999998
766 0.074880000000000002
767 0.12479999999999999
768 0.099839999999999998
769 0.099839999999999998
770 0.099839999999999998
771 0.099839999999999998
772 0.099839999999999998
773 0.0
774 0.19968
775 0.099839999999999998
776 0.099839999999999998
777 0.099839999999999998
778 0.099839999999999998
779 0.02496
780 0.17471999999999999
781 0.099839999999999998
782 0.099839999999999998
783 0.099839999999999998
784 0.099839999999999998
785 0.049919999999999999
786 0.14976
787 0.074880000000000002
788 0.083199999999999996
789 0.091520000000000004
790 0.099839999999999998
791 0.099839999999999998
792 0.02496
793 0.17471999999999999
794 0.099839999999999998
795 0.091520000000000004
796 0.091520000000000004
797 0.099839999999999998
798 0.066559999999999994
799 0.13311999999999999
800 0.099839999999999998
801 0.099839999999999998
802 0.099839999999999998
803 0.099839999999999998
804 0.091520000000000004
805 0.0
806 0.20799999999999999
807 0.099839999999999998
808 0.099839999999999998
809 0.099839999999999998
810 0.099839999999999998
811 0.016639999999999999
812 0.19136
813 0.099839999999999998
814 0.099839999999999998
815 0.099839999999999998
816 0.099839999999999998
817 0.033279999999999997
818 0.16639999999999999
819 0.099839999999999998
820 0.091520000000000004
821 0.091520000000000004
822 0.099839999999999998
823 0.074880000000000002
824 0.12479999999999999
825 0.099839999999999998
826 0.099839999999999998
827 0.099839999999999998
828 0.099839999999999998
829 0.099839999999999998
830 0.0
831 0.19968
832 0.099839999999999998
833 0.099839999999999998
834 0.099839999999999998
835 0.099839999999999998
836 0.02496
837 0.17471999999999999
838 0.099839999999999998
839 0.099839999999999998
840 0.099839999999999998
841 0.099839999999999998
842 0.049919999999999999
843 0.14976
844 0.099839999999999998
845 0.099839999999999998
846 0.099839999999999998
847 0.099839999999999998
848 0.074880000000000002
849 0.12479999999999999
850 0.099839999999999998
851 0.099839999999999998
852 0.099839999999999998
853 0.091520000000000004
854 0.0083199999999999993
855 0.19136
856 0.099839999999999998
857 0.099839999999999998
858 0.099839999999999998
859 0.099839999999999998
860 0.049919999999999999
861 0.14976
862 0.099839999999999998
863 0.10816000000000001
864 0.099839999999999998
865 0.099839999999999998
866 0.066559999999999994
867 0.13311999999999999
868 0.099839999999999998
869 0.099839999999999998
870 0.099839999999999998
871 0.099839999999999998
872 0.091520000000000004
873 0.0
874 0.20799999999999999
875 0.099839999999999998
876 0.099839999999999998
877 0.099839999999999998
878 0.099839999999999998
879 0.016639999999999999
880 0.18304000000000001
881 0.099839999999999998
882 0.099839999999999998
883 0.099839999999999998
884 0.099839999999999998
885 0.041599999999999998
886 0.15808
887 0.099839999999999998
888 0.099839999999999998
889 0.099839999999999998
890 0.099839999999999998
891 0.066559999999999994
892 0.13311999999999999
893 0.099839999999999998
894 0.099839999999999998
895 0.099839999999999998
896 0.099839999999999998
897 0.091520000000000004
898 0.0
899 0.20799999999999999
900 0.099839999999999998
901 0.099839999999999998
902 0.099839999999999998
903 0.099839999999999998
904 0.016639999999999999
905 0.18304000000000001
906 0.099839999999999998
907 0.099839999999999998
908 0.099839999999999998
909 0.099839999999999998
910 0.041599999999999998
911 0.15808
912 0.099839999999999998
913 0.099839999999999998
914 0.091520000000000004
915 0.10816000000000001
916 0.066559999999999994
917 0.13311999999999999
918 0.099839999999999998
919 0.099839999999999998
920 0.099839999999999998
921 0.099839999999999998
922 0.091520000000000004
923 0.0
924 0.20799999999999999
925 0.099839999999999998
926 0.099839999999999998
927 0.099839999999999998
928 0.099839999999999998
929 0.016639999999999999
930 0.18304000000000001
931 0.099839999999999998
932 0.099839999999999998
933 0.099839999999999998
934 0.099839999999999998
935 0.041599999999999998
936 0.15808
937 0.099839999999999998
938 0.099839999999999998
939 0.099839999999999998
940 0.099839999999999998
941 0.066559999999999994
942 0.13311999999999999
943 0.099839999999999998
944 0.099839999999999998
945 0.099839999999999998
946 0.099839999999999998
947 0.091520000000000004
948 0.0
949 0.20799999999999999
950 0.099839999999999998
951 0.099839999999999998
952 0.099839999999999998
953 0.099839999999999998
954 0.016639999999999999
955 0.18304000000000001
956 0.099839999999999998
957 0.099839999999999998
958 0.099839999999999998
959 0.099839999999999998
960 0.041599999999999998
961 0.15808
962 0.099839999999999998
963 0.099839999999999998
964 0.099839999999999998
965 0.099839999999999998
966 0.066559999999999994
967 0.14144000000000001
968 0.099839999999999998
969 0.099839999999999998
970 0.099839999999999998
971 0.099839999999999998
972 0.083199999999999996
973 0.11648
974 0.091520000000000004
975 0.083199999999999996
976 0.091520000000000004
977 0.099839999999999998
978 0.099839999999999998
979 0.041599999999999998
980 0.15808
981 0.099839999999999998
982 0.099839999999999998
983 0.099839999999999998
984 0.066559999999999994
985 0.12479999999999999
986 0.099839999999999998
987 0.099839999999999998
988 0.099839999999999998
989 0.099839999999999998
990 0.099839999999999998
991 0.016639999999999999
992 0.18304000000000001
993 0.099839999999999998
994 0.091520000000000004
995 0.099839999999999998
996 0.099839999999999998
997 0.049919999999999999
998 0.14976
999 0.099839999999999998
