0 0.0
1 0.033599999999999998
2 0.041599999999999998
3 0.0
4 0.033279999999999997
5 0.15808
6 0.066559999999999994
7 0.074880000000000002
8 0.083199999999999996
9 0.091520000000000004
10 0.099839999999999998
11 0.099839999999999998
12 0.0
13 0.19968
14 0.091520000000000004
15 0.083199999999999996
16 0.091520000000000004
17 0.099839999999999998
18 0.0
19 0.19136
20 0.099839999999999998
21 0.099839999999999998
22 0.091520000000000004
23 0.099839999999999998
24 0.091520000000000004
25 0.0
26 0.20799999999999999
27 0.099839999999999998
28 0.099839999999999998
29 0.099839999999999998
30 0.099839999999999998
31 0.016639999999999999
32 0.18304000000000001
33 0.099839999999999998
34 0.099839999999999998
35 0.099839999999999998
36 0.10816000000000001
37 0.033279999999999997
38 0.16639999999999999
39 0.099839999999999998
40 0.099839999999999998
41 0.099839999999999998
42 0.099839999999999998
43 0.05824
44 0.14144000000000001
45 0.091520000000000004
46 0.083199999999999996
47 0.091520000000000004
48 0.099839999999999998
49 0.099839999999999998
50 0.016639999999999999
51 0.18304000000000001
52 0.099839999999999998
53 0.099839999999999998
54 0.091520000000000004
55 0.049919999999999999
56 0.14976
57 0.099839999999999998
58 0.099839999999999998
59 0.099839999999999998
60 0.099839999999999998
61 0.091520000000000004
62 0.0
63 0.20799999999999999
64 0.099839999999999998
65 0.091520000000000004
66 0.099839999999999998
67 0.099839999999999998
68 0.02496
69 0.17471999999999999
70 0.099839999999999998
71 0.099839999999999998
72 0.099839999999999998
73 0.099839999999999998
74 0.049919999999999999
75 0.14976
76 0.099839999999999998
77 0.099839999999999998
78 0.099839999999999998
79 0.099839999999999998
80 0.074880000000000002
81 0.12479999999999999
82 0.099839999999999998
83 0.099839999999999998
84 0.099839999999999998
85 0.099839999999999998
86 0.099839999999999998
87 0.0
88 0.20799999999999999
89 0.099839999999999998
90 0.099839999999999998
91 0.099839999999999998
92 0.099839999999999998
93 0.016639999999999999
94 0.18304000000000001
95 0.099839999999999998
96 0.099839999999999998
97 0.099839999999999998
98 0.099839999999999998
99 0.041599999999999998
100 0.15808
101 0.099839999999999998
102 0.099839999999999998
103 0.099839999999999998
104 0.099839999999999998
105 0.066559999999999994
106 0.13311999999999999
107 0.099839999999999998
108 0.099839999999999998
109 0.099839999999999998
110 0.099839999999999998
111 0.091520000000000004
112 0.0
113 0.20799999999999999
114 0.099839999999999998
115 0.099839999999999998
116 0.099839999999999998
117 0.099839999999999998
118 0.016639999999999999
119 0.18304000000000001
120 0.099839999999999998
121 0.099839999999999998
122 0.099839999999999998
123 0.099839999999999998
124 0.041599999999999998
125 0.14976
126 0.083199999999999996
127 0.066559999999999994
128 0.091520000000000004
129 0.099839999999999998
130 0.099839999999999998
131 0.033279999999999997
132 0.16639999999999999
133 0.091520000000000004
134 0.083199999999999996
135 0.091520000000000004
136 0.099839999999999998
137 0.091520000000000004
138 0.0
139 0.20799999999999999
140 0.10816000000000001
141 0.099839999999999998
142 0.091520000000000004
143 0.099839999999999998
144 0.016639999999999999
145 0.18304000000000001
146 0.099839999999999998
147 0.099839999999999998
148 0.099839999999999998
149 0.099839999999999998
150 0.041599999999999998
151 0.15808
152 0.099839999999999998
153 0.099839999999999998
154 0.099839999999999998
155 0.099839999999999998
156 0.066559999999999994
157 0.13311999999999999
158 0.099839999999999998
159 0.099839999999999998
160 0.099839999999999998
161 0.099839999999999998
162 0.091520000000000004
163 0.0
164 0.20799999999999999
165 0.099839999999999998
166 0.099839999999999998
167 0.099839999999999998
168 0.099839999999999998
169 0.016639999999999999
170 0.18304000000000001
171 0.099839999999999998
172 0.099839999999999998
173 0.099839999999999998
174 0.099839999999999998
175 0.041599999999999998
176 0.15808
177 0.099839999999999998
178 0.099839999999999998
179 0.099839999999999998
180 0.099839999999999998
181 0.066559999999999994
182 0.13311999999999999
183 0.099839999999999998
184 0.091520000000000004
185 0.091520000000000004
186 0.099839999999999998
187 0.099839999999999998
188 0.0083199999999999993
189 0.19136
190 0.099839999999999998
191 0.099839999999999998
192 0.10816000000000001
193 0.099839999999999998
194 0.02496
195 0.17471999999999999
196 0.099839999999999998
197 0.099839999999999998
198 0.099839999999999998
199 0.099839999999999998
200 0.049919999999999999
201 0.14976
202 0.099839999999999998
203 0.099839999999999998
204 0.099839999999999998
205 0.099839999999999998
206 0.074880000000000002
207 0.12479999999999999
208 0.099839999999999998
209 0.099839999999999998
210 0.099839999999999998
211 0.099839999999999998
212 0.099839999999999998
213 0.0
214 0.19968
215 0.099839999999999998
216 0.099839999999999998
217 0.099839999999999998
218 0.099839999999999998
219 0.02496
220 0.17471999999999999
221 0.099839999999999998
222 0.099839999999999998
223 0.099839999999999998
224 0.099839999999999998
225 0.049919999999999999
226 0.14976
227 0.099839999999999998
228 0.099839999999999998
229 0.099839999999999998
230 0.099839999999999998
231 0.074880000000000002
232 0.12479999999999999
233 0.099839999999999998
234 0.099839999999999998
235 0.099839999999999998
236 0.099839999999999998
237 0.099839999999999998
238 0.0
239 0.19968
240 0.099839999999999998
241 0.099839999999999998
242 0.091520000000000004
243 0.033279999999999997
244 0.17471999999999999
245 0.099839999999999998
246 0.099839999999999998
247 0.099839999999999998
248 0.099839999999999998
249 0.066559999999999994
250 0.13311999999999999
251 0.099839999999999998
252 0.099839999999999998
253 0.099839999999999998
254 0.099839999999999998
255 0.091520000000000004
256 0.0
257 0.20799999999999999
258 0.099839999999999998
259 0.099839999999999998
260 0.099839999999999998
261 0.099839999999999998
262 0.016639999999999999
263 0.18304000000000001
264 0.099839999999999998
265 0.099839999999999998
266 0.099839999999999998
267 0.099839999999999998
268 0.041599999999999998
269 0.15808
270 0.099839999999999998
271 0.099839999999999998
272 0.099839999999999998
273 0.099839999999999998
274 0.066559999999999994
275 0.13311999999999999
276 0.099839999999999998
277 0.099839999999999998
278 0.099839999999999998
279 0.099839999999999998
280 0.091520000000000004
281 0.0
282 0.20799999999999999
283 0.099839999999999998
284 0.099839999999999998
285 0.099839999999999998
286 0.099839999999999998
287 0.016639999999999999
288 0.18304000000000001
289 0.099839999999999998
290 0.099839999999999998
291 0.099839999999999998
292 0.099839999999999998
293 0.041599999999999998
294 0.15808
295 0.099839999999999998
296 0.10816000000000001
297 0.099839999999999998
298 0.099839999999999998
299 0.05824
300 0.14144000000000001
301 0.099839999999999998
302 0.099839999999999998
303 0.091520000000000004
304 0.099839999999999998
305 0.091520000000000004
306 0.0
307 0.20799999999999999
308 0.099839999999999998
309 0.099839999999999998
310 0.099839999999999998
311 0.099839999999999998
312 0.016639999999999999
313 0.18304000000000001
314 0.099839999999999998
315 0.099839999999999998
316 0.099839999999999998
317 0.099839999999999998
318 0.041599999999999998
319 0.15808
320 0.099839999999999998
321 0.099839999999999998
322 0.099839999999999998
323 0.099839999999999998
324 0.066559999999999994
325 0.13311999999999999
326 0.099839999999999998
327 0.099839999999999998
328 0.099839999999999998
329 0.099839999999999998
330 0.091520000000000004
331 0.0
332 0.20799999999999999
333 0.099839999999999998
334 0.099839999999999998
335 0.099839999999999998
336 0.099839999999999998
337 0.016639999999999999
338 0.18304000000000001
339 0.099839999999999998
340 0.099839999999999998
341 0.099839999999999998
342 0.099839999999999998
343 0.041599999999999998
344 0.15808
345 0.099839999999999998
346 0.099839999999999998
347 0.099839999999999998
348 0.10816000000000001
349 0.05824
350 0.14144000000000001
351 0.099839999999999998
352 0.099839999999999998
353 0.099839999999999998
354 0.099839999999999998
355 0.083199999999999996
356 0.11648
357 0.099839999999999998
358 0.099839999999999998
359 0.099839999999999998
360 0.099839999999999998
361 0.099839999999999998
362 0.0083199999999999993
363 0.18304000000000001
364 0.083199999999999996
365 0.083199999999999996
366 0.091520000000000004
367 0.099839999999999998
368 0.083199999999999996
369 0.11648
370 0.099839999999999998
371 0.091520000000000004
372 0.091520000000000004
373 0.099839999999999998
374 0.099839999999999998
375 0.02496
376 0.17471999999999999
377 0.099839999999999998
378 0.099839999999999998
379 0.099839999999999998
380 0.099839999999999998
381 0.041599999999999998
382 0.14976
383 0.099839999999999998
384 0.099839999999999998
385 0.099839999999999998
386 0.099839999999999998
387 0.099839999999999998
388 0.016639999999999999
389 0.18304000000000001
390 0.099839999999999998
391 0.099839999999999998
392 0.099839999999999998
393 0.099839999999999998
394 0.041599999999999998
395 0.15808
396 0.099839999999999998
397 0.091520000000000004
398 0.099839999999999998
399 0.099839999999999998
400 0.074880000000000002
401 0.13311999999999999
402 0.099839999999999998
403 0.099839999999999998
404 0.099839999999999998
405 0.099839999999999998
406 0.091520000000000004
407 0.0
408 0.20799999999999999
409 0.099839999999999998
410 0.099839999999999998
411 0.099839999999999998
412 0.099839999999999998
413 0.016639999999999999
414 0.18304000000000001
415 0.099839999999999998
416 0.099839999999999998
417 0.099839999999999998
418 0.099839999999999998
419 0.041599999999999998
420 0.15808
421 0.099839999999999998
422 0.099839999999999998
423 0.099839999999999998
424 0.099839999999999998
425 0.066559999999999994
426 0.13311999999999999
427 0.099839999999999998
428 0.099839999999999998
429 0.099839999999999998
430 0.091520000000000004
431 0.0
432 0.19968
433 0.099839999999999998
434 0.099839999999999998
435 0.099839999999999998
436 0.099839999999999998
437 0.041599999999999998
438 0.15808
439 0.099839999999999998
440 0.099839999999999998
441 0.099839999999999998
442 0.099839999999999998
443 0.066559999999999994
444 0.13311999999999999
445 0.099839999999999998
446 0.099839999999999998
447 0.099839999999999998
448 0.099839999999999998
449 0.091520000000000004
450 0.0
451 0.20799999999999999
452 0.10816000000000001
453 0.099839999999999998
454 0.099839999999999998
455 0.099839999999999998
456 0.0083199999999999993
457 0.19136
458 0.099839999999999998
459 0.099839999999999998
460 0.099839999999999998
461 0.099839999999999998
462 0.033279999999999997
463 0.16639999999999999
464 0.099839999999999998
465 0.099839999999999998
466 0.099839999999999998
467 0.099839999999999998
468 0.05824
469 0.14144000000000001
470 0.099839999999999998
471 0.099839999999999998
472 0.099839999999999998
473 0.099839999999999998
474 0.083199999999999996
475 0.11648
476 0.099839999999999998
477 0.099839999999999998
478 0.099839999999999998
479 0.099839999999999998
480 0.099839999999999998
481 0.0083199999999999993
482 0.19136
483 0.099839999999999998
484 0.099839999999999998
485 0.099839999999999998
486 0.099839999999999998
487 0.033279999999999997
488 0.16639999999999999
489 0.099839999999999998
490 0.099839999999999998
491 0.091520000000000004
492 0.099839999999999998
493 0.066559999999999994
494 0.13311999999999999
495 0.099839999999999998
496 0.099839999999999998
497 0.099839999999999998
498 0.099839999999999998
499 0.091520000000000004
500 0.0
501 0.20799999999999999
502 0.099839999999999998
503 0.099839999999999998
504 0.10816000000000001
505 0.099839999999999998
506 0.0083199999999999993
507 0.19136
508 0.099839999999999998
509 0.099839999999999998
510 0.099839999999999998
511 0.099839999999999998
512 0.033279999999999997
513 0.16639999999999999
514 0.099839999999999998
515 0.099839999999999998
516 0.099839999999999998
517 0.099839999999999998
518 0.05824
519 0.14144000000000001
520 0.099839999999999998
521 0.099839999999999998
522 0.099839999999999998
523 0.099839999999999998
524 0.083199999999999996
525 0.11648
526 0.099839999999999998
527 0.099839999999999998
528 0.099839999999999998
529 0.099839999999999998
530 0.099839999999999998
531 0.0083199999999999993
532 0.19136
533 0.099839999999999998
534 0.099839999999999998
535 0.099839999999999998
536 0.099839999999999998
537 0.033279999999999997
538 0.16639999999999999
539 0.099839999999999998
540 0.099839999999999998
541 0.099839999999999998
542 0.099839999999999998
543 0.05824
544 0.14144000000000001
545 0.099839999999999998
546 0.099839999999999998
547 0.099839999999999998
548 0.099839999999999998
549 0.083199999999999996
550 0.11648
551 0.091520000000000004
552 0.083199999999999996
553 0.074880000000000002
554 0.099839999999999998
555 0.091520000000000004
556 0.066559999999999994
557 0.14144000000000001
558 0.099839999999999998
559 0.099839999999999998
560 0.091520000000000004
561 0.099839999999999998
562 0.074880000000000002
563 0.12479999999999999
564 0.099839999999999998
565 0.099839999999999998
566 0.099839999999999998
567 0.099839999999999998
568 0.099839999999999998
569 0.0
570 0.19968
571 0.099839999999999998
572 0.099839999999999998
573 0.099839999999999998
574 0.099839999999999998
575 0.02496
576 0.17471999999999999
577 0.099839999999999998
578 0.099839999999999998
579 0.099839999999999998
580 0.099839999999999998
581 0.049919999999999999
582 0.14976
583 0.099839999999999998
584 0.099839999999999998
585 0.091520000000000004
586 0.099839999999999998
587 0.083199999999999996
588 0.11648
589 0.099839999999999998
590 0.099839999999999998
591 0.099839999999999998
592 0.099839999999999998
593 0.099839999999999998
594 0.0083199999999999993
595 0.19136
596 0.099839999999999998
597 0.099839999999999998
598 0.099839999999999998
599 0.099839999999999998
600 0.033279999999999997
601 0.16639999999999999
602 0.099839999999999998
603 0.099839999999999998
604 0.099839999999999998
605 0.099839999999999998
606 0.05824
607 0.14144000000000001
608 0.10816000000000001
609 0.099839999999999998
610 0.099839999999999998
611 0.099839999999999998
612 0.074880000000000002
613 0.12479999999999999
614 0.099839999999999998
615 0.099839999999999998
616 0.099839999999999998
617 0.091520000000000004
618 0.0083199999999999993
619 0.19136
620 0.099839999999999998
621 0.099839999999999998
622 0.099839999999999998
623 0.099839999999999998
624 0.049919999999999999
625 0.14976
626 0.099839999999999998
627 0.099839999999999998
628 0.099839999999999998
629 0.099839999999999998
630 0.074880000000000002
631 0.12479999999999999
632 0.099839999999999998
633 0.099839999999999998
634 0.099839999999999998
635 0.099839999999999998
636 0.099839999999999998
637 0.0
638 0.19968
639 0.099839999999999998
640 0.099839999999999998
641 0.099839999999999998
642 0.099839999999999998
643 0.02496
644 0.17471999999999999
645 0.099839999999999998
646 0.099839999999999998
647 0.099839999999999998
648 0.099839999999999998
649 0.049919999999999999
650 0.14976
651 0.099839999999999998
652 0.099839999999999998
653 0.099839999999999998
654 0.099839999999999998
655 0.074880000000000002
656 0.12479999999999999
657 0.099839999999999998
658 0.099839999999999998
659 0.099839999999999998
660 0.10816000000000001
661 0.091520000000000004
662 0.0
663 0.20799999999999999
664 0.099839999999999998
665 0.099839999999999998
666 0.099839999999999998
667 0.099839999999999998
668 0.016639999999999999
669 0.18304000000000001
670 0.099839999999999998
671 0.099839999999999998
672 0.099839999999999998
673 0.099839999999999998
674 0.041599999999999998
675 0.15808
676 0.099839999999999998
677 0.099839999999999998
678 0.091520000000000004
679 0.099839999999999998
680 0.074880000000000002
681 0.12479999999999999
682 0.099839999999999998
683 0.099839999999999998
684 0.099839999999999998
685 0.099839999999999998
686 0.099839999999999998
687 0.0
688 0.19968
689 0.099839999999999998
690 0.099839999999999998
691 0.099839999999999998
692 0.099839999999999998
693 0.02496
694 0.17471999999999999
695 0.099839999999999998
696 0.099839999999999998
697 0.099839999999999998
698 0.099839999999999998
699 0.049919999999999999
700 0.14976
701 0.099839999999999998
702 0.099839999999999998
703 0.099839999999999998
704 0.099839999999999998
705 0.074880000000000002
706 0.12479999999999999
707 0.099839999999999998
708 0.099839999999999998
709 0.099839999999999998
710 0.099839999999999998
711 0.099839999999999998
712 0.0
713 0.20799999999999999
714 0.099839999999999998
715 0.099839999999999998
716 0.099839999999999998
717 0.099839999999999998
718 0.016639999999999999
719 0.18304000000000001
720 0.099839999999999998
721 0.099839999999999998
722 0.099839999999999998
723 0.099839999999999998
724 0.041599999999999998
725 0.15808
726 0.099839999999999998
727 0.099839999999999998
728 0.099839999999999998
729 0.099839999999999998
730 0.066559999999999994
731 0.13311999999999999
732 0.099839999999999998
733 0.099839999999999998
734 0.099839999999999998
735 0.099839999999999998
736 0.091520000000000004
737 0.0
738 0.19968
739 0.083199999999999996
740 0.083199999999999996
741 0.091520000000000004
742 0.099839999999999998
743 0.0083199999999999993
744 0.18304000000000001
745 0.099839999999999998
746 0.099839999999999998
747 0.091520000000000004
748 0.099839999999999998
749 0.099839999999999998
750 0.0
751 0.19968
752 0.099839999999999998
753 0.099839999999999998
754 0.099839999999999998
755 0.099839999999999998
756 0.02496
757 0.17471999999999999
758 0.099839999999999998
759 0.099839999999999998
760 0.099839999999999998
761 0.099839999999999998
762 0.049919999999999999
763 0.14976
764 0.10816000000000001
765 0.099839999999999998
766 0.099839999999999998
767 0.099839999999999998
768 0.066559999999999994
769 0.13311999999999999
770 0.099839999999999998
771 0.099839999999999998
772 0.091520000000000004
773 0.099839999999999998
774 0.099839999999999998
775 0.0
776 0.19968
777 0.099839999999999998
778 0.099839999999999998
779 0.099839999999999998
780 0.099839999999999998
781 0.02496
782 0.17471999999999999
783 0.099839999999999998
784 0.099839999999999998
785 0.099839999999999998
786 0.099839999999999998
787 0.049919999999999999
788 0.14976
789 0.099839999999999998
790 0.099839999999999998
791 0.099839999999999998
792 0.099839999999999998
793 0.074880000000000002
794 0.12479999999999999
795 0.099839999999999998
796 0.099839999999999998
797 0.099839999999999998
798 0.099839999999999998
799 0.099839999999999998
800 0.0
801 0.19968
802 0.099839999999999998
803 0.099839999999999998
804 0.091520000000000004
805 0.033279999999999997
806 0.16639999999999999
807 0.099839999999999998
808 0.099839999999999998
809 0.099839999999999998
810 0.099839999999999998
811 0.074880000000000002
812 0.12479999999999999
813 0.099839999999999998
814 0.099839999999999998
815 0.099839999999999998
816 0.10816000000000001
817 0.091520000000000004
818 0.0
819 0.20799999999999999
820 0.099839999999999998
821 0.099839999999999998
822 0.099839999999999998
823 0.099839999999999998
824 0.016639999999999999
825 0.18304000000000001
826 0.099839999999999998
827 0.099839999999999998
828 0.099839999999999998
829 0.099839999999999998
830 0.041599999999999998
831 0.15808
832 0.099839999999999998
833 0.099839999999999998
834 0.099839999999999998
835 0.099839999999999998
836 0.066559999999999994
837 0.13311999999999999
838 0.099839999999999998
839 0.099839999999999998
840 0.099839999999999998
841 0.099839999999999998
842 0.091520000000000004
843 0.0
844 0.20799999999999999
845 0.099839999999999998
846 0.099839999999999998
847 0.099839999999999998
848 0.099839999999999998
849 0.016639999999999999
850 0.18304000000000001
851 0.099839999999999998
852 0.099839999999999998
853 0.099839999999999998
854 0.099839999999999998
855 0.041599999999999998
856 0.15808
857 0.099839999999999998
858 0.099839999999999998
859 0.099839999999999998
860 0.099839999999999998
861 0.066559999999999994
862 0.13311999999999999
863 0.099839999999999998
864 0.099839999999999998
865 0.091520000000000004
866 0.099839999999999998
867 0.099839999999999998
868 0.0
869 0.20799999999999999
870 0.099839999999999998
871 0.099839999999999998
872 0.099839999999999998
873 0.099839999999999998
874 0.016639999999999999
875 0.18304000000000001
876 0.099839999999999998
877 0.099839999999999998
878 0.099839999999999998
879 0.099839999999999998
880 0.041599999999999998
881 0.15808
882 0.099839999999999998
883 0.099839999999999998
884 0.099839999999999998
885 0.099839999999999998
886 0.066559999999999994
887 0.13311999999999999
888 0.099839999999999998
889 0.099839999999999998
890 0.099839999999999998
891 0.099839999999999998
892 0.091520000000000004
893 0.0
894 0.20799999999999999
895 0.099839999999999998
896 0.099839999999999998
897 0.099839999999999998
898 0.099839999999999998
899 0.016639999999999999
900 0.18304000000000001
901 0.099839999999999998
902 0.099839999999999998
903 0.099839999999999998
904 0.099839999999999998
905 0.041599999999999998
906 0.15808
907 0.099839999999999998
908 0.099839999999999998
909 0.099839999999999998
910 0.099839999999999998
911 0.066559999999999994
912 0.13311999999999999
913 0.099839999999999998
914 0.099839999999999998
915 0.099839999999999998
916 0.099839999999999998
917 0.091520000000000004
918 0.0
919 0.20799999999999999
920 0.10816000000000001
921 0.099839999999999998
922 0.099839999999999998
923 0.099839999999999998
924 0.0083199999999999993
925 0.18304000000000001
926 0.083199999999999996
927 0.083199999999999996
928 0.091520000000000004
929 0.099839999999999998
930 0.02496
931 0.16639999999999999
932 0.099839999999999998
933 0.099839999999999998
934 0.091520000000000004
935 0.099839999999999998
936 0.099839999999999998
937 0.016639999999999999
938 0.18304000000000001
939 0.099839999999999998
940 0.099839999999999998
941 0.099839999999999998
942 0.099839999999999998
943 0.041599999999999998
944 0.15808
945 0.099839999999999998
946 0.099839999999999998
947 0.099839999999999998
948 0.099839999999999998
949 0.066559999999999994
950 0.13311999999999999
951 0.099839999999999998
952 0.099839999999999998
953 0.099839999999999998
954 0.099839999999999998
955 0.091520000000000004
956 0.0
957 0.20799999999999999
958 0.099839999999999998
959 0.091520000000000004
960 0.099839999999999998
961 0.099839999999999998
962 0.02496
963 0.17471999999999999
964 0.099839999999999998
965 0.099839999999999998
966 0.099839999999999998
967 0.099839999999999998
968 0.049919999999999999
969 0.14976
970 0.099839999999999998
971 0.099839999999999998
972 0.10816000000000001
973 0.099839999999999998
974 0.066559999999999994
975 0.13311999999999999
976 0.099839999999999998
977 0.099839999999999998
978 0.099839999999999998
979 0.099839999999999998
980 0.091520000000000004
981 0.0
982 0.20799999999999999
983 0.099839999999999998
984 0.099839999999999998
985 0.099839999999999998
986 0.099839999999999998
987 0.016639999999999999
988 0.18304000000000001
989 0.099839999999999998
990 0.099839999999999998
991 0.091520000000000004
992 0.049919999999999999
993 0.14976
994 0.099839999999999998
995 0.099839999999999998
996 0.099839999999999998
997 0.099839999999999998
998 0.091520000000000004
999 0.0
