0 0.0
1 0.02528
2 0.02496
3 0.05824
4 0.033279999999999997
5 0.05824
6 0.0
7 0.091520000000000004
8 0.066559999999999994
9 0.041599999999999998
10 0.0
11 0.099839999999999998
12 0.049919999999999999
13 0.049919999999999999
14 0.0
15 0.099839999999999998
16 0.05824
17 0.041599999999999998
18 0.0
19 0.091520000000000004
20 0.066559999999999994
21 0.041599999999999998
22 0.0
23 0.099839999999999998
24 0.049919999999999999
25 0.049919999999999999
26 0.0
27 0.099839999999999998
28 0.05824
29 0.041599999999999998
30 0.0
31 0.099839999999999998
32 0.066559999999999994
33 0.033279999999999997
34 0.0
35 0.099839999999999998
36 0.05824
37 0.041599999999999998
38 0.0
39 0.10816000000000001
40 0.049919999999999999
41 0.041599999999999998
42 0.0
43 0.099839999999999998
44 0.066559999999999994
45 0.033279999999999997
46 0.0
47 0.099839999999999998
48 0.05824
49 0.041599999999999998
50 0.0
51 0.10816000000000001
52 0.049919999999999999
53 0.041599999999999998
54 0.0
55 0.099839999999999998
56 0.066559999999999994
57 0.033279999999999997
58 0.0
59 0.099839999999999998
60 0.05824
61 0.041599999999999998
62 0.0
63 0.10816000000000001
64 0.049919999999999999
65 0.041599999999999998
66 0.0
67 0.099839999999999998
68 0.066559999999999994
69 0.033279999999999997
70 0.0
71 0.099839999999999998
72 0.05824
73 0.041599999999999998
74 0.0
75 0.10816000000000001
76 0.049919999999999999
77 0.041599999999999998
78 0.0
79 0.099839999999999998
80 0.066559999999999994
81 0.033279999999999997
82 0.0
83 0.099839999999999998
84 0.066559999999999994
85 0.033279999999999997
86 0.0
87 0.11648
88 0.041599999999999998
89 0.041599999999999998
90 0.0
91 0.10816000000000001
92 0.05824
93 0.033279999999999997
94 0.0
95 0.099839999999999998
96 0.066559999999999994
97 0.033279999999999997
98 0.0
99 0.11648
100 0.041599999999999998
101 0.041599999999999998
102 0.0
103 0.10816000000000001
104 0.05824
105 0.033279999999999997
106 0.0
107 0.099839999999999998
108 0.066559999999999994
109 0.033279999999999997
110 0.0
111 0.11648
112 0.041599999999999998
113 0.041599999999999998
114 0.0
115 0.10816000000000001
116 0.05824
117 0.033279999999999997
118 0.0
119 0.099839999999999998
120 0.066559999999999994
121 0.033279999999999997
122 0.0
123 0.11648
124 0.041599999999999998
125 0.041599999999999998
126 0.0
127 0.10816000000000001
128 0.05824
129 0.033279999999999997
130 0.0
131 0.099839999999999998
132 0.066559999999999994
133 0.033279999999999997
134 0.0
135 0.11648
136 0.041599999999999998
137 0.041599999999999998
138 0.066559999999999994
139 0.049919999999999999
140 0.049919999999999999
141 0.033279999999999997
142 0.0
143 0.10816000000000001
144 0.066559999999999994
145 0.02496
146 0.0
147 0.11648
148 0.041599999999999998
149 0.041599999999999998
150 0.066559999999999994
151 0.049919999999999999
152 0.049919999999999999
153 0.033279999999999997
154 0.0
155 0.10816000000000001
156 0.066559999999999994
157 0.02496
158 0.0
159 0.11648
160 0.041599999999999998
161 0.041599999999999998
162 0.066559999999999994
163 0.049919999999999999
164 0.049919999999999999
165 0.033279999999999997
166 0.0
167 0.10816000000000001
168 0.066559999999999994
169 0.02496
170 0.0
171 0.11648
172 0.041599999999999998
173 0.041599999999999998
174 0.066559999999999994
175 0.049919999999999999
176 0.049919999999999999
177 0.033279999999999997
178 0.0
179 0.10816000000000001
180 0.066559999999999994
181 0.02496
182 0.0
183 0.11648
184 0.041599999999999998
185 0.041599999999999998
186 0.066559999999999994
187 0.05824
188 0.041599999999999998
189 0.033279999999999997
190 0.066559999999999994
191 0.049919999999999999
192 0.05824
193 0.02496
194 0.0
195 0.11648
196 0.041599999999999998
197 0.041599999999999998
198 0.066559999999999994
199 0.05824
200 0.041599999999999998
201 0.033279999999999997
202 0.066559999999999994
203 0.049919999999999999
204 0.05824
205 0.02496
206 0.0
207 0.11648
208 0.041599999999999998
209 0.041599999999999998
210 0.066559999999999994
211 0.05824
212 0.041599999999999998
213 0.033279999999999997
214 0.066559999999999994
215 0.049919999999999999
216 0.05824
217 0.02496
218 0.0
219 0.11648
220 0.041599999999999998
221 0.041599999999999998
222 0.066559999999999994
223 0.05824
224 0.041599999999999998
225 0.033279999999999997
226 0.066559999999999994
227 0.049919999999999999
228 0.05824
229 0.02496
230 0.0
231 0.11648
232 0.041599999999999998
233 0.041599999999999998
234 0.066559999999999994
235 0.05824
236 0.041599999999999998
237 0.033279999999999997
238 0.074880000000000002
239 0.049919999999999999
240 0.049919999999999999
241 0.02496
242 0.066559999999999994
243 0.049919999999999999
244 0.049919999999999999
245 0.033279999999999997
246 0.066559999999999994
247 0.05824
248 0.041599999999999998
249 0.033279999999999997
250 0.074880000000000002
251 0.049919999999999999
252 0.049919999999999999
253 0.02496
254 0.066559999999999994
255 0.049919999999999999
256 0.049919999999999999
257 0.033279999999999997
258 0.066559999999999994
259 0.05824
260 0.041599999999999998
261 0.033279999999999997
262 0.074880000000000002
263 0.049919999999999999
264 0.049919999999999999
265 0.02496
266 0.066559999999999994
267 0.049919999999999999
268 0.049919999999999999
269 0.033279999999999997
270 0.066559999999999994
271 0.05824
272 0.041599999999999998
273 0.033279999999999997
274 0.074880000000000002
275 0.049919999999999999
276 0.049919999999999999
277 0.02496
278 0.066559999999999994
279 0.049919999999999999
280 0.049919999999999999
281 0.033279999999999997
282 0.066559999999999994
283 0.05824
284 0.041599999999999998
285 0.033279999999999997
286 0.074880000000000002
287 0.049919999999999999
288 0.049919999999999999
289 0.02496
290 0.074880000000000002
291 0.041599999999999998
292 0.05824
293 0.02496
294 0.066559999999999994
295 0.05824
296 0.041599999999999998
297 0.033279999999999997
298 0.074880000000000002
299 0.05824
300 0.041599999999999998
301 0.02496
302 0.074880000000000002
303 0.041599999999999998
304 0.05824
305 0.02496
306 0.066559999999999994
307 0.05824
308 0.041599999999999998
309 0.033279999999999997
310 0.074880000000000002
311 0.05824
312 0.041599999999999998
313 0.02496
314 0.074880000000000002
315 0.041599999999999998
316 0.05824
317 0.02496
318 0.066559999999999994
319 0.05824
320 0.041599999999999998
321 0.033279999999999997
322 0.074880000000000002
323 0.05824
324 0.041599999999999998
325 0.02496
326 0.074880000000000002
327 0.041599999999999998
328 0.05824
329 0.02496
330 0.066559999999999994
331 0.05824
332 0.041599999999999998
333 0.033279999999999997
334 0.074880000000000002
335 0.05824
336 0.041599999999999998
337 0.02496
338 0.074880000000000002
339 0.041599999999999998
340 0.05824
341 0.02496
342 0.074880000000000002
343 0.049919999999999999
344 0.049919999999999999
345 0.02496
346 0.074880000000000002
347 0.05824
348 0.041599999999999998
349 0.02496
350 0.083199999999999996
351 0.041599999999999998
352 0.05824
353 0.016639999999999999
354 0.074880000000000002
355 0.049919999999999999
356 0.049919999999999999
357 0.02496
358 0.074880000000000002
359 0.05824
360 0.041599999999999998
361 0.02496
362 0.083199999999999996
363 0.041599999999999998
364 0.05824
365 0.016639999999999999
366 0.074880000000000002
367 0.049919999999999999
368 0.049919999999999999
369 0.02496
370 0.074880000000000002
371 0.05824
372 0.041599999999999998
373 0.02496
374 0.083199999999999996
375 0.041599999999999998
376 0.05824
377 0.016639999999999999
378 0.074880000000000002
379 0.049919999999999999
380 0.049919999999999999
381 0.02496
382 0.074880000000000002
383 0.05824
384 0.041599999999999998
385 0.02496
386 0.083199999999999996
387 0.041599999999999998
388 0.05824
389 0.016639999999999999
390 0.074880000000000002
391 0.049919999999999999
392 0.049919999999999999
393 0.02496
394 0.074880000000000002
395 0.05824
396 0.041599999999999998
397 0.02496
398 0.083199999999999996
399 0.049919999999999999
400 0.05824
401 0.0083199999999999993
402 0.083199999999999996
403 0.041599999999999998
404 0.05824
405 0.016639999999999999
406 0.074880000000000002
407 0.05824
408 0.041599999999999998
409 0.02496
410 0.083199999999999996
411 0.049919999999999999
412 0.05824
413 0.0083199999999999993
414 0.083199999999999996
415 0.041599999999999998
416 0.05824
417 0.016639999999999999
418 0.074880000000000002
419 0.05824
420 0.041599999999999998
421 0.02496
422 0.083199999999999996
423 0.049919999999999999
424 0.05824
425 0.0083199999999999993
426 0.083199999999999996
427 0.041599999999999998
428 0.05824
429 0.016639999999999999
430 0.074880000000000002
431 0.05824
432 0.041599999999999998
433 0.02496
434 0.083199999999999996
435 0.049919999999999999
436 0.05824
437 0.0083199999999999993
438 0.083199999999999996
439 0.041599999999999998
440 0.05824
441 0.016639999999999999
442 0.074880000000000002
443 0.05824
444 0.041599999999999998
445 0.02496
446 0.083199999999999996
447 0.05824
448 0.05824
449 0.0
450 0.091520000000000004
451 0.041599999999999998
452 0.05824
453 0.0083199999999999993
454 0.083199999999999996
455 0.049919999999999999
456 0.049919999999999999
457 0.016639999999999999
458 0.083199999999999996
459 0.05824
460 0.05824
461 0.0
462 0.091520000000000004
463 0.041599999999999998
464 0.05824
465 0.0083199999999999993
466 0.083199999999999996
467 0.049919999999999999
468 0.049919999999999999
469 0.016639999999999999
470 0.083199999999999996
471 0.05824
472 0.05824
473 0.0
474 0.091520000000000004
475 0.041599999999999998
476 0.05824
477 0.0083199999999999993
478 0.083199999999999996
479 0.049919999999999999
480 0.049919999999999999
481 0.016639999999999999
482 0.083199999999999996
483 0.05824
484 0.05824
485 0.0
486 0.091520000000000004
487 0.041599999999999998
488 0.05824
489 0.0083199999999999993
490 0.083199999999999996
491 0.049919999999999999
492 0.049919999999999999
493 0.016639999999999999
494 0.083199999999999996
495 0.05824
496 0.05824
497 0.0
498 0.091520000000000004
499 0.049919999999999999
500 0.05824
501 0.0
502 0.091520000000000004
503 0.041599999999999998
504 0.05824
505 0.0083199999999999993
506 0.083199999999999996
507 0.066559999999999994
508 0.049919999999999999
509 0.0
510 0.091520000000000004
511 0.049919999999999999
512 0.05824
513 0.0
514 0.091520000000000004
515 0.041599999999999998
516 0.05824
517 0.0083199999999999993
518 0.083199999999999996
519 0.066559999999999994
520 0.049919999999999999
521 0.0
522 0.091520000000000004
523 0.049919999999999999
524 0.05824
525 0.0
526 0.091520000000000004
527 0.041599999999999998
528 0.05824
529 0.0083199999999999993
530 0.083199999999999996
531 0.066559999999999994
532 0.049919999999999999
533 0.0
534 0.091520000000000004
535 0.049919999999999999
536 0.05824
537 0.0
538 0.091520000000000004
539 0.041599999999999998
540 0.05824
541 0.0083199999999999993
542 0.083199999999999996
543 0.066559999999999994
544 0.049919999999999999
545 0.0
546 0.091520000000000004
547 0.049919999999999999
548 0.05824
549 0.0
550 0.099839999999999998
551 0.041599999999999998
552 0.05824
553 0.0
554 0.091520000000000004
555 0.066559999999999994
556 0.041599999999999998
557 0.0
558 0.091520000000000004
559 0.05824
560 0.049919999999999999
561 0.0
562 0.099839999999999998
563 0.041599999999999998
564 0.05824
565 0.0
566 0.091520000000000004
567 0.066559999999999994
568 0.041599999999999998
569 0.0
570 0.091520000000000004
571 0.05824
572 0.049919999999999999
573 0.0
574 0.099839999999999998
575 0.041599999999999998
576 0.05824
577 0.0
578 0.091520000000000004
579 0.066559999999999994
580 0.041599999999999998
581 0.0
582 0.091520000000000004
583 0.05824
584 0.049919999999999999
585 0.0
586 0.099839999999999998
587 0.041599999999999998
588 0.05824
589 0.0
590 0.091520000000000004
591 0.066559999999999994
592 0.041599999999999998
593 0.0
594 0.091520000000000004
595 0.05824
596 0.049919999999999999
597 0.0
598 0.099839999999999998
599 0.041599999999999998
600 0.05824
601 0.0
602 0.099839999999999998
603 0.05824
604 0.041599999999999998
605 0.0
606 0.091520000000000004
607 0.066559999999999994
608 0.041599999999999998
609 0.0
610 0.099839999999999998
611 0.049919999999999999
612 0.049919999999999999
613 0.0
614 0.099839999999999998
615 0.05824
616 0.041599999999999998
617 0.0
618 0.091520000000000004
619 0.066559999999999994
620 0.041599999999999998
621 0.0
622 0.099839999999999998
623 0.049919999999999999
624 0.049919999999999999
625 0.0
626 0.099839999999999998
627 0.05824
628 0.041599999999999998
629 0.0
630 0.091520000000000004
631 0.066559999999999994
632 0.041599999999999998
633 0.0
634 0.099839999999999998
635 0.049919999999999999
636 0.049919999999999999
637 0.0
638 0.099839999999999998
639 0.05824
640 0.041599999999999998
641 0.0
642 0.091520000000000004
643 0.066559999999999994
644 0.041599999999999998
645 0.0
646 0.099839999999999998
647 0.049919999999999999
648 0.049919999999999999
649 0.0
650 0.099839999999999998
651 0.05824
652 0.041599999999999998
653 0.0
654 0.099839999999999998
655 0.066559999999999994
656 0.033279999999999997
657 0.0
658 0.099839999999999998
659 0.05824
660 0.041599999999999998
661 0.0
662 0.10816000000000001
663 0.049919999999999999
664 0.041599999999999998
665 0.0
666 0.099839999999999998
667 0.066559999999999994
668 0.033279999999999997
669 0.0
670 0.099839999999999998
671 0.05824
672 0.041599999999999998
673 0.0
674 0.10816000000000001
675 0.049919999999999999
676 0.041599999999999998
677 0.0
678 0.099839999999999998
679 0.066559999999999994
680 0.033279999999999997
681 0.0
682 0.099839999999999998
683 0.05824
684 0.041599999999999998
685 0.0
686 0.10816000000000001
687 0.049919999999999999
688 0.041599999999999998
689 0.0
690 0.099839999999999998
691 0.066559999999999994
692 0.033279999999999997
693 0.0
694 0.099839999999999998
695 0.05824
696 0.041599999999999998
697 0.0
698 0.10816000000000001
699 0.049919999999999999
700 0.041599999999999998
701 0.0
702 0.099839999999999998
703 0.066559999999999994
704 0.033279999999999997
705 0.0
706 0.099839999999999998
707 0.066559999999999994
708 0.033279999999999997
709 0.0
710 0.11648
711 0.041599999999999998
712 0.041599999999999998
713 0.0
714 0.10816000000000001
715 0.05824
716 0.033279999999999997
717 0.0
718 0.099839999999999998
719 0.066559999999999994
720 0.033279999999999997
721 0.0
722 0.11648
723 0.041599999999999998
724 0.041599999999999998
725 0.0
726 0.10816000000000001
727 0.05824
728 0.033279999999999997
729 0.0
730 0.099839999999999998
731 0.066559999999999994
732 0.033279999999999997
733 0.0
734 0.11648
735 0.041599999999999998
736 0.041599999999999998
737 0.0
738 0.10816000000000001
739 0.05824
740 0.033279999999999997
741 0.0
742 0.099839999999999998
743 0.066559999999999994
744 0.033279999999999997
745 0.0
746 0.11648
747 0.041599999999999998
748 0.041599999999999998
749 0.0
750 0.10816000000000001
751 0.05824
752 0.033279999999999997
753 0.0
754 0.099839999999999998
755 0.066559999999999994
756 0.033279999999999997
757 0.0
758 0.11648
759 0.041599999999999998
760 0.041599999999999998
761 0.066559999999999994
762 0.049919999999999999
763 0.049919999999999999
764 0.033279999999999997
765 0.0
766 0.10816000000000001
767 0.066559999999999994
768 0.02496
769 0.0
770 0.11648
771 0.041599999999999998
772 0.041599999999999998
773 0.066559999999999994
774 0.049919999999999999
775 0.049919999999999999
776 0.033279999999999997
777 0.0
778 0.10816000000000001
779 0.066559999999999994
780 0.02496
781 0.0
782 0.11648
783 0.041599999999999998
784 0.041599999999999998
785 0.066559999999999994
786 0.049919999999999999
787 0.049919999999999999
788 0.033279999999999997
789 0.0
790 0.10816000000000001
791 0.066559999999999994
792 0.02496
793 0.0
794 0.11648
795 0.041599999999999998
796 0.041599999999999998
797 0.066559999999999994
798 0.049919999999999999
799 0.049919999999999999
800 0.033279999999999997
801 0.0
802 0.10816000000000001
803 0.066559999999999994
804 0.02496
805 0.0
806 0.11648
807 0.041599999999999998
808 0.041599999999999998
809 0.066559999999999994
810 0.05824
811 0.041599999999999998
812 0.033279999999999997
813 0.066559999999999994
814 0.049919999999999999
815 0.05824
816 0.02496
817 0.0
818 0.11648
819 0.041599999999999998
820 0.041599999999999998
821 0.066559999999999994
822 0.05824
823 0.041599999999999998
824 0.033279999999999997
825 0.066559999999999994
826 0.049919999999999999
827 0.05824
828 0.02496
829 0.0
830 0.11648
831 0.041599999999999998
832 0.041599999999999998
833 0.066559999999999994
834 0.05824
835 0.041599999999999998
836 0.033279999999999997
837 0.066559999999999994
838 0.049919999999999999
839 0.05824
840 0.02496
841 0.0
842 0.11648
843 0.041599999999999998
844 0.041599999999999998
845 0.066559999999999994
846 0.05824
847 0.041599999999999998
848 0.033279999999999997
849 0.066559999999999994
850 0.049919999999999999
851 0.05824
852 0.02496
853 0.0
854 0.11648
855 0.041599999999999998
856 0.041599999999999998
857 0.066559999999999994
858 0.05824
859 0.041599999999999998
860 0.033279999999999997
861 0.074880000000000002
862 0.049919999999999999
863 0.049919999999999999
864 0.02496
865 0.066559999999999994
866 0.049919999999999999
867 0.049919999999999999
868 0.033279999999999997
869 0.066559999999999994
870 0.05824
871 0.041599999999999998
872 0.033279999999999997
873 0.074880000000000002
874 0.049919999999999999
875 0.049919999999999999
876 0.02496
877 0.066559999999999994
878 0.049919999999999999
879 0.049919999999999999
880 0.033279999999999997
881 0.066559999999999994
882 0.05824
883 0.041599999999999998
884 0.033279999999999997
885 0.074880000000000002
886 0.049919999999999999
887 0.049919999999999999
888 0.02496
889 0.066559999999999994
890 0.049919999999999999
891 0.049919999999999999
892 0.033279999999999997
893 0.066559999999999994
894 0.05824
895 0.041599999999999998
896 0.033279999999999997
897 0.074880000000000002
898 0.049919999999999999
899 0.049919999999999999
900 0.02496
901 0.066559999999999994
902 0.049919999999999999
903 0.049919999999999999
904 0.033279999999999997
905 0.066559999999999994
906 0.05824
907 0.041599999999999998
908 0.033279999999999997
909 0.074880000000000002
910 0.049919999999999999
911 0.049919999999999999
912 0.02496
913 0.074880000000000002
914 0.041599999999999998
915 0.05824
916 0.02496
917 0.066559999999999994
918 0.05824
919 0.041599999999999998
920 0.033279999999999997
921 0.074880000000000002
922 0.05824
923 0.041599999999999998
924 0.02496
925 0.074880000000000002
926 0.041599999999999998
927 0.05824
928 0.02496
929 0.066559999999999994
930 0.05824
931 0.041599999999999998
932 0.033279999999999997
933 0.074880000000000002
934 0.05824
935 0.041599999999999998
936 0.02496
937 0.074880000000000002
938 0.041599999999999998
939 0.05824
940 0.02496
941 0.066559999999999994
942 0.05824
943 0.041599999999999998
944 0.033279999999999997
945 0.074880000000000002
946 0.05824
947 0.041599999999999998
948 0.02496
949 0.074880000000000002
950 0.041599999999999998
951 0.05824
952 0.02496
953 0.066559999999999994
954 0.05824
955 0.041599999999999998
956 0.033279999999999997
957 0.074880000000000002
958 0.05824
959 0.041599999999999998
960 0.02496
961 0.074880000000000002
962 0.041599999999999998
963 0.05824
964 0.02496
965 0.074880000000000002
966 0.049919999999999999
967 0.049919999999999999
968 0.02496
969 0.074880000000000002
970 0.05824
971 0.041599999999999998
972 0.02496
973 0.083199999999999996
974 0.041599999999999998
975 0.05824
976 0.016639999999999999
977 0.074880000000000002
978 0.049919999999999999
979 0.049919999999999999
980 0.02496
981 0.074880000000000002
982 0.05824
983 0.041599999999999998
984 0.02496
985 0.083199999999999996
986 0.041599999999999998
987 0.05824
988 0.016639999999999999
989 0.074880000000000002
990 0.049919999999999999
991 0.049919999999999999
992 0.02496
993 0.074880000000000002
994 0.05824
995 0.041599999999999998
996 0.02496
997 0.083199999999999996
998 0.041599999999999998
999 0.05824
