0 0.0
1 0.033599999999999998
2 0.041599999999999998
3 0.0
4 0.033279999999999997
5 0.15808
6 0.066559999999999994
7 0.074880000000000002
8 0.083199999999999996
9 0.091520000000000004
10 0.099839999999999998
11 0.099839999999999998
12 0.0
13 0.19968
14 0.091520000000000004
15 0.083199999999999996
16 0.091520000000000004
17 0.099839999999999998
18 0.0
19 0.19136
20 0.099839999999999998
21 0.099839999999999998
22 0.091520000000000004
23 0.099839999999999998
24 0.091520000000000004
25 0.0
26 0.20799999999999999
27 0.099839999999999998
28 0.099839999999999998
29 0.099839999999999998
30 0.091520000000000004
31 0.0
32 0.19968
33 0.099839999999999998
34 0.099839999999999998
35 0.099839999999999998
36 0.10816000000000001
37 0.05824
38 0.14144000000000001
39 0.099839999999999998
40 0.099839999999999998
41 0.099839999999999998
42 0.099839999999999998
43 0.083199999999999996
44 0.11648
45 0.099839999999999998
46 0.091520000000000004
47 0.091520000000000004
48 0.099839999999999998
49 0.099839999999999998
50 0.02496
51 0.17471999999999999
52 0.099839999999999998
53 0.099839999999999998
54 0.099839999999999998
55 0.099839999999999998
56 0.049919999999999999
57 0.14976
58 0.099839999999999998
59 0.099839999999999998
60 0.099839999999999998
61 0.099839999999999998
62 0.074880000000000002
63 0.12479999999999999
64 0.099839999999999998
65 0.099839999999999998
66 0.099839999999999998
67 0.099839999999999998
68 0.099839999999999998
69 0.0
70 0.19968
71 0.099839999999999998
72 0.099839999999999998
73 0.099839999999999998
74 0.099839999999999998
75 0.02496
76 0.17471999999999999
77 0.099839999999999998
78 0.091520000000000004
79 0.091520000000000004
80 0.099839999999999998
81 0.066559999999999994
82 0.13311999999999999
83 0.099839999999999998
84 0.099839999999999998
85 0.099839999999999998
86 0.099839999999999998
87 0.091520000000000004
88 0.11648
89 0.099839999999999998
90 0.099839999999999998
91 0.099839999999999998
92 0.099839999999999998
93 0.099839999999999998
94 0.0083199999999999993
95 0.19136
96 0.099839999999999998
97 0.099839999999999998
98 0.099839999999999998
99 0.099839999999999998
100 0.033279999999999997
101 0.16639999999999999
102 0.099839999999999998
103 0.099839999999999998
104 0.099839999999999998
105 0.099839999999999998
106 0.05824
107 0.14144000000000001
108 0.099839999999999998
109 0.099839999999999998
110 0.099839999999999998
111 0.099839999999999998
112 0.083199999999999996
113 0.11648
114 0.099839999999999998
115 0.099839999999999998
116 0.099839999999999998
117 0.099839999999999998
118 0.099839999999999998
119 0.0083199999999999993
120 0.19136
121 0.099839999999999998
122 0.099839999999999998
123 0.099839999999999998
124 0.099839999999999998
125 0.033279999999999997
126 0.16639999999999999
127 0.099839999999999998
128 0.099839999999999998
129 0.099839999999999998
130 0.099839999999999998
131 0.05824
132 0.14144000000000001
133 0.099839999999999998
134 0.099839999999999998
135 0.099839999999999998
136 0.099839999999999998
137 0.083199999999999996
138 0.11648
139 0.091520000000000004
140 0.091520000000000004
141 0.083199999999999996
142 0.091520000000000004
143 0.099839999999999998
144 0.0
145 0.19136
146 0.099839999999999998
147 0.099839999999999998
148 0.091520000000000004
149 0.099839999999999998
150 0.091520000000000004
151 0.0
152 0.20799999999999999
153 0.099839999999999998
154 0.099839999999999998
155 0.099839999999999998
156 0.099839999999999998
157 0.016639999999999999
158 0.18304000000000001
159 0.099839999999999998
160 0.099839999999999998
161 0.099839999999999998
162 0.099839999999999998
163 0.041599999999999998
164 0.15808
165 0.099839999999999998
166 0.099839999999999998
167 0.099839999999999998
168 0.099839999999999998
169 0.066559999999999994
170 0.13311999999999999
171 0.099839999999999998
172 0.099839999999999998
173 0.091520000000000004
174 0.099839999999999998
175 0.099839999999999998
176 0.0
177 0.19968
178 0.099839999999999998
179 0.099839999999999998
180 0.099839999999999998
181 0.099839999999999998
182 0.02496
183 0.17471999999999999
184 0.099839999999999998
185 0.099839999999999998
186 0.099839999999999998
187 0.099839999999999998
188 0.049919999999999999
189 0.14976
190 0.099839999999999998
191 0.099839999999999998
192 0.10816000000000001
193 0.099839999999999998
194 0.066559999999999994
195 0.13311999999999999
196 0.099839999999999998
197 0.099839999999999998
198 0.099839999999999998
199 0.099839999999999998
200 0.091520000000000004
201 0.0
202 0.20799999999999999
203 0.099839999999999998
204 0.099839999999999998
205 0.091520000000000004
206 0.02496
207 0.17471999999999999
208 0.099839999999999998
209 0.099839999999999998
210 0.099839999999999998
211 0.099839999999999998
212 0.066559999999999994
213 0.13311999999999999
214 0.099839999999999998
215 0.099839999999999998
216 0.099839999999999998
217 0.099839999999999998
218 0.091520000000000004
219 0.0
220 0.20799999999999999
221 0.099839999999999998
222 0.099839999999999998
223 0.099839999999999998
224 0.099839999999999998
225 0.016639999999999999
226 0.18304000000000001
227 0.099839999999999998
228 0.099839999999999998
229 0.099839999999999998
230 0.099839999999999998
231 0.041599999999999998
232 0.15808
233 0.099839999999999998
234 0.099839999999999998
235 0.099839999999999998
236 0.099839999999999998
237 0.066559999999999994
238 0.13311999999999999
239 0.099839999999999998
240 0.099839999999999998
241 0.099839999999999998
242 0.099839999999999998
243 0.091520000000000004
244 0.11648
245 0.099839999999999998
246 0.099839999999999998
247 0.099839999999999998
248 0.099839999999999998
249 0.099839999999999998
250 0.0083199999999999993
251 0.19136
252 0.099839999999999998
253 0.099839999999999998
254 0.099839999999999998
255 0.099839999999999998
256 0.033279999999999997
257 0.16639999999999999
258 0.099839999999999998
259 0.099839999999999998
260 0.099839999999999998
261 0.099839999999999998
262 0.05824
263 0.14144000000000001
264 0.099839999999999998
265 0.099839999999999998
266 0.091520000000000004
267 0.099839999999999998
268 0.091520000000000004
269 0.0
270 0.20799999999999999
271 0.099839999999999998
272 0.099839999999999998
273 0.099839999999999998
274 0.099839999999999998
275 0.016639999999999999
276 0.18304000000000001
277 0.099839999999999998
278 0.099839999999999998
279 0.099839999999999998
280 0.099839999999999998
281 0.041599999999999998
282 0.15808
283 0.099839999999999998
284 0.099839999999999998
285 0.099839999999999998
286 0.099839999999999998
287 0.066559999999999994
288 0.13311999999999999
289 0.099839999999999998
290 0.099839999999999998
291 0.099839999999999998
292 0.099839999999999998
293 0.091520000000000004
294 0.0
295 0.20799999999999999
296 0.10816000000000001
297 0.099839999999999998
298 0.099839999999999998
299 0.099839999999999998
300 0.0083199999999999993
301 0.19136
302 0.099839999999999998
303 0.099839999999999998
304 0.099839999999999998
305 0.099839999999999998
306 0.033279999999999997
307 0.16639999999999999
308 0.099839999999999998
309 0.099839999999999998
310 0.099839999999999998
311 0.099839999999999998
312 0.05824
313 0.14144000000000001
314 0.099839999999999998
315 0.099839999999999998
316 0.099839999999999998
317 0.099839999999999998
318 0.083199999999999996
319 0.11648
320 0.099839999999999998
321 0.099839999999999998
322 0.099839999999999998
323 0.099839999999999998
324 0.099839999999999998
325 0.0083199999999999993
326 0.18304000000000001
327 0.083199999999999996
328 0.083199999999999996
329 0.091520000000000004
330 0.099839999999999998
331 0.02496
332 0.16639999999999999
333 0.099839999999999998
334 0.099839999999999998
335 0.091520000000000004
336 0.099839999999999998
337 0.099839999999999998
338 0.016639999999999999
339 0.18304000000000001
340 0.099839999999999998
341 0.099839999999999998
342 0.099839999999999998
343 0.099839999999999998
344 0.041599999999999998
345 0.15808
346 0.099839999999999998
347 0.099839999999999998
348 0.10816000000000001
349 0.099839999999999998
350 0.05824
351 0.14144000000000001
352 0.099839999999999998
353 0.099839999999999998
354 0.099839999999999998
355 0.099839999999999998
356 0.083199999999999996
357 0.11648
358 0.099839999999999998
359 0.099839999999999998
360 0.091520000000000004
361 0.099839999999999998
362 0.099839999999999998
363 0.016639999999999999
364 0.18304000000000001
365 0.099839999999999998
366 0.099839999999999998
367 0.099839999999999998
368 0.099839999999999998
369 0.041599999999999998
370 0.15808
371 0.099839999999999998
372 0.099839999999999998
373 0.099839999999999998
374 0.099839999999999998
375 0.066559999999999994
376 0.13311999999999999
377 0.099839999999999998
378 0.099839999999999998
379 0.099839999999999998
380 0.099839999999999998
381 0.091520000000000004
382 0.0
383 0.20799999999999999
384 0.099839999999999998
385 0.099839999999999998
386 0.099839999999999998
387 0.099839999999999998
388 0.016639999999999999
389 0.18304000000000001
390 0.099839999999999998
391 0.099839999999999998
392 0.091520000000000004
393 0.049919999999999999
394 0.14976
395 0.099839999999999998
396 0.099839999999999998
397 0.099839999999999998
398 0.099839999999999998
399 0.091520000000000004
400 0.11648
401 0.099839999999999998
402 0.099839999999999998
403 0.099839999999999998
404 0.099839999999999998
405 0.099839999999999998
406 0.0083199999999999993
407 0.19136
408 0.099839999999999998
409 0.099839999999999998
410 0.099839999999999998
411 0.099839999999999998
412 0.033279999999999997
413 0.16639999999999999
414 0.099839999999999998
415 0.099839999999999998
416 0.099839999999999998
417 0.099839999999999998
418 0.05824
419 0.14144000000000001
420 0.099839999999999998
421 0.099839999999999998
422 0.099839999999999998
423 0.099839999999999998
424 0.083199999999999996
425 0.11648
426 0.099839999999999998
427 0.099839999999999998
428 0.099839999999999998
429 0.099839999999999998
430 0.099839999999999998
431 0.0083199999999999993
432 0.19136
433 0.099839999999999998
434 0.099839999999999998
435 0.099839999999999998
436 0.099839999999999998
437 0.033279999999999997
438 0.16639999999999999
439 0.099839999999999998
440 0.099839999999999998
441 0.099839999999999998
442 0.099839999999999998
443 0.05824
444 0.14144000000000001
445 0.099839999999999998
446 0.099839999999999998
447 0.099839999999999998
448 0.099839999999999998
449 0.083199999999999996
450 0.11648
451 0.099839999999999998
452 0.10816000000000001
453 0.091520000000000004
454 0.099839999999999998
455 0.099839999999999998
456 0.0083199999999999993
457 0.19136
458 0.099839999999999998
459 0.099839999999999998
460 0.099839999999999998
461 0.099839999999999998
462 0.033279999999999997
463 0.16639999999999999
464 0.099839999999999998
465 0.099839999999999998
466 0.099839999999999998
467 0.099839999999999998
468 0.05824
469 0.14144000000000001
470 0.099839999999999998
471 0.099839999999999998
472 0.099839999999999998
473 0.099839999999999998
474 0.083199999999999996
475 0.11648
476 0.099839999999999998
477 0.099839999999999998
478 0.099839999999999998
479 0.099839999999999998
480 0.099839999999999998
481 0.0083199999999999993
482 0.19136
483 0.099839999999999998
484 0.099839999999999998
485 0.099839999999999998
486 0.099839999999999998
487 0.033279999999999997
488 0.16639999999999999
489 0.099839999999999998
490 0.099839999999999998
491 0.099839999999999998
492 0.099839999999999998
493 0.05824
494 0.14144000000000001
495 0.099839999999999998
496 0.099839999999999998
497 0.099839999999999998
498 0.099839999999999998
499 0.083199999999999996
500 0.11648
501 0.099839999999999998
502 0.099839999999999998
503 0.099839999999999998
504 0.10816000000000001
505 0.099839999999999998
506 0.0
507 0.19968
508 0.099839999999999998
509 0.099839999999999998
510 0.099839999999999998
511 0.099839999999999998
512 0.02496
513 0.17471999999999999
514 0.074880000000000002
515 0.083199999999999996
516 0.091520000000000004
517 0.099839999999999998
518 0.041599999999999998
519 0.14976
520 0.099839999999999998
521 0.099839999999999998
522 0.099839999999999998
523 0.091520000000000004
524 0.099839999999999998
525 0.033279999999999997
526 0.16639999999999999
527 0.099839999999999998
528 0.099839999999999998
529 0.099839999999999998
530 0.099839999999999998
531 0.05824
532 0.14144000000000001
533 0.099839999999999998
534 0.099839999999999998
535 0.099839999999999998
536 0.099839999999999998
537 0.083199999999999996
538 0.11648
539 0.099839999999999998
540 0.099839999999999998
541 0.099839999999999998
542 0.099839999999999998
543 0.099839999999999998
544 0.0083199999999999993
545 0.19136
546 0.099839999999999998
547 0.091520000000000004
548 0.099839999999999998
549 0.099839999999999998
550 0.041599999999999998
551 0.15808
552 0.099839999999999998
553 0.099839999999999998
554 0.099839999999999998
555 0.099839999999999998
556 0.066559999999999994
557 0.14144000000000001
558 0.099839999999999998
559 0.099839999999999998
560 0.099839999999999998
561 0.099839999999999998
562 0.083199999999999996
563 0.11648
564 0.099839999999999998
565 0.099839999999999998
566 0.099839999999999998
567 0.099839999999999998
568 0.099839999999999998
569 0.0083199999999999993
570 0.19136
571 0.099839999999999998
572 0.099839999999999998
573 0.099839999999999998
574 0.099839999999999998
575 0.033279999999999997
576 0.16639999999999999
577 0.099839999999999998
578 0.099839999999999998
579 0.099839999999999998
580 0.05824
581 0.13311999999999999
582 0.099839999999999998
583 0.099839999999999998
584 0.099839999999999998
585 0.099839999999999998
586 0.099839999999999998
587 0.0083199999999999993
588 0.19136
589 0.099839999999999998
590 0.099839999999999998
591 0.099839999999999998
592 0.099839999999999998
593 0.033279999999999997
594 0.16639999999999999
595 0.099839999999999998
596 0.099839999999999998
597 0.099839999999999998
598 0.099839999999999998
599 0.05824
600 0.14144000000000001
601 0.099839999999999998
602 0.099839999999999998
603 0.099839999999999998
604 0.099839999999999998
605 0.083199999999999996
606 0.11648
607 0.099839999999999998
608 0.10816000000000001
609 0.099839999999999998
610 0.099839999999999998
611 0.099839999999999998
612 0.0
613 0.19968
614 0.099839999999999998
615 0.099839999999999998
616 0.099839999999999998
617 0.099839999999999998
618 0.02496
619 0.17471999999999999
620 0.099839999999999998
621 0.099839999999999998
622 0.099839999999999998
623 0.099839999999999998
624 0.049919999999999999
625 0.14976
626 0.099839999999999998
627 0.099839999999999998
628 0.099839999999999998
629 0.099839999999999998
630 0.074880000000000002
631 0.12479999999999999
632 0.099839999999999998
633 0.099839999999999998
634 0.099839999999999998
635 0.099839999999999998
636 0.099839999999999998
637 0.0
638 0.19968
639 0.099839999999999998
640 0.091520000000000004
641 0.099839999999999998
642 0.099839999999999998
643 0.033279999999999997
644 0.16639999999999999
645 0.099839999999999998
646 0.099839999999999998
647 0.099839999999999998
648 0.099839999999999998
649 0.05824
650 0.14144000000000001
651 0.099839999999999998
652 0.099839999999999998
653 0.099839999999999998
654 0.099839999999999998
655 0.083199999999999996
656 0.11648
657 0.099839999999999998
658 0.099839999999999998
659 0.099839999999999998
660 0.10816000000000001
661 0.099839999999999998
662 0.0
663 0.19968
664 0.099839999999999998
665 0.099839999999999998
666 0.099839999999999998
667 0.099839999999999998
668 0.02496
669 0.17471999999999999
670 0.099839999999999998
671 0.099839999999999998
672 0.099839999999999998
673 0.099839999999999998
674 0.049919999999999999
675 0.14976
676 0.099839999999999998
677 0.099839999999999998
678 0.099839999999999998
679 0.099839999999999998
680 0.074880000000000002
681 0.12479999999999999
682 0.099839999999999998
683 0.099839999999999998
684 0.099839999999999998
685 0.099839999999999998
686 0.099839999999999998
687 0.0
688 0.19968
689 0.099839999999999998
690 0.099839999999999998
691 0.099839999999999998
692 0.099839999999999998
693 0.02496
694 0.17471999999999999
695 0.099839999999999998
696 0.099839999999999998
697 0.099839999999999998
698 0.099839999999999998
699 0.049919999999999999
700 0.14976
701 0.083199999999999996
702 0.074880000000000002
703 0.091520000000000004
704 0.099839999999999998
705 0.066559999999999994
706 0.05824
707 0.16639999999999999
708 0.099839999999999998
709 0.099839999999999998
710 0.091520000000000004
711 0.099839999999999998
712 0.05824
713 0.14976
714 0.099839999999999998
715 0.099839999999999998
716 0.099839999999999998
717 0.099839999999999998
718 0.074880000000000002
719 0.12479999999999999
720 0.099839999999999998
721 0.099839999999999998
722 0.099839999999999998
723 0.099839999999999998
724 0.099839999999999998
725 0.0
726 0.19968
727 0.099839999999999998
728 0.099839999999999998
729 0.099839999999999998
730 0.099839999999999998
731 0.02496
732 0.17471999999999999
733 0.099839999999999998
734 0.091520000000000004
735 0.099839999999999998
736 0.099839999999999998
737 0.05824
738 0.14144000000000001
739 0.099839999999999998
740 0.099839999999999998
741 0.099839999999999998
742 0.099839999999999998
743 0.083199999999999996
744 0.11648
745 0.099839999999999998
746 0.099839999999999998
747 0.099839999999999998
748 0.099839999999999998
749 0.099839999999999998
750 0.0083199999999999993
751 0.19136
752 0.099839999999999998
753 0.099839999999999998
754 0.099839999999999998
755 0.099839999999999998
756 0.033279999999999997
757 0.16639999999999999
758 0.099839999999999998
759 0.099839999999999998
760 0.099839999999999998
761 0.099839999999999998
762 0.05824
763 0.14144000000000001
764 0.10816000000000001
765 0.099839999999999998
766 0.099839999999999998
767 0.074880000000000002
768 0.11648
769 0.099839999999999998
770 0.099839999999999998
771 0.099839999999999998
772 0.099839999999999998
773 0.099839999999999998
774 0.02496
775 0.17471999999999999
776 0.099839999999999998
777 0.099839999999999998
778 0.099839999999999998
779 0.099839999999999998
780 0.049919999999999999
781 0.14976
782 0.099839999999999998
783 0.099839999999999998
784 0.099839999999999998
785 0.099839999999999998
786 0.074880000000000002
787 0.12479999999999999
788 0.099839999999999998
789 0.099839999999999998
790 0.099839999999999998
791 0.099839999999999998
792 0.099839999999999998
793 0.0
794 0.19968
795 0.099839999999999998
796 0.099839999999999998
797 0.099839999999999998
798 0.099839999999999998
799 0.02496
800 0.17471999999999999
801 0.099839999999999998
802 0.099839999999999998
803 0.099839999999999998
804 0.099839999999999998
805 0.049919999999999999
806 0.14976
807 0.099839999999999998
808 0.099839999999999998
809 0.099839999999999998
810 0.099839999999999998
811 0.074880000000000002
812 0.12479999999999999
813 0.099839999999999998
814 0.099839999999999998
815 0.099839999999999998
816 0.10816000000000001
817 0.091520000000000004
818 0.0
819 0.20799999999999999
820 0.099839999999999998
821 0.099839999999999998
822 0.099839999999999998
823 0.099839999999999998
824 0.016639999999999999
825 0.18304000000000001
826 0.099839999999999998
827 0.091520000000000004
828 0.099839999999999998
829 0.099839999999999998
830 0.049919999999999999
831 0.14976
832 0.099839999999999998
833 0.099839999999999998
834 0.099839999999999998
835 0.099839999999999998
836 0.074880000000000002
837 0.12479999999999999
838 0.099839999999999998
839 0.099839999999999998
840 0.099839999999999998
841 0.099839999999999998
842 0.099839999999999998
843 0.0
844 0.19968
845 0.099839999999999998
846 0.099839999999999998
847 0.099839999999999998
848 0.099839999999999998
849 0.02496
850 0.17471999999999999
851 0.099839999999999998
852 0.099839999999999998
853 0.099839999999999998
854 0.099839999999999998
855 0.049919999999999999
856 0.14976
857 0.099839999999999998
858 0.099839999999999998
859 0.099839999999999998
860 0.099839999999999998
861 0.074880000000000002
862 0.12479999999999999
863 0.099839999999999998
864 0.099839999999999998
865 0.099839999999999998
866 0.099839999999999998
867 0.099839999999999998
868 0.0
869 0.20799999999999999
870 0.099839999999999998
871 0.099839999999999998
872 0.099839999999999998
873 0.099839999999999998
874 0.016639999999999999
875 0.18304000000000001
876 0.099839999999999998
877 0.099839999999999998
878 0.099839999999999998
879 0.099839999999999998
880 0.041599999999999998
881 0.15808
882 0.099839999999999998
883 0.099839999999999998
884 0.099839999999999998
885 0.099839999999999998
886 0.066559999999999994
887 0.13311999999999999
888 0.091520000000000004
889 0.074880000000000002
890 0.083199999999999996
891 0.099839999999999998
892 0.083199999999999996
893 0.05824
894 0.14976
895 0.099839999999999998
896 0.099839999999999998
897 0.091520000000000004
898 0.099839999999999998
899 0.074880000000000002
900 0.12479999999999999
901 0.099839999999999998
902 0.099839999999999998
903 0.099839999999999998
904 0.099839999999999998
905 0.099839999999999998
906 0.0
907 0.19968
908 0.099839999999999998
909 0.099839999999999998
910 0.099839999999999998
911 0.099839999999999998
912 0.02496
913 0.17471999999999999
914 0.099839999999999998
915 0.099839999999999998
916 0.099839999999999998
917 0.099839999999999998
918 0.049919999999999999
919 0.14976
920 0.10816000000000001
921 0.091520000000000004
922 0.099839999999999998
923 0.099839999999999998
924 0.074880000000000002
925 0.12479999999999999
926 0.099839999999999998
927 0.099839999999999998
928 0.099839999999999998
929 0.099839999999999998
930 0.099839999999999998
931 0.0
932 0.19968
933 0.099839999999999998
934 0.099839999999999998
935 0.099839999999999998
936 0.099839999999999998
937 0.02496
938 0.17471999999999999
939 0.099839999999999998
940 0.099839999999999998
941 0.099839999999999998
942 0.099839999999999998
943 0.049919999999999999
944 0.14976
945 0.099839999999999998
946 0.099839999999999998
947 0.099839999999999998
948 0.099839999999999998
949 0.074880000000000002
950 0.12479999999999999
951 0.099839999999999998
952 0.099839999999999998
953 0.099839999999999998
954 0.091520000000000004
955 0.0083199999999999993
956 0.19136
957 0.099839999999999998
958 0.099839999999999998
959 0.099839999999999998
960 0.099839999999999998
961 0.049919999999999999
962 0.14976
963 0.099839999999999998
964 0.099839999999999998
965 0.099839999999999998
966 0.099839999999999998
967 0.074880000000000002
968 0.12479999999999999
969 0.099839999999999998
970 0.099839999999999998
971 0.099839999999999998
972 0.10816000000000001
973 0.091520000000000004
974 0.0
975 0.20799999999999999
976 0.099839999999999998
977 0.099839999999999998
978 0.099839999999999998
979 0.099839999999999998
980 0.016639999999999999
981 0.18304000000000001
982 0.099839999999999998
983 0.099839999999999998
984 0.099839999999999998
985 0.099839999999999998
986 0.041599999999999998
987 0.15808
988 0.099839999999999998
989 0.099839999999999998
990 0.099839999999999998
991 0.099839999999999998
992 0.066559999999999994
993 0.13311999999999999
994 0.099839999999999998
995 0.099839999999999998
996 0.099839999999999998
997 0.099839999999999998
998 0.091520000000000004
999 0.0
