0 0.0
1 0.02528
2 0.016639999999999999
3 0.033279999999999997
4 0.02496
5 0.033279999999999997
6 0.016639999999999999
7 0.0
8 0.066559999999999994
9 0.049919999999999999
10 0.041599999999999998
11 0.0
12 0.083199999999999996
13 0.033279999999999997
14 0.049919999999999999
15 0.041599999999999998
16 0.066559999999999994
17 0.05824
18 0.041599999999999998
19 0.033279999999999997
20 0.074880000000000002
21 0.033279999999999997
22 0.041599999999999998
23 0.0
24 0.074880000000000002
25 0.049919999999999999
26 0.041599999999999998
27 0.041599999999999998
28 0.066559999999999994
29 0.05824
30 0.041599999999999998
31 0.033279999999999997
32 0.074880000000000002
33 0.041599999999999998
34 0.05824
35 0.02496
36 0.074880000000000002
37 0.041599999999999998
38 0.041599999999999998
39 0.041599999999999998
40 0.066559999999999994
41 0.05824
42 0.041599999999999998
43 0.033279999999999997
44 0.074880000000000002
45 0.049919999999999999
46 0.049919999999999999
47 0.02496
48 0.074880000000000002
49 0.041599999999999998
50 0.041599999999999998
51 0.041599999999999998
52 0.066559999999999994
53 0.05824
54 0.041599999999999998
55 0.033279999999999997
56 0.074880000000000002
57 0.049919999999999999
58 0.049919999999999999
59 0.02496
60 0.074880000000000002
61 0.041599999999999998
62 0.041599999999999998
63 0.041599999999999998
64 0.066559999999999994
65 0.05824
66 0.041599999999999998
67 0.033279999999999997
68 0.074880000000000002
69 0.049919999999999999
70 0.049919999999999999
71 0.02496
72 0.074880000000000002
73 0.041599999999999998
74 0.041599999999999998
75 0.041599999999999998
76 0.066559999999999994
77 0.05824
78 0.041599999999999998
79 0.033279999999999997
80 0.074880000000000002
81 0.049919999999999999
82 0.049919999999999999
83 0.02496
84 0.074880000000000002
85 0.041599999999999998
86 0.041599999999999998
87 0.041599999999999998
88 0.074880000000000002
89 0.049919999999999999
90 0.041599999999999998
91 0.033279999999999997
92 0.074880000000000002
93 0.05824
94 0.041599999999999998
95 0.02496
96 0.083199999999999996
97 0.033279999999999997
98 0.049919999999999999
99 0.033279999999999997
100 0.074880000000000002
101 0.049919999999999999
102 0.041599999999999998
103 0.033279999999999997
104 0.074880000000000002
105 0.05824
106 0.041599999999999998
107 0.02496
108 0.083199999999999996
109 0.033279999999999997
110 0.049919999999999999
111 0.033279999999999997
112 0.074880000000000002
113 0.049919999999999999
114 0.041599999999999998
115 0.033279999999999997
116 0.074880000000000002
117 0.05824
118 0.041599999999999998
119 0.02496
120 0.083199999999999996
121 0.033279999999999997
122 0.049919999999999999
123 0.033279999999999997
124 0.074880000000000002
125 0.049919999999999999
126 0.041599999999999998
127 0.033279999999999997
128 0.074880000000000002
129 0.05824
130 0.041599999999999998
131 0.02496
132 0.083199999999999996
133 0.033279999999999997
134 0.049919999999999999
135 0.033279999999999997
136 0.074880000000000002
137 0.049919999999999999
138 0.041599999999999998
139 0.033279999999999997
140 0.074880000000000002
141 0.05824
142 0.041599999999999998
143 0.02496
144 0.083199999999999996
145 0.033279999999999997
146 0.05824
147 0.02496
148 0.083199999999999996
149 0.041599999999999998
150 0.041599999999999998
151 0.033279999999999997
152 0.074880000000000002
153 0.05824
154 0.041599999999999998
155 0.02496
156 0.083199999999999996
157 0.033279999999999997
158 0.05824
159 0.02496
160 0.083199999999999996
161 0.041599999999999998
162 0.041599999999999998
163 0.033279999999999997
164 0.074880000000000002
165 0.05824
166 0.041599999999999998
167 0.02496
168 0.083199999999999996
169 0.033279999999999997
170 0.05824
171 0.02496
172 0.083199999999999996
173 0.041599999999999998
174 0.041599999999999998
175 0.033279999999999997
176 0.074880000000000002
177 0.05824
178 0.041599999999999998
179 0.02496
180 0.083199999999999996
181 0.033279999999999997
182 0.05824
183 0.02496
184 0.083199999999999996
185 0.041599999999999998
186 0.041599999999999998
187 0.033279999999999997
188 0.074880000000000002
189 0.05824
190 0.041599999999999998
191 0.02496
192 0.083199999999999996
193 0.041599999999999998
194 0.05824
195 0.016639999999999999
196 0.091520000000000004
197 0.033279999999999997
198 0.049919999999999999
199 0.02496
200 0.083199999999999996
201 0.049919999999999999
202 0.041599999999999998
203 0.02496
204 0.083199999999999996
205 0.041599999999999998
206 0.05824
207 0.016639999999999999
208 0.091520000000000004
209 0.033279999999999997
210 0.049919999999999999
211 0.02496
212 0.083199999999999996
213 0.049919999999999999
214 0.041599999999999998
215 0.02496
216 0.083199999999999996
217 0.041599999999999998
218 0.05824
219 0.016639999999999999
220 0.091520000000000004
221 0.033279999999999997
222 0.049919999999999999
223 0.02496
224 0.083199999999999996
225 0.049919999999999999
226 0.041599999999999998
227 0.02496
228 0.083199999999999996
229 0.041599999999999998
230 0.05824
231 0.016639999999999999
232 0.091520000000000004
233 0.033279999999999997
234 0.049919999999999999
235 0.02496
236 0.083199999999999996
237 0.049919999999999999
238 0.041599999999999998
239 0.02496
240 0.083199999999999996
241 0.041599999999999998
242 0.05824
243 0.016639999999999999
244 0.091520000000000004
245 0.033279999999999997
246 0.05824
247 0.016639999999999999
248 0.091520000000000004
249 0.041599999999999998
250 0.041599999999999998
251 0.02496
252 0.083199999999999996
253 0.049919999999999999
254 0.05824
255 0.0083199999999999993
256 0.091520000000000004
257 0.033279999999999997
258 0.05824
259 0.016639999999999999
260 0.091520000000000004
261 0.041599999999999998
262 0.041599999999999998
263 0.02496
264 0.083199999999999996
265 0.049919999999999999
266 0.05824
267 0.0083199999999999993
268 0.091520000000000004
269 0.033279999999999997
270 0.05824
271 0.016639999999999999
272 0.091520000000000004
273 0.041599999999999998
274 0.041599999999999998
275 0.02496
276 0.083199999999999996
277 0.049919999999999999
278 0.05824
279 0.0083199999999999993
280 0.091520000000000004
281 0.033279999999999997
282 0.05824
283 0.016639999999999999
284 0.091520000000000004
285 0.041599999999999998
286 0.041599999999999998
287 0.02496
288 0.083199999999999996
289 0.049919999999999999
290 0.05824
291 0.0083199999999999993
292 0.091520000000000004
293 0.033279999999999997
294 0.05824
295 0.016639999999999999
296 0.099839999999999998
297 0.033279999999999997
298 0.049919999999999999
299 0.016639999999999999
300 0.083199999999999996
301 0.05824
302 0.05824
303 0.0
304 0.091520000000000004
305 0.041599999999999998
306 0.05824
307 0.0083199999999999993
308 0.099839999999999998
309 0.033279999999999997
310 0.049919999999999999
311 0.016639999999999999
312 0.083199999999999996
313 0.05824
314 0.05824
315 0.0
316 0.091520000000000004
317 0.041599999999999998
318 0.05824
319 0.0083199999999999993
320 0.099839999999999998
321 0.033279999999999997
322 0.049919999999999999
323 0.016639999999999999
324 0.083199999999999996
325 0.05824
326 0.05824
327 0.0
328 0.091520000000000004
329 0.041599999999999998
330 0.05824
331 0.0083199999999999993
332 0.099839999999999998
333 0.033279999999999997
334 0.049919999999999999
335 0.016639999999999999
336 0.083199999999999996
337 0.05824
338 0.05824
339 0.0
340 0.091520000000000004
341 0.041599999999999998
342 0.05824
343 0.0083199999999999993
344 0.099839999999999998
345 0.033279999999999997
346 0.049919999999999999
347 0.016639999999999999
348 0.091520000000000004
349 0.05824
350 0.049919999999999999
351 0.0
352 0.091520000000000004
353 0.049919999999999999
354 0.05824
355 0.0
356 0.099839999999999998
357 0.033279999999999997
358 0.05824
359 0.0083199999999999993
360 0.091520000000000004
361 0.05824
362 0.049919999999999999
363 0.0
364 0.091520000000000004
365 0.049919999999999999
366 0.05824
367 0.0
368 0.099839999999999998
369 0.033279999999999997
370 0.05824
371 0.0083199999999999993
372 0.091520000000000004
373 0.05824
374 0.049919999999999999
375 0.0
376 0.091520000000000004
377 0.049919999999999999
378 0.05824
379 0.0
380 0.099839999999999998
381 0.033279999999999997
382 0.05824
383 0.0083199999999999993
384 0.091520000000000004
385 0.05824
386 0.049919999999999999
387 0.0
388 0.091520000000000004
389 0.049919999999999999
390 0.05824
391 0.0
392 0.099839999999999998
393 0.033279999999999997
394 0.05824
395 0.0083199999999999993
396 0.091520000000000004
397 0.05824
398 0.049919999999999999
399 0.0
400 0.091520000000000004
401 0.05824
402 0.049919999999999999
403 0.0
404 0.099839999999999998
405 0.041599999999999998
406 0.05824
407 0.0
408 0.099839999999999998
409 0.05824
410 0.041599999999999998
411 0.0
412 0.091520000000000004
413 0.05824
414 0.049919999999999999
415 0.0
416 0.099839999999999998
417 0.041599999999999998
418 0.05824
419 0.0
420 0.099839999999999998
421 0.05824
422 0.041599999999999998
423 0.0
424 0.091520000000000004
425 0.05824
426 0.049919999999999999
427 0.0
428 0.099839999999999998
429 0.041599999999999998
430 0.05824
431 0.0
432 0.099839999999999998
433 0.05824
434 0.041599999999999998
435 0.0
436 0.091520000000000004
437 0.05824
438 0.049919999999999999
439 0.0
440 0.099839999999999998
441 0.041599999999999998
442 0.05824
443 0.0
444 0.099839999999999998
445 0.05824
446 0.041599999999999998
447 0.0
448 0.091520000000000004
449 0.05824
450 0.049919999999999999
451 0.0
452 0.099839999999999998
453 0.049919999999999999
454 0.049919999999999999
455 0.0
456 0.10816000000000001
457 0.049919999999999999
458 0.041599999999999998
459 0.0
460 0.099839999999999998
461 0.05824
462 0.041599999999999998
463 0.0
464 0.099839999999999998
465 0.049919999999999999
466 0.049919999999999999
467 0.0
468 0.10816000000000001
469 0.049919999999999999
470 0.041599999999999998
471 0.0
472 0.099839999999999998
473 0.05824
474 0.041599999999999998
475 0.0
476 0.099839999999999998
477 0.049919999999999999
478 0.049919999999999999
479 0.0
480 0.10816000000000001
481 0.049919999999999999
482 0.041599999999999998
483 0.0
484 0.099839999999999998
485 0.05824
486 0.041599999999999998
487 0.0
488 0.099839999999999998
489 0.049919999999999999
490 0.049919999999999999
491 0.0
492 0.10816000000000001
493 0.049919999999999999
494 0.041599999999999998
495 0.0
496 0.099839999999999998
497 0.05824
498 0.041599999999999998
499 0.0
500 0.099839999999999998
501 0.049919999999999999
502 0.049919999999999999
503 0.0
504 0.11648
505 0.041599999999999998
506 0.041599999999999998
507 0.066559999999999994
508 0.041599999999999998
509 0.05824
510 0.033279999999999997
511 0.0
512 0.099839999999999998
513 0.05824
514 0.041599999999999998
515 0.0
516 0.11648
517 0.041599999999999998
518 0.041599999999999998
519 0.066559999999999994
520 0.041599999999999998
521 0.05824
522 0.033279999999999997
523 0.0
524 0.099839999999999998
525 0.05824
526 0.041599999999999998
527 0.0
528 0.11648
529 0.041599999999999998
530 0.041599999999999998
531 0.066559999999999994
532 0.041599999999999998
533 0.05824
534 0.033279999999999997
535 0.0
536 0.099839999999999998
537 0.05824
538 0.041599999999999998
539 0.0
540 0.11648
541 0.041599999999999998
542 0.041599999999999998
543 0.066559999999999994
544 0.041599999999999998
545 0.05824
546 0.033279999999999997
547 0.0
548 0.099839999999999998
549 0.05824
550 0.041599999999999998
551 0.0
552 0.11648
553 0.041599999999999998
554 0.041599999999999998
555 0.066559999999999994
556 0.049919999999999999
557 0.049919999999999999
558 0.033279999999999997
559 0.066559999999999994
560 0.041599999999999998
561 0.05824
562 0.033279999999999997
563 0.0
564 0.11648
565 0.041599999999999998
566 0.041599999999999998
567 0.066559999999999994
568 0.049919999999999999
569 0.049919999999999999
570 0.033279999999999997
571 0.066559999999999994
572 0.041599999999999998
573 0.05824
574 0.033279999999999997
575 0.0
576 0.11648
577 0.041599999999999998
578 0.041599999999999998
579 0.066559999999999994
580 0.049919999999999999
581 0.049919999999999999
582 0.033279999999999997
583 0.066559999999999994
584 0.041599999999999998
585 0.05824
586 0.033279999999999997
587 0.0
588 0.11648
589 0.041599999999999998
590 0.041599999999999998
591 0.066559999999999994
592 0.049919999999999999
593 0.049919999999999999
594 0.033279999999999997
595 0.066559999999999994
596 0.041599999999999998
597 0.05824
598 0.033279999999999997
599 0.0
600 0.11648
601 0.041599999999999998
602 0.041599999999999998
603 0.066559999999999994
604 0.049919999999999999
605 0.049919999999999999
606 0.033279999999999997
607 0.074880000000000002
608 0.041599999999999998
609 0.05824
610 0.02496
611 0.066559999999999994
612 0.049919999999999999
613 0.041599999999999998
614 0.041599999999999998
615 0.066559999999999994
616 0.05824
617 0.041599999999999998
618 0.033279999999999997
619 0.074880000000000002
620 0.041599999999999998
621 0.05824
622 0.02496
623 0.066559999999999994
624 0.049919999999999999
625 0.041599999999999998
626 0.041599999999999998
627 0.066559999999999994
628 0.05824
629 0.041599999999999998
630 0.033279999999999997
631 0.074880000000000002
632 0.041599999999999998
633 0.05824
634 0.02496
635 0.066559999999999994
636 0.049919999999999999
637 0.041599999999999998
638 0.041599999999999998
639 0.066559999999999994
640 0.05824
641 0.041599999999999998
642 0.033279999999999997
643 0.074880000000000002
644 0.041599999999999998
645 0.05824
646 0.02496
647 0.066559999999999994
648 0.049919999999999999
649 0.041599999999999998
650 0.041599999999999998
651 0.066559999999999994
652 0.05824
653 0.041599999999999998
654 0.033279999999999997
655 0.074880000000000002
656 0.041599999999999998
657 0.05824
658 0.02496
659 0.074880000000000002
660 0.041599999999999998
661 0.041599999999999998
662 0.041599999999999998
663 0.066559999999999994
664 0.05824
665 0.041599999999999998
666 0.033279999999999997
667 0.074880000000000002
668 0.049919999999999999
669 0.049919999999999999
670 0.02496
671 0.074880000000000002
672 0.041599999999999998
673 0.041599999999999998
674 0.041599999999999998
675 0.066559999999999994
676 0.05824
677 0.041599999999999998
678 0.033279999999999997
679 0.074880000000000002
680 0.049919999999999999
681 0.049919999999999999
682 0.02496
683 0.074880000000000002
684 0.041599999999999998
685 0.041599999999999998
686 0.041599999999999998
687 0.066559999999999994
688 0.05824
689 0.041599999999999998
690 0.033279999999999997
691 0.074880000000000002
692 0.049919999999999999
693 0.049919999999999999
694 0.02496
695 0.074880000000000002
696 0.041599999999999998
697 0.041599999999999998
698 0.041599999999999998
699 0.066559999999999994
700 0.05824
701 0.041599999999999998
702 0.033279999999999997
703 0.074880000000000002
704 0.049919999999999999
705 0.049919999999999999
706 0.02496
707 0.074880000000000002
708 0.041599999999999998
709 0.041599999999999998
710 0.041599999999999998
711 0.074880000000000002
712 0.049919999999999999
713 0.041599999999999998
714 0.033279999999999997
715 0.074880000000000002
716 0.05824
717 0.041599999999999998
718 0.02496
719 0.083199999999999996
720 0.033279999999999997
721 0.049919999999999999
722 0.033279999999999997
723 0.074880000000000002
724 0.049919999999999999
725 0.041599999999999998
726 0.033279999999999997
727 0.074880000000000002
728 0.05824
729 0.041599999999999998
730 0.02496
731 0.083199999999999996
732 0.033279999999999997
733 0.049919999999999999
734 0.033279999999999997
735 0.074880000000000002
736 0.049919999999999999
737 0.041599999999999998
738 0.033279999999999997
739 0.074880000000000002
740 0.05824
741 0.041599999999999998
742 0.02496
743 0.083199999999999996
744 0.033279999999999997
745 0.049919999999999999
746 0.033279999999999997
747 0.074880000000000002
748 0.049919999999999999
749 0.041599999999999998
750 0.033279999999999997
751 0.074880000000000002
752 0.05824
753 0.041599999999999998
754 0.02496
755 0.083199999999999996
756 0.033279999999999997
757 0.049919999999999999
758 0.033279999999999997
759 0.074880000000000002
760 0.049919999999999999
761 0.041599999999999998
762 0.033279999999999997
763 0.074880000000000002
764 0.05824
765 0.041599999999999998
766 0.02496
767 0.083199999999999996
768 0.033279999999999997
769 0.05824
770 0.02496
771 0.083199999999999996
772 0.041599999999999998
773 0.041599999999999998
774 0.033279999999999997
775 0.074880000000000002
776 0.05824
777 0.041599999999999998
778 0.02496
779 0.083199999999999996
780 0.033279999999999997
781 0.05824
782 0.02496
783 0.083199999999999996
784 0.041599999999999998
785 0.041599999999999998
786 0.033279999999999997
787 0.074880000000000002
788 0.05824
789 0.041599999999999998
790 0.02496
791 0.083199999999999996
792 0.033279999999999997
793 0.05824
794 0.02496
795 0.083199999999999996
796 0.041599999999999998
797 0.041599999999999998
798 0.033279999999999997
799 0.074880000000000002
800 0.05824
801 0.041599999999999998
802 0.02496
803 0.083199999999999996
804 0.033279999999999997
805 0.05824
806 0.02496
807 0.083199999999999996
808 0.041599999999999998
809 0.041599999999999998
810 0.033279999999999997
811 0.074880000000000002
812 0.05824
813 0.041599999999999998
814 0.02496
815 0.083199999999999996
816 0.041599999999999998
817 0.05824
818 0.016639999999999999
819 0.091520000000000004
820 0.033279999999999997
821 0.049919999999999999
822 0.02496
823 0.083199999999999996
824 0.049919999999999999
825 0.041599999999999998
826 0.02496
827 0.083199999999999996
828 0.041599999999999998
829 0.05824
830 0.016639999999999999
831 0.091520000000000004
832 0.033279999999999997
833 0.049919999999999999
834 0.02496
835 0.083199999999999996
836 0.049919999999999999
837 0.041599999999999998
838 0.02496
839 0.083199999999999996
840 0.041599999999999998
841 0.05824
842 0.016639999999999999
843 0.091520000000000004
844 0.033279999999999997
845 0.049919999999999999
846 0.02496
847 0.083199999999999996
848 0.049919999999999999
849 0.041599999999999998
850 0.02496
851 0.083199999999999996
852 0.041599999999999998
853 0.05824
854 0.016639999999999999
855 0.091520000000000004
856 0.033279999999999997
857 0.049919999999999999
858 0.02496
859 0.083199999999999996
860 0.049919999999999999
861 0.041599999999999998
862 0.02496
863 0.083199999999999996
864 0.041599999999999998
865 0.05824
866 0.016639999999999999
867 0.091520000000000004
868 0.033279999999999997
869 0.05824
870 0.016639999999999999
871 0.091520000000000004
872 0.041599999999999998
873 0.041599999999999998
874 0.02496
875 0.083199999999999996
876 0.049919999999999999
877 0.05824
878 0.0083199999999999993
879 0.091520000000000004
880 0.033279999999999997
881 0.05824
882 0.016639999999999999
883 0.091520000000000004
884 0.041599999999999998
885 0.041599999999999998
886 0.02496
887 0.083199999999999996
888 0.049919999999999999
889 0.05824
890 0.0083199999999999993
891 0.091520000000000004
892 0.033279999999999997
893 0.05824
894 0.016639999999999999
895 0.091520000000000004
896 0.041599999999999998
897 0.041599999999999998
898 0.02496
899 0.083199999999999996
900 0.049919999999999999
901 0.05824
902 0.0083199999999999993
903 0.091520000000000004
904 0.033279999999999997
905 0.05824
906 0.016639999999999999
907 0.091520000000000004
908 0.041599999999999998
909 0.041599999999999998
910 0.02496
911 0.083199999999999996
912 0.049919999999999999
913 0.05824
914 0.0083199999999999993
915 0.091520000000000004
916 0.033279999999999997
917 0.05824
918 0.016639999999999999
919 0.099839999999999998
920 0.033279999999999997
921 0.049919999999999999
922 0.016639999999999999
923 0.083199999999999996
924 0.05824
925 0.05824
926 0.0
927 0.091520000000000004
928 0.041599999999999998
929 0.05824
930 0.0083199999999999993
931 0.099839999999999998
932 0.033279999999999997
933 0.049919999999999999
934 0.016639999999999999
935 0.083199999999999996
936 0.05824
937 0.05824
938 0.0
939 0.091520000000000004
940 0.041599999999999998
941 0.05824
942 0.0083199999999999993
943 0.099839999999999998
944 0.033279999999999997
945 0.049919999999999999
946 0.016639999999999999
947 0.083199999999999996
948 0.05824
949 0.05824
950 0.0
951 0.091520000000000004
952 0.041599999999999998
953 0.05824
954 0.0083199999999999993
955 0.099839999999999998
956 0.033279999999999997
957 0.049919999999999999
958 0.016639999999999999
959 0.083199999999999996
960 0.05824
961 0.05824
962 0.0
963 0.091520000000000004
964 0.041599999999999998
965 0.05824
966 0.0083199999999999993
967 0.099839999999999998
968 0.033279999999999997
969 0.049919999999999999
970 0.016639999999999999
971 0.091520000000000004
972 0.05824
973 0.049919999999999999
974 0.0
975 0.091520000000000004
976 0.049919999999999999
977 0.05824
978 0.0
979 0.099839999999999998
980 0.033279999999999997
981 0.05824
982 0.0083199999999999993
983 0.091520000000000004
984 0.05824
985 0.049919999999999999
986 0.0
987 0.091520000000000004
988 0.049919999999999999
989 0.05824
990 0.0
991 0.099839999999999998
992 0.033279999999999997
993 0.05824
994 0.0083199999999999993
995 0.091520000000000004
996 0.05824
997 0.049919999999999999
998 0.0
999 0.091520000000000004
