0 0.0
1 0.033599999999999998
2 0.041599999999999998
3 0.033279999999999997
4 0.13311999999999999
5 0.066559999999999994
6 0.066559999999999994
7 0.083199999999999996
8 0.091520000000000004
9 0.099839999999999998
10 0.099839999999999998
11 0.016639999999999999
12 0.18304000000000001
13 0.099839999999999998
14 0.091520000000000004
15 0.091520000000000004
16 0.099839999999999998
17 0.05824
18 0.14144000000000001
19 0.099839999999999998
20 0.099839999999999998
21 0.099839999999999998
22 0.099839999999999998
23 0.083199999999999996
24 0.11648
25 0.099839999999999998
26 0.099839999999999998
27 0.099839999999999998
28 0.099839999999999998
29 0.099839999999999998
30 0.0083199999999999993
31 0.19136
32 0.099839999999999998
33 0.099839999999999998
34 0.099839999999999998
35 0.099839999999999998
36 0.033279999999999997
37 0.17471999999999999
38 0.099839999999999998
39 0.099839999999999998
40 0.099839999999999998
41 0.099839999999999998
42 0.049919999999999999
43 0.14976
44 0.099839999999999998
45 0.099839999999999998
46 0.099839999999999998
47 0.099839999999999998
48 0.074880000000000002
49 0.12479999999999999
50 0.099839999999999998
51 0.099839999999999998
52 0.099839999999999998
53 0.099839999999999998
54 0.099839999999999998
55 0.0
56 0.19968
57 0.099839999999999998
58 0.099839999999999998
59 0.099839999999999998
60 0.099839999999999998
61 0.02496
62 0.17471999999999999
63 0.099839999999999998
64 0.091520000000000004
65 0.091520000000000004
66 0.099839999999999998
67 0.066559999999999994
68 0.13311999999999999
69 0.099839999999999998
70 0.099839999999999998
71 0.099839999999999998
72 0.099839999999999998
73 0.091520000000000004
74 0.0
75 0.20799999999999999
76 0.099839999999999998
77 0.099839999999999998
78 0.099839999999999998
79 0.099839999999999998
80 0.016639999999999999
81 0.18304000000000001
82 0.099839999999999998
83 0.091520000000000004
84 0.099839999999999998
85 0.099839999999999998
86 0.049919999999999999
87 0.14976
88 0.10816000000000001
89 0.099839999999999998
90 0.099839999999999998
91 0.099839999999999998
92 0.066559999999999994
93 0.13311999999999999
94 0.099839999999999998
95 0.099839999999999998
96 0.099839999999999998
97 0.099839999999999998
98 0.091520000000000004
99 0.0
100 0.20799999999999999
101 0.099839999999999998
102 0.099839999999999998
103 0.099839999999999998
104 0.099839999999999998
105 0.016639999999999999
106 0.18304000000000001
107 0.099839999999999998
108 0.099839999999999998
109 0.099839999999999998
110 0.099839999999999998
111 0.041599999999999998
112 0.15808
113 0.099839999999999998
114 0.099839999999999998
115 0.099839999999999998
116 0.099839999999999998
117 0.066559999999999994
118 0.13311999999999999
119 0.099839999999999998
120 0.099839999999999998
121 0.099839999999999998
122 0.099839999999999998
123 0.091520000000000004
124 0.0
125 0.20799999999999999
126 0.099839999999999998
127 0.099839999999999998
128 0.099839999999999998
129 0.099839999999999998
130 0.016639999999999999
131 0.18304000000000001
132 0.099839999999999998
133 0.099839999999999998
134 0.099839999999999998
135 0.099839999999999998
136 0.041599999999999998
137 0.15808
138 0.099839999999999998
139 0.099839999999999998
140 0.10816000000000001
141 0.099839999999999998
142 0.05824
143 0.14144000000000001
144 0.091520000000000004
145 0.083199999999999996
146 0.091520000000000004
147 0.099839999999999998
148 0.099839999999999998
149 0.016639999999999999
150 0.18304000000000001
151 0.099839999999999998
152 0.099839999999999998
153 0.091520000000000004
154 0.049919999999999999
155 0.14976
156 0.099839999999999998
157 0.099839999999999998
158 0.099839999999999998
159 0.099839999999999998
160 0.091520000000000004
161 0.0
162 0.20799999999999999
163 0.099839999999999998
164 0.091520000000000004
165 0.099839999999999998
166 0.099839999999999998
167 0.02496
168 0.17471999999999999
169 0.099839999999999998
170 0.099839999999999998
171 0.099839999999999998
172 0.099839999999999998
173 0.049919999999999999
174 0.14976
175 0.099839999999999998
176 0.099839999999999998
177 0.099839999999999998
178 0.099839999999999998
179 0.074880000000000002
180 0.12479999999999999
181 0.099839999999999998
182 0.099839999999999998
183 0.099839999999999998
184 0.099839999999999998
185 0.099839999999999998
186 0.0
187 0.19968
188 0.099839999999999998
189 0.099839999999999998
190 0.099839999999999998
191 0.099839999999999998
192 0.02496
193 0.18304000000000001
194 0.099839999999999998
195 0.099839999999999998
196 0.099839999999999998
197 0.099839999999999998
198 0.041599999999999998
199 0.15808
200 0.099839999999999998
201 0.099839999999999998
202 0.099839999999999998
203 0.099839999999999998
204 0.066559999999999994
205 0.13311999999999999
206 0.099839999999999998
207 0.099839999999999998
208 0.099839999999999998
209 0.099839999999999998
210 0.091520000000000004
211 0.0
212 0.20799999999999999
213 0.099839999999999998
214 0.099839999999999998
215 0.099839999999999998
216 0.099839999999999998
217 0.016639999999999999
218 0.18304000000000001
219 0.099839999999999998
220 0.099839999999999998
221 0.099839999999999998
222 0.099839999999999998
223 0.041599999999999998
224 0.14976
225 0.083199999999999996
226 0.083199999999999996
227 0.083199999999999996
228 0.091520000000000004
229 0.099839999999999998
230 0.033279999999999997
231 0.16639999999999999
232 0.099839999999999998
233 0.091520000000000004
234 0.091520000000000004
235 0.099839999999999998
236 0.074880000000000002
237 0.12479999999999999
238 0.099839999999999998
239 0.099839999999999998
240 0.099839999999999998
241 0.099839999999999998
242 0.099839999999999998
243 0.0
244 0.20799999999999999
245 0.099839999999999998
246 0.099839999999999998
247 0.099839999999999998
248 0.099839999999999998
249 0.016639999999999999
250 0.18304000000000001
251 0.099839999999999998
252 0.099839999999999998
253 0.099839999999999998
254 0.099839999999999998
255 0.041599999999999998
256 0.15808
257 0.083199999999999996
258 0.074880000000000002
259 0.091520000000000004
260 0.099839999999999998
261 0.099839999999999998
262 0.016639999999999999
263 0.18304000000000001
264 0.099839999999999998
265 0.091520000000000004
266 0.091520000000000004
267 0.099839999999999998
268 0.05824
269 0.14144000000000001
270 0.099839999999999998
271 0.099839999999999998
272 0.099839999999999998
273 0.099839999999999998
274 0.083199999999999996
275 0.02496
276 0.18304000000000001
277 0.099839999999999998
278 0.099839999999999998
279 0.099839999999999998
280 0.099839999999999998
281 0.049919999999999999
282 0.14976
283 0.099839999999999998
284 0.099839999999999998
285 0.099839999999999998
286 0.099839999999999998
287 0.074880000000000002
288 0.12479999999999999
289 0.099839999999999998
290 0.099839999999999998
291 0.091520000000000004
292 0.099839999999999998
293 0.099839999999999998
294 0.0083199999999999993
295 0.19136
296 0.10816000000000001
297 0.099839999999999998
298 0.099839999999999998
299 0.099839999999999998
300 0.02496
301 0.17471999999999999
302 0.099839999999999998
303 0.099839999999999998
304 0.099839999999999998
305 0.099839999999999998
306 0.049919999999999999
307 0.14976
308 0.099839999999999998
309 0.099839999999999998
310 0.099839999999999998
311 0.099839999999999998
312 0.074880000000000002
313 0.12479999999999999
314 0.099839999999999998
315 0.099839999999999998
316 0.099839999999999998
317 0.099839999999999998
318 0.099839999999999998
319 0.0
320 0.19968
321 0.099839999999999998
322 0.099839999999999998
323 0.091520000000000004
324 0.033279999999999997
325 0.16639999999999999
326 0.099839999999999998
327 0.099839999999999998
328 0.099839999999999998
329 0.099839999999999998
330 0.074880000000000002
331 0.12479999999999999
332 0.099839999999999998
333 0.099839999999999998
334 0.099839999999999998
335 0.099839999999999998
336 0.099839999999999998
337 0.0
338 0.19968
339 0.099839999999999998
340 0.099839999999999998
341 0.099839999999999998
342 0.099839999999999998
343 0.02496
344 0.17471999999999999
345 0.099839999999999998
346 0.099839999999999998
347 0.099839999999999998
348 0.10816000000000001
349 0.041599999999999998
350 0.15808
351 0.099839999999999998
352 0.099839999999999998
353 0.099839999999999998
354 0.099839999999999998
355 0.066559999999999994
356 0.13311999999999999
357 0.099839999999999998
358 0.099839999999999998
359 0.099839999999999998
360 0.099839999999999998
361 0.091520000000000004
362 0.0
363 0.20799999999999999
364 0.099839999999999998
365 0.099839999999999998
366 0.099839999999999998
367 0.099839999999999998
368 0.016639999999999999
369 0.18304000000000001
370 0.099839999999999998
371 0.099839999999999998
372 0.099839999999999998
373 0.099839999999999998
374 0.041599999999999998
375 0.15808
376 0.099839999999999998
377 0.099839999999999998
378 0.099839999999999998
379 0.099839999999999998
380 0.066559999999999994
381 0.13311999999999999
382 0.099839999999999998
383 0.099839999999999998
384 0.091520000000000004
385 0.099839999999999998
386 0.099839999999999998
387 0.0
388 0.19968
389 0.099839999999999998
390 0.099839999999999998
391 0.099839999999999998
392 0.099839999999999998
393 0.02496
394 0.17471999999999999
395 0.099839999999999998
396 0.099839999999999998
397 0.099839999999999998
398 0.099839999999999998
399 0.049919999999999999
400 0.15808
401 0.099839999999999998
402 0.099839999999999998
403 0.099839999999999998
404 0.099839999999999998
405 0.066559999999999994
406 0.13311999999999999
407 0.099839999999999998
408 0.099839999999999998
409 0.099839999999999998
410 0.099839999999999998
411 0.091520000000000004
412 0.0
413 0.20799999999999999
414 0.099839999999999998
415 0.099839999999999998
416 0.099839999999999998
417 0.099839999999999998
418 0.016639999999999999
419 0.18304000000000001
420 0.099839999999999998
421 0.099839999999999998
422 0.099839999999999998
423 0.099839999999999998
424 0.041599999999999998
425 0.15808
426 0.099839999999999998
427 0.099839999999999998
428 0.099839999999999998
429 0.099839999999999998
430 0.066559999999999994
431 0.13311999999999999
432 0.099839999999999998
433 0.099839999999999998
434 0.099839999999999998
435 0.099839999999999998
436 0.091520000000000004
437 0.0
438 0.20799999999999999
439 0.099839999999999998
440 0.099839999999999998
441 0.099839999999999998
442 0.099839999999999998
443 0.016639999999999999
444 0.18304000000000001
445 0.074880000000000002
446 0.083199999999999996
447 0.091520000000000004
448 0.099839999999999998
449 0.091520000000000004
450 0.0
451 0.20799999999999999
452 0.10816000000000001
453 0.091520000000000004
454 0.099839999999999998
455 0.099839999999999998
456 0.016639999999999999
457 0.18304000000000001
458 0.099839999999999998
459 0.099839999999999998
460 0.099839999999999998
461 0.099839999999999998
462 0.041599999999999998
463 0.15808
464 0.099839999999999998
465 0.099839999999999998
466 0.099839999999999998
467 0.099839999999999998
468 0.066559999999999994
469 0.13311999999999999
470 0.099839999999999998
471 0.099839999999999998
472 0.099839999999999998
473 0.099839999999999998
474 0.091520000000000004
475 0.0
476 0.20799999999999999
477 0.091520000000000004
478 0.091520000000000004
479 0.099839999999999998
480 0.099839999999999998
481 0.033279999999999997
482 0.16639999999999999
483 0.099839999999999998
484 0.099839999999999998
485 0.099839999999999998
486 0.099839999999999998
487 0.05824
488 0.14144000000000001
489 0.099839999999999998
490 0.099839999999999998
491 0.099839999999999998
492 0.099839999999999998
493 0.083199999999999996
494 0.11648
495 0.099839999999999998
496 0.099839999999999998
497 0.099839999999999998
498 0.099839999999999998
499 0.099839999999999998
500 0.0083199999999999993
501 0.19136
502 0.099839999999999998
503 0.099839999999999998
504 0.10816000000000001
505 0.099839999999999998
506 0.02496
507 0.17471999999999999
508 0.099839999999999998
509 0.099839999999999998
510 0.099839999999999998
511 0.049919999999999999
512 0.14144000000000001
513 0.099839999999999998
514 0.099839999999999998
515 0.099839999999999998
516 0.099839999999999998
517 0.099839999999999998
518 0.0
519 0.19968
520 0.099839999999999998
521 0.099839999999999998
522 0.099839999999999998
523 0.099839999999999998
524 0.02496
525 0.17471999999999999
526 0.099839999999999998
527 0.099839999999999998
528 0.099839999999999998
529 0.099839999999999998
530 0.049919999999999999
531 0.14976
532 0.099839999999999998
533 0.099839999999999998
534 0.099839999999999998
535 0.099839999999999998
536 0.074880000000000002
537 0.12479999999999999
538 0.099839999999999998
539 0.099839999999999998
540 0.099839999999999998
541 0.099839999999999998
542 0.099839999999999998
543 0.0
544 0.19968
545 0.099839999999999998
546 0.099839999999999998
547 0.099839999999999998
548 0.099839999999999998
549 0.02496
550 0.17471999999999999
551 0.099839999999999998
552 0.099839999999999998
553 0.099839999999999998
554 0.099839999999999998
555 0.049919999999999999
556 0.15808
557 0.099839999999999998
558 0.099839999999999998
559 0.099839999999999998
560 0.099839999999999998
561 0.066559999999999994
562 0.13311999999999999
563 0.099839999999999998
564 0.099839999999999998
565 0.099839999999999998
566 0.099839999999999998
567 0.091520000000000004
568 0.0
569 0.20799999999999999
570 0.099839999999999998
571 0.091520000000000004
572 0.099839999999999998
573 0.099839999999999998
574 0.02496
575 0.17471999999999999
576 0.099839999999999998
577 0.099839999999999998
578 0.099839999999999998
579 0.099839999999999998
580 0.049919999999999999
581 0.14976
582 0.099839999999999998
583 0.099839999999999998
584 0.099839999999999998
585 0.099839999999999998
586 0.074880000000000002
587 0.12479999999999999
588 0.099839999999999998
589 0.099839999999999998
590 0.099839999999999998
591 0.099839999999999998
592 0.099839999999999998
593 0.0
594 0.19968
595 0.099839999999999998
596 0.099839999999999998
597 0.099839999999999998
598 0.099839999999999998
599 0.02496
600 0.17471999999999999
601 0.099839999999999998
602 0.099839999999999998
603 0.099839999999999998
604 0.099839999999999998
605 0.049919999999999999
606 0.14976
607 0.099839999999999998
608 0.10816000000000001
609 0.099839999999999998
610 0.099839999999999998
611 0.066559999999999994
612 0.13311999999999999
613 0.099839999999999998
614 0.099839999999999998
615 0.099839999999999998
616 0.099839999999999998
617 0.091520000000000004
618 0.0
619 0.20799999999999999
620 0.099839999999999998
621 0.099839999999999998
622 0.099839999999999998
623 0.099839999999999998
624 0.016639999999999999
625 0.18304000000000001
626 0.099839999999999998
627 0.099839999999999998
628 0.099839999999999998
629 0.099839999999999998
630 0.041599999999999998
631 0.15808
632 0.091520000000000004
633 0.074880000000000002
634 0.083199999999999996
635 0.099839999999999998
636 0.099839999999999998
637 0.016639999999999999
638 0.18304000000000001
639 0.099839999999999998
640 0.091520000000000004
641 0.099839999999999998
642 0.099839999999999998
643 0.049919999999999999
644 0.14976
645 0.099839999999999998
646 0.099839999999999998
647 0.099839999999999998
648 0.099839999999999998
649 0.041599999999999998
650 0.14976
651 0.099839999999999998
652 0.099839999999999998
653 0.099839999999999998
654 0.099839999999999998
655 0.099839999999999998
656 0.016639999999999999
657 0.18304000000000001
658 0.099839999999999998
659 0.099839999999999998
660 0.10816000000000001
661 0.099839999999999998
662 0.033279999999999997
663 0.16639999999999999
664 0.099839999999999998
665 0.091520000000000004
666 0.099839999999999998
667 0.099839999999999998
668 0.066559999999999994
669 0.13311999999999999
670 0.099839999999999998
671 0.099839999999999998
672 0.099839999999999998
673 0.099839999999999998
674 0.091520000000000004
675 0.0
676 0.20799999999999999
677 0.099839999999999998
678 0.099839999999999998
679 0.099839999999999998
680 0.099839999999999998
681 0.016639999999999999
682 0.18304000000000001
683 0.099839999999999998
684 0.099839999999999998
685 0.099839999999999998
686 0.099839999999999998
687 0.041599999999999998
688 0.15808
689 0.099839999999999998
690 0.099839999999999998
691 0.099839999999999998
692 0.099839999999999998
693 0.066559999999999994
694 0.13311999999999999
695 0.099839999999999998
696 0.099839999999999998
697 0.099839999999999998
698 0.091520000000000004
699 0.0
700 0.19968
701 0.099839999999999998
702 0.099839999999999998
703 0.099839999999999998
704 0.099839999999999998
705 0.041599999999999998
706 0.15808
707 0.099839999999999998
708 0.099839999999999998
709 0.099839999999999998
710 0.099839999999999998
711 0.066559999999999994
712 0.14144000000000001
713 0.099839999999999998
714 0.099839999999999998
715 0.099839999999999998
716 0.099839999999999998
717 0.083199999999999996
718 0.11648
719 0.099839999999999998
720 0.099839999999999998
721 0.099839999999999998
722 0.099839999999999998
723 0.099839999999999998
724 0.0083199999999999993
725 0.19136
726 0.099839999999999998
727 0.099839999999999998
728 0.099839999999999998
729 0.099839999999999998
730 0.033279999999999997
731 0.16639999999999999
732 0.099839999999999998
733 0.099839999999999998
734 0.099839999999999998
735 0.099839999999999998
736 0.05824
737 0.14144000000000001
738 0.099839999999999998
739 0.099839999999999998
740 0.099839999999999998
741 0.099839999999999998
742 0.083199999999999996
743 0.11648
744 0.099839999999999998
745 0.099839999999999998
746 0.099839999999999998
747 0.099839999999999998
748 0.099839999999999998
749 0.0083199999999999993
750 0.19136
751 0.099839999999999998
752 0.099839999999999998
753 0.099839999999999998
754 0.099839999999999998
755 0.033279999999999997
756 0.16639999999999999
757 0.099839999999999998
758 0.099839999999999998
759 0.091520000000000004
760 0.099839999999999998
761 0.066559999999999994
762 0.13311999999999999
763 0.099839999999999998
764 0.10816000000000001
765 0.099839999999999998
766 0.099839999999999998
767 0.083199999999999996
768 0.11648
769 0.099839999999999998
770 0.099839999999999998
771 0.099839999999999998
772 0.099839999999999998
773 0.099839999999999998
774 0.0083199999999999993
775 0.19136
776 0.099839999999999998
777 0.099839999999999998
778 0.099839999999999998
779 0.099839999999999998
780 0.033279999999999997
781 0.16639999999999999
782 0.099839999999999998
783 0.099839999999999998
784 0.099839999999999998
785 0.099839999999999998
786 0.05824
787 0.14144000000000001
788 0.099839999999999998
789 0.099839999999999998
790 0.099839999999999998
791 0.099839999999999998
792 0.083199999999999996
793 0.11648
794 0.099839999999999998
795 0.099839999999999998
796 0.099839999999999998
797 0.099839999999999998
798 0.099839999999999998
799 0.0083199999999999993
800 0.19136
801 0.099839999999999998
802 0.099839999999999998
803 0.099839999999999998
804 0.099839999999999998
805 0.033279999999999997
806 0.16639999999999999
807 0.099839999999999998
808 0.099839999999999998
809 0.099839999999999998
810 0.099839999999999998
811 0.05824
812 0.14144000000000001
813 0.099839999999999998
814 0.099839999999999998
815 0.099839999999999998
816 0.10816000000000001
817 0.074880000000000002
818 0.12479999999999999
819 0.091520000000000004
820 0.074880000000000002
821 0.083199999999999996
822 0.099839999999999998
823 0.099839999999999998
824 0.049919999999999999
825 0.14976
826 0.099839999999999998
827 0.091520000000000004
828 0.091520000000000004
829 0.099839999999999998
830 0.091520000000000004
831 0.0
832 0.20799999999999999
833 0.099839999999999998
834 0.099839999999999998
835 0.099839999999999998
836 0.099839999999999998
837 0.016639999999999999
838 0.17471999999999999
839 0.099839999999999998
840 0.099839999999999998
841 0.099839999999999998
842 0.099839999999999998
843 0.083199999999999996
844 0.11648
845 0.099839999999999998
846 0.099839999999999998
847 0.099839999999999998
848 0.099839999999999998
849 0.099839999999999998
850 0.0083199999999999993
851 0.19136
852 0.099839999999999998
853 0.091520000000000004
854 0.099839999999999998
855 0.099839999999999998
856 0.041599999999999998
857 0.15808
858 0.099839999999999998
859 0.099839999999999998
860 0.099839999999999998
861 0.099839999999999998
862 0.066559999999999994
863 0.13311999999999999
864 0.099839999999999998
865 0.099839999999999998
866 0.099839999999999998
867 0.099839999999999998
868 0.091520000000000004
869 0.11648
870 0.099839999999999998
871 0.099839999999999998
872 0.099839999999999998
873 0.099839999999999998
874 0.099839999999999998
875 0.0083199999999999993
876 0.19136
877 0.099839999999999998
878 0.099839999999999998
879 0.099839999999999998
880 0.099839999999999998
881 0.033279999999999997
882 0.16639999999999999
883 0.099839999999999998
884 0.099839999999999998
885 0.099839999999999998
886 0.05824
887 0.13311999999999999
888 0.099839999999999998
889 0.099839999999999998
890 0.099839999999999998
891 0.099839999999999998
892 0.099839999999999998
893 0.0083199999999999993
894 0.19136
895 0.099839999999999998
896 0.099839999999999998
897 0.099839999999999998
898 0.099839999999999998
899 0.033279999999999997
900 0.16639999999999999
901 0.099839999999999998
902 0.099839999999999998
903 0.099839999999999998
904 0.099839999999999998
905 0.05824
906 0.14144000000000001
907 0.099839999999999998
908 0.099839999999999998
909 0.099839999999999998
910 0.099839999999999998
911 0.083199999999999996
912 0.11648
913 0.099839999999999998
914 0.099839999999999998
915 0.099839999999999998
916 0.099839999999999998
917 0.099839999999999998
918 0.0083199999999999993
919 0.19136
920 0.10816000000000001
921 0.099839999999999998
922 0.099839999999999998
923 0.099839999999999998
924 0.02496
925 0.17471999999999999
926 0.099839999999999998
927 0.099839999999999998
928 0.099839999999999998
929 0.099839999999999998
930 0.049919999999999999
931 0.14976
932 0.099839999999999998
933 0.099839999999999998
934 0.099839999999999998
935 0.099839999999999998
936 0.074880000000000002
937 0.12479999999999999
938 0.099839999999999998
939 0.099839999999999998
940 0.099839999999999998
941 0.099839999999999998
942 0.099839999999999998
943 0.0
944 0.19968
945 0.099839999999999998
946 0.091520000000000004
947 0.099839999999999998
948 0.099839999999999998
949 0.033279999999999997
950 0.16639999999999999
951 0.099839999999999998
952 0.099839999999999998
953 0.099839999999999998
954 0.099839999999999998
955 0.05824
956 0.14144000000000001
957 0.099839999999999998
958 0.099839999999999998
959 0.099839999999999998
960 0.099839999999999998
961 0.083199999999999996
962 0.11648
963 0.099839999999999998
964 0.099839999999999998
965 0.099839999999999998
966 0.099839999999999998
967 0.099839999999999998
968 0.0083199999999999993
969 0.19136
970 0.099839999999999998
971 0.099839999999999998
972 0.10816000000000001
973 0.099839999999999998
974 0.02496
975 0.17471999999999999
976 0.099839999999999998
977 0.099839999999999998
978 0.099839999999999998
979 0.099839999999999998
980 0.049919999999999999
981 0.14976
982 0.099839999999999998
983 0.099839999999999998
984 0.099839999999999998
985 0.099839999999999998
986 0.074880000000000002
987 0.12479999999999999
988 0.099839999999999998
989 0.099839999999999998
990 0.099839999999999998
991 0.099839999999999998
992 0.099839999999999998
993 0.0
994 0.19968
995 0.099839999999999998
996 0.099839999999999998
997 0.099839999999999998
998 0.099839999999999998
999 0.02496
