1 0.026112000000000003
2 0.022463999999999998
3 0.043264
4 0.042431999999999984
5 0.046592
6 0.028287999999999997
7 0.04825599999999999
8 0.07571199999999997
9 0.04492799999999999
10 0.027455999999999998
11 0.0416
12 0.07987199999999998
13 0.056576
14 0.034112
15 0.05990399999999999
16 0.07654399999999999
17 0.04159999999999999
18 0.038272
19 0.059904
20 0.07737599999999997
21 0.04992
22 0.030784
23 0.05823999999999999
24 0.07238399999999998
25 0.051584
26 0.03744
27 0.0624
28 0.07487999999999999
29 0.04575999999999999
30 0.02496
31 0.07238399999999999
32 0.07820799999999999
33 0.047424
34 0.031616
35 0.0624
36 0.067392
37 0.05823999999999999
38 0.03744
39 0.060736
40 0.07321599999999999
41 0.04575999999999999
42 0.032448000000000005
43 0.064896
44 0.080704
45 0.044928
46 0.031616
47 0.0624
48 0.071552
49 0.053248000000000004
50 0.03744
51 0.060736
52 0.07321599999999999
53 0.04575999999999999
54 0.03744
55 0.04991999999999999
56 0.09068799999999999
57 0.044928
58 0.031616
59 0.0624
60 0.07404799999999999
61 0.043264000000000004
62 0.04492800000000001
63 0.060736
64 0.07238399999999999
65 0.04492799999999999
66 0.03744
67 0.056575999999999994
68 0.084032
69 0.044928
70 0.031616
71 0.0624
72 0.07404799999999999
73 0.04992
74 0.027455999999999998
75 0.071552
76 0.07321599999999999
77 0.04575999999999999
78 0.03744
79 0.061568
80 0.07071999999999999
81 0.054079999999999996
82 0.030784
83 0.061568
84 0.07820799999999999
85 0.047423999999999994
86 0.034112
87 0.06656000000000001
88 0.07155199999999999
89 0.048256
90 0.03744
91 0.059904
92 0.07737599999999999
93 0.04575999999999999
94 0.034112
95 0.05907199999999999
96 0.07820799999999999
97 0.04991999999999999
98 0.03744000000000001
99 0.04992
100 0.08153599999999998
101 0.048256
102 0.03744
103 0.059904
104 0.08070399999999998
105 0.03411199999999999
106 0.04243200000000001
107 0.05907199999999999
108 0.07820799999999999
109 0.04991999999999999
110 0.03827200000000001
111 0.05408
112 0.07654399999999999
113 0.048256
114 0.03744
115 0.059904
116 0.08070399999999998
117 0.03910399999999999
118 0.03744
119 0.05907199999999999
120 0.07820799999999999
121 0.04991999999999999
122 0.03827200000000001
123 0.059072
124 0.060736
125 0.05907199999999999
126 0.03744
127 0.059904
128 0.08070399999999998
129 0.04243199999999999
130 0.025792
131 0.069056
132 0.07903999999999997
133 0.047423999999999994
134 0.03910400000000001
135 0.059072
136 0.065728
137 0.054079999999999996
138 0.06489599999999998
139 0.034944
140 0.078208
141 0.04243199999999999
142 0.033280000000000004
143 0.06323200000000001
144 0.080704
145 0.044927999999999996
146 0.034944
147 0.059072
148 0.07155199999999999
149 0.042432000000000004
150 0.07238399999999999
151 0.033280000000000004
152 0.07737599999999999
153 0.04159999999999999
154 0.032448000000000005
155 0.06406400000000001
156 0.08153599999999998
157 0.046591999999999995
158 0.035776
159 0.059072
160 0.07072
161 0.040768000000000006
162 0.07487999999999997
163 0.033280000000000004
164 0.076544
165 0.04243199999999999
166 0.03744
167 0.051584000000000005
168 0.08902399999999999
169 0.046591999999999995
170 0.035776
171 0.059072
172 0.07155199999999999
173 0.04576
174 0.06905599999999999
175 0.033280000000000004
176 0.07737599999999999
177 0.04243199999999999
178 0.03744
179 0.056576
180 0.084032
181 0.046591999999999995
182 0.035776
183 0.059072
184 0.072384
185 0.04992
186 0.054912
187 0.04576
188 0.07488
189 0.04243199999999999
190 0.06489599999999998
191 0.034112
192 0.07404799999999999
193 0.055743999999999995
194 0.032448
195 0.05824
196 0.072384
197 0.053248000000000004
198 0.055744
199 0.041600000000000005
200 0.07488
201 0.044928
202 0.06406399999999998
203 0.032448000000000005
204 0.078208
205 0.050752000000000005
206 0.032448
207 0.05824
208 0.072384
209 0.053248000000000004
210 0.060736
211 0.025792000000000002
212 0.08569599999999998
213 0.044928
214 0.06406399999999998
215 0.032448000000000005
216 0.081536
217 0.039104
218 0.040768000000000006
219 0.05824
220 0.072384
221 0.053248000000000004
222 0.061568
223 0.029952
224 0.079872
225 0.043264000000000004
226 0.0624
227 0.030784
228 0.08070399999999998
229 0.047423999999999994
230 0.025792000000000002
231 0.06489600000000001
232 0.072384
233 0.052416000000000004
234 0.060736
235 0.035776
236 0.073216
237 0.04659199999999999
238 0.06739199999999998
239 0.032448000000000005
240 0.07904
241 0.047424
242 0.05907199999999999
243 0.0208
244 0.089856
245 0.04991999999999999
246 0.05907199999999999
247 0.034944
248 0.075712
249 0.03910399999999999
250 0.072384
251 0.032448000000000005
252 0.08153600000000001
253 0.044928
254 0.05907199999999999
255 0.024959999999999996
256 0.08486400000000001
257 0.04825599999999999
258 0.056575999999999994
259 0.034112
260 0.075712
261 0.047423999999999994
262 0.055743999999999995
263 0.040768000000000006
264 0.08153600000000001
265 0.044096
266 0.05823999999999999
267 0.030784
268 0.07488
269 0.054079999999999996
270 0.05907199999999999
271 0.034944
272 0.075712
273 0.047423999999999994
274 0.06240000000000001
275 0.02496
276 0.089856
277 0.044928
278 0.05907199999999999
279 0.030784
280 0.07904
281 0.044927999999999996
282 0.06406399999999998
283 0.034944
284 0.075712
285 0.047423999999999994
286 0.06406400000000001
287 0.031616
288 0.08236800000000001
289 0.04576
290 0.06239999999999999
291 0.032448
292 0.07654399999999999
293 0.047423999999999994
294 0.049088
295 0.043264000000000004
296 0.077376
297 0.04991999999999999
298 0.061568
299 0.034944
300 0.07404799999999999
301 0.04992
302 0.06239999999999999
303 0.053248000000000004
304 0.05907199999999999
305 0.047423999999999994
306 0.050752
307 0.03910400000000001
308 0.076544
309 0.04991999999999999
310 0.061568
311 0.034944
312 0.07904000000000001
313 0.044928
314 0.06239999999999999
315 0.053248000000000004
316 0.05907199999999999
317 0.047423999999999994
318 0.055743999999999995
319 0.024128
320 0.086528
321 0.04991999999999999
322 0.061568
323 0.034112
324 0.07488
325 0.049088
326 0.06239999999999999
327 0.053248000000000004
328 0.05907199999999999
329 0.047423999999999994
330 0.053248
331 0.036608
332 0.076544
333 0.04991999999999999
334 0.061568
335 0.034944
336 0.081536
337 0.032448
338 0.07321599999999999
339 0.05408
340 0.05990399999999999
341 0.04576
342 0.05907199999999999
343 0.02912
344 0.081536
345 0.046591999999999995
346 0.061568
347 0.034112
348 0.08320000000000001
349 0.036607999999999995
350 0.07072
351 0.053248000000000004
352 0.0624
353 0.0416
354 0.05907199999999999
355 0.053248
356 0.05990399999999999
357 0.046591999999999995
358 0.05907199999999999
359 0.034112
360 0.08236800000000001
361 0.041600000000000005
362 0.054912
363 0.06406399999999998
364 0.0624
365 0.0416
366 0.05907199999999999
367 0.056576
368 0.04825600000000001
369 0.054911999999999996
370 0.05907199999999999
371 0.034112
372 0.08236800000000001
373 0.042432000000000004
374 0.05907199999999999
375 0.05907199999999999
376 0.0624
377 0.0416
378 0.05907199999999999
379 0.056576
380 0.053248
381 0.04992
382 0.05907199999999999
383 0.034112
384 0.08153600000000001
385 0.042432000000000004
386 0.064896
387 0.043264000000000004
388 0.07238399999999999
389 0.0416
390 0.059904
391 0.055743999999999995
392 0.05907199999999999
393 0.03744
394 0.06656
395 0.039936000000000006
396 0.076544
397 0.042432000000000004
398 0.06406399999999998
399 0.051584
400 0.07155199999999999
401 0.035775999999999995
402 0.061568
403 0.056575999999999994
404 0.05990399999999999
405 0.040768
406 0.05907199999999999
407 0.059904
408 0.056575999999999994
409 0.042432000000000004
410 0.06406399999999998
411 0.055744
412 0.055744
413 0.046592
414 0.061568
415 0.056575999999999994
416 0.05990399999999999
417 0.044095999999999996
418 0.047424
419 0.06822399999999999
420 0.056575999999999994
421 0.042432000000000004
422 0.06406399999999998
423 0.056576
424 0.059904
425 0.041600000000000005
426 0.061568
427 0.056575999999999994
428 0.05990399999999999
429 0.044095999999999996
430 0.052416
431 0.06323199999999998
432 0.056575999999999994
433 0.042432000000000004
434 0.06406399999999998
435 0.056576
436 0.064896
437 0.025792000000000002
438 0.07238399999999998
439 0.056575999999999994
440 0.05990399999999999
441 0.044095999999999996
442 0.056576
443 0.050752
444 0.06822399999999999
445 0.036607999999999995
446 0.06239999999999999
447 0.059072
448 0.06656
449 0.031616
450 0.054079999999999996
451 0.067392
452 0.064064
453 0.03744
454 0.05824
455 0.059904
456 0.04908800000000001
457 0.046592
458 0.06406399999999998
459 0.059904
460 0.06656
461 0.032448
462 0.05823999999999999
463 0.0624
464 0.063232
465 0.038272
466 0.05824
467 0.059904
468 0.05408
469 0.04159999999999999
470 0.06406399999999998
471 0.059904
472 0.06656
473 0.032448
474 0.063232
475 0.046592
476 0.07404799999999999
477 0.03744
478 0.057407999999999994
479 0.059904
480 0.057408
481 0.031616
482 0.07072
483 0.059904
484 0.06656
485 0.032448
486 0.064064
487 0.052416000000000004
488 0.067392
489 0.038272
490 0.05824
491 0.059904
492 0.057408
493 0.036607999999999995
494 0.06572799999999998
495 0.061568
496 0.065728
497 0.032448
498 0.063232
499 0.059904
500 0.054911999999999996
501 0.044096
502 0.060736
503 0.05990399999999999
504 0.05907199999999999
505 0.03744
506 0.053248
507 0.080704
508 0.05408
509 0.032448
510 0.063232
511 0.054912
512 0.07071999999999999
513 0.032448
514 0.060736
515 0.05990399999999999
516 0.05823999999999999
517 0.03744
518 0.050752
519 0.08319999999999998
520 0.05408
521 0.032448
522 0.063232
523 0.059904
524 0.059072
525 0.039936000000000006
526 0.060736
527 0.05990399999999999
528 0.05823999999999999
529 0.03744
530 0.055743999999999995
531 0.07820799999999999
532 0.05408
533 0.032448
534 0.063232
535 0.059904
536 0.06406399999999998
537 0.034943999999999996
538 0.060736
539 0.05990399999999999
540 0.05823999999999999
541 0.03744
542 0.06073599999999999
543 0.063232
544 0.064064
545 0.032448
546 0.063232
547 0.061568
548 0.065728
549 0.024960000000000003
550 0.07071999999999999
551 0.05990399999999999
552 0.05823999999999999
553 0.034944
554 0.063232
555 0.07155199999999999
556 0.054079999999999996
557 0.031616
558 0.063232
559 0.06988799999999998
560 0.057408
561 0.02912
562 0.06656
563 0.05990399999999999
564 0.05823999999999999
565 0.03744
566 0.060736
567 0.07571199999999997
568 0.038271999999999994
569 0.042432000000000004
570 0.063232
571 0.06905599999999999
572 0.057408
573 0.032448
574 0.055743999999999995
575 0.067392
576 0.05823999999999999
577 0.03744
578 0.060736
579 0.07654399999999999
580 0.04326399999999999
581 0.03660800000000001
582 0.063232
583 0.06988799999999998
584 0.057408
585 0.032448
586 0.060736
587 0.0624
588 0.05823999999999999
589 0.03744
590 0.060736
591 0.07654399999999999
592 0.048256
593 0.021632
594 0.073216
595 0.06988799999999998
596 0.057408
597 0.032448
598 0.063232
599 0.05408
600 0.06406399999999998
601 0.03744
602 0.064064
603 0.07404799999999999
604 0.048256
605 0.026624
606 0.067392
607 0.07737599999999997
608 0.051584000000000005
609 0.032448
610 0.0624
611 0.06656
612 0.054911999999999996
613 0.03744
614 0.060736
615 0.07654399999999999
616 0.04575999999999999
617 0.033280000000000004
618 0.04992
619 0.08819199999999998
620 0.050752
621 0.032448
622 0.0624
623 0.06988799999999999
624 0.04326400000000001
625 0.04576000000000001
626 0.060736
627 0.07654399999999999
628 0.04575999999999999
629 0.034112
630 0.054079999999999996
631 0.08319999999999998
632 0.04992
633 0.029952
634 0.060736
635 0.06988799999999999
636 0.051584
637 0.02912
638 0.069056
639 0.07654399999999999
640 0.04492799999999999
641 0.034112
642 0.059904
643 0.07238399999999998
644 0.055743999999999995
645 0.032448
646 0.0624
647 0.06988799999999999
648 0.051584
649 0.031616000000000005
650 0.06656000000000001
651 0.07571199999999999
652 0.04575999999999999
653 0.034112
654 0.063232
655 0.07820799999999999
656 0.03910399999999999
657 0.039936000000000006
658 0.0624
659 0.07404799999999999
660 0.051584000000000005
661 0.03744
662 0.05408
663 0.079872
664 0.04575999999999999
665 0.036608
666 0.05990399999999999
667 0.080704
668 0.041600000000000005
669 0.034943999999999996
670 0.0624
671 0.07404799999999999
672 0.050752
673 0.03744
674 0.059904
675 0.063232
676 0.056575999999999994
677 0.03744
678 0.05990399999999999
679 0.080704
680 0.044928
681 0.023296
682 0.07071999999999999
683 0.07404799999999999
684 0.050752
685 0.03744
686 0.060736
687 0.067392
688 0.051584
689 0.03744
690 0.05990399999999999
691 0.080704
692 0.044928
693 0.028288
694 0.065728
695 0.07404799999999999
696 0.050752
697 0.03744
698 0.059904
699 0.063232
700 0.055743999999999995
701 0.03744
702 0.060736
703 0.079872
704 0.04576
705 0.02496
706 0.06822399999999999
707 0.07820799999999999
708 0.047423999999999994
709 0.03827200000000001
710 0.0624
711 0.06739200000000001
712 0.052416
713 0.03744
714 0.059904
715 0.08070399999999998
716 0.04243199999999999
717 0.032448
718 0.060736
719 0.07820799999999999
720 0.04991999999999999
721 0.03827200000000001
722 0.059904
723 0.07072
724 0.03910399999999999
725 0.04659200000000001
726 0.059904
727 0.08070399999999998
728 0.04243199999999999
729 0.034112
730 0.052416
731 0.08486399999999998
732 0.04991999999999999
733 0.03827200000000001
734 0.059904
735 0.07072
736 0.044096
737 0.04160000000000001
738 0.059904
739 0.08070399999999998
740 0.04243199999999999
741 0.034112
742 0.057407999999999994
743 0.07987199999999998
744 0.04991999999999999
745 0.03827200000000001
746 0.059904
747 0.07072
748 0.048256
749 0.028287999999999997
750 0.069056
751 0.08070399999999998
752 0.04243199999999999
753 0.034112
754 0.059904
755 0.07238399999999998
756 0.054911999999999996
757 0.03910400000000001
758 0.059072
759 0.07072
760 0.048256
761 0.060736
762 0.039104
763 0.07737599999999999
764 0.04326399999999999
765 0.03744
766 0.059072
767 0.07987199999999998
768 0.048256
769 0.035776
770 0.059072
771 0.07155199999999999
772 0.050752
773 0.06406399999999998
774 0.024128
775 0.086528
776 0.04243199999999999
777 0.03744
778 0.059072
779 0.08153599999999998
780 0.039936
781 0.042432000000000004
782 0.059072
783 0.07155199999999999
784 0.050752
785 0.06406399999999998
786 0.02912
787 0.081536
788 0.04243199999999999
789 0.03744
790 0.059072
791 0.08153599999999998
792 0.044927999999999996
793 0.03744
794 0.059072
795 0.07155199999999999
796 0.050752
797 0.06406399999999998
798 0.033280000000000004
799 0.06822399999999999
800 0.051583999999999984
801 0.03744
802 0.059072
803 0.08153599999999998
804 0.046591999999999995
805 0.02912
806 0.06572800000000001
807 0.07155199999999999
808 0.050752
809 0.064896
810 0.035776
811 0.07071999999999999
812 0.046592
813 0.06406399999999998
814 0.034944
815 0.081536
816 0.04825600000000001
817 0.029952
818 0.060736
819 0.071552
820 0.050752
821 0.059904
822 0.035776
823 0.07488
824 0.03993599999999999
825 0.06905599999999999
826 0.032448000000000005
827 0.08070399999999998
828 0.046591999999999995
829 0.032448
830 0.057408
831 0.0624
832 0.06406399999999998
833 0.061568
834 0.035776
835 0.07488
836 0.044928
837 0.055743999999999995
838 0.039936
839 0.081536
840 0.047423999999999994
841 0.032448
842 0.05824
843 0.07072
844 0.054911999999999996
845 0.061568
846 0.035776
847 0.07488
848 0.044928
849 0.06406399999999998
850 0.023296
851 0.090688
852 0.047423999999999994
853 0.031616
854 0.05824
855 0.072384
856 0.047424
857 0.067392
858 0.035776
859 0.07488
860 0.044928
861 0.06655999999999998
862 0.029952
863 0.082368
864 0.047424
865 0.05907199999999999
866 0.030784
867 0.07904
868 0.04908799999999999
869 0.06073599999999999
870 0.034944
871 0.075712
872 0.047423999999999994
873 0.06406400000000001
874 0.032448000000000005
875 0.072384
876 0.05408
877 0.05907199999999999
878 0.030784
879 0.07904
880 0.04991999999999999
881 0.052416
882 0.041600000000000005
883 0.075712
884 0.047423999999999994
885 0.06406400000000001
886 0.028288
887 0.08486400000000001
888 0.044928
889 0.05907199999999999
890 0.030784
891 0.07904
892 0.04991999999999999
893 0.049920000000000006
894 0.044096
895 0.075712
896 0.047423999999999994
897 0.06406400000000001
898 0.032448000000000005
899 0.07487999999999999
900 0.051584000000000005
901 0.05907199999999999
902 0.030784
903 0.07904
904 0.04991999999999999
905 0.054911999999999996
906 0.03910400000000001
907 0.075712
908 0.047423999999999994
909 0.06406400000000001
910 0.033280000000000004
911 0.07904000000000001
912 0.04742400000000001
913 0.06156799999999999
914 0.027456
915 0.0832
916 0.047423999999999994
917 0.05823999999999999
918 0.02496
919 0.085696
920 0.050752
921 0.061568
922 0.034944
923 0.081536
924 0.034943999999999996
925 0.06988799999999999
926 0.053248000000000004
927 0.05907199999999999
928 0.047423999999999994
929 0.055743999999999995
930 0.02912
931 0.081536
932 0.04991999999999999
933 0.061568
934 0.034944
935 0.081536
936 0.03993599999999999
937 0.064896
938 0.053248000000000004
939 0.05907199999999999
940 0.047423999999999994
941 0.055743999999999995
942 0.034112
943 0.06656
944 0.05990399999999999
945 0.061568
946 0.034112
947 0.081536
948 0.042432000000000004
949 0.055743999999999995
950 0.05990399999999999
951 0.05907199999999999
952 0.047423999999999994
953 0.055743999999999995
954 0.034112
955 0.072384
956 0.054079999999999996
957 0.061568
958 0.034944
959 0.081536
960 0.042432000000000004
961 0.061568
962 0.054911999999999996
963 0.05990399999999999
964 0.046592
965 0.05823999999999999
966 0.030784
967 0.080704
968 0.037439999999999994
969 0.07072
970 0.034112
971 0.08236800000000001
972 0.043264000000000004
973 0.064896
974 0.04576
975 0.06988799999999999
976 0.0416
977 0.05907199999999999
978 0.056576
979 0.056575999999999994
980 0.0416
981 0.06406400000000001
982 0.034112
983 0.08236800000000001
984 0.042432000000000004
985 0.064896
986 0.050752
987 0.064896
988 0.0416
989 0.05907199999999999
990 0.056576
991 0.056575999999999994
992 0.046591999999999995
993 0.049088
994 0.044096
995 0.08236800000000001
996 0.042432000000000004
997 0.064896
998 0.053248000000000004
999 0.054912
