0 0
1 49
2 84
3 84
4 75
5 67
6 83
7 83
8 92
9 91
10 83
11 92
12 50
13 58
14 83
15 92
16 91
17 91
18 50
19 58
20 66
21 75
22 84
23 91
24 91
25 50
26 66
27 75
28 84
29 91
30 91
31 50
32 58
33 75
34 84
35 91
36 91
37 50
38 58
39 66
40 84
41 91
42 91
43 50
44 58
45 66
46 75
47 84
48 91
49 91
50 50
51 66
52 75
53 84
54 91
55 91
56 50
57 58
58 75
59 84
60 91
61 91
62 50
63 58
64 66
65 91
66 92
67 92
68 50
69 59
70 66
71 75
72 83
73 92
74 92
75 50
76 66
77 75
78 83
79 92
80 92
81 50
82 59
83 83
84 92
85 91
86 91
87 50
88 58
89 67
90 75
91 83
92 91
93 91
94 50
95 67
96 75
97 83
98 91
99 91
100 50
101 58
102 75
103 83
104 91
105 91
106 50
107 58
108 67
109 83
110 91
111 91
112 50
113 58
114 67
115 75
116 91
117 91
118 50
119 50
120 67
121 75
122 83
123 91
124 91
125 50
126 67
127 75
128 83
129 91
130 91
131 50
132 58
133 75
134 83
135 91
136 91
137 50
138 58
139 67
140 75
141 91
142 91
143 50
144 50
145 84
146 91
147 92
148 91
149 91
150 50
151 58
152 67
153 83
154 91
155 92
156 92
157 49
158 66
159 75
160 83
161 92
162 92
163 49
164 59
165 75
166 83
167 92
168 92
169 50
170 59
171 66
172 83
173 92
174 92
175 50
176 59
177 66
178 83
179 92
180 92
181 92
182 50
183 67
184 75
185 83
186 92
187 92
188 50
189 58
190 75
191 83
192 92
193 92
194 50
195 58
196 67
197 75
198 92
199 92
200 50
201 50
202 67
203 75
204 83
205 92
206 92
207 50
208 67
209 75
210 83
211 83
212 50
213 59
214 66
215 75
216 83
217 92
218 50
219 58
220 67
221 75
222 83
223 92
224 92
225 50
226 67
227 75
228 83
229 92
230 92
231 50
232 58
233 75
234 83
235 92
236 92
237 50
238 58
239 67
240 83
241 92
242 92
243 50
244 58
245 67
246 75
247 83
248 92
249 92
250 50
251 67
252 75
253 83
254 92
255 92
256 50
257 58
258 75
259 83
260 92
261 92
262 50
263 58
264 67
265 83
266 92
267 92
268 50
269 58
270 67
271 75
272 91
273 92
274 92
275 50
276 66
277 75
278 83
279 92
280 92
281 50
282 58
283 75
284 83
285 92
286 92
287 50
288 58
289 66
290 83
291 92
292 92
293 50
294 58
295 66
296 75
297 83
298 92
299 92
300 50
301 66
302 75
303 83
304 92
305 92
306 50
307 58
308 75
309 83
310 92
311 92
312 50
313 58
314 66
315 83
316 92
317 92
318 50
319 58
320 66
321 75
322 83
323 92
324 92
325 50
326 66
327 75
328 83
329 92
330 92
331 50
332 66
333 83
334 83
335 91
336 91
337 50
338 58
339 67
340 75
341 83
342 83
343 50
344 58
345 67
346 75
347 92
348 92
349 50
350 58
351 67
352 75
353 92
354 92
355 50
356 50
357 66
358 75
359 83
360 92
361 92
362 50
363 66
364 75
365 83
366 92
367 92
368 50
369 59
370 75
371 83
372 92
373 92
374 50
375 59
376 66
377 83
378 92
379 92
380 50
381 59
382 66
383 75
384 83
385 92
386 92
387 50
388 66
389 75
390 83
391 92
392 92
393 50
394 59
395 75
396 83
397 92
398 92
399 50
400 59
401 66
402 83
403 92
404 92
405 50
406 59
407 66
408 75
409 83
410 92
411 92
412 59
413 74
414 84
415 83
416 92
417 92
418 50
419 58
420 67
421 83
422 92
423 91
424 91
425 50
426 67
427 75
428 83
429 91
430 91
431 50
432 58
433 75
434 83
435 91
436 91
437 50
438 58
439 67
440 75
441 91
442 91
443 50
444 50
445 67
446 83
447 91
448 92
449 92
450 49
451 59
452 75
453 83
454 92
455 92
456 50
457 59
458 66
459 83
460 92
461 92
462 50
463 59
464 66
465 75
466 83
467 92
468 92
469 49
470 66
471 75
472 83
473 92
474 92
475 49
476 59
477 75
478 83
479 83
480 42
481 58
482 67
483 75
484 83
485 91
486 91
487 50
488 66
489 75
490 83
491 92
492 92
493 50
494 58
495 75
496 83
497 92
498 92
499 50
500 58
501 66
502 83
503 92
504 92
505 50
506 58
507 66
508 75
509 83
510 92
511 92
512 50
513 66
514 75
515 83
516 92
517 92
518 50
519 58
520 75
521 83
522 92
523 92
524 50
525 58
526 75
527 83
528 92
529 92
530 50
531 58
532 66
533 75
534 92
535 92
536 50
537 50
538 66
539 75
540 92
541 91
542 91
543 50
544 58
545 75
546 83
547 91
548 91
549 50
550 58
551 67
552 83
553 91
554 91
555 50
556 58
557 67
558 75
559 83
560 91
561 91
562 50
563 67
564 75
565 83
566 91
567 91
568 50
569 58
570 75
571 83
572 91
573 91
574 50
575 58
576 67
577 83
578 91
579 91
580 50
581 58
582 67
583 75
584 91
585 91
586 50
587 50
588 67
589 75
590 83
591 91
592 91
593 50
594 67
595 75
596 83
597 91
598 91
599 50
600 66
601 84
602 91
603 92
604 91
605 91
606 50
607 67
608 83
609 83
610 92
611 92
612 50
613 58
614 67
615 83
616 92
617 92
618 50
619 58
620 67
621 75
622 83
623 92
624 92
625 50
626 67
627 75
628 83
629 92
630 92
631 50
632 58
633 83
634 84
635 91
636 91
637 50
638 58
639 67
640 84
641 91
642 91
643 50
644 58
645 67
646 74
647 84
648 91
649 91
650 50
651 67
652 74
653 84
654 91
655 91
656 50
657 58
658 74
659 84
660 91
661 91
662 50
663 58
664 67
665 84
666 84
667 42
668 58
669 58
670 75
671 83
672 92
673 92
674 50
675 58
676 75
677 83
678 91
679 91
680 50
681 58
682 67
683 83
684 91
685 91
686 50
687 58
688 67
689 75
690 83
691 91
692 91
693 50
694 67
695 75
696 83
697 91
698 91
699 50
700 58
701 75
702 83
703 91
704 91
705 50
706 58
707 67
708 83
709 91
710 91
711 50
712 58
713 67
714 75
715 83
716 91
717 91
718 50
719 67
720 75
721 83
722 91
723 91
724 50
725 58
726 83
727 83
728 92
729 92
730 50
731 58
732 67
733 83
734 92
735 92
736 50
737 58
738 67
739 75
740 83
741 92
742 92
743 50
744 67
745 75
746 83
747 92
748 92
749 50
750 58
751 75
752 83
753 92
754 92
755 50
756 58
757 67
758 83
759 92
760 92
761 50
762 58
763 67
764 75
765 83
766 92
767 92
768 50
769 67
770 75
771 83
772 92
773 92
774 50
775 58
776 75
777 83
778 92
779 92
780 50
781 58
782 67
783 83
784 92
785 92
786 50
787 59
788 84
789 83
790 83
791 92
792 92
793 50
794 58
795 67
796 92
797 91
798 91
799 50
800 58
801 67
802 74
803 84
804 91
805 91
806 50
807 67
808 74
809 84
810 91
811 91
812 50
813 58
814 74
815 84
816 91
817 91
818 50
819 58
820 67
821 83
822 91
823 92
824 92
825 49
826 66
827 75
828 83
829 92
830 92
831 49
832 59
833 75
834 83
835 92
836 92
837 50
838 59
839 75
840 83
841 92
842 92
843 50
844 59
845 66
846 75
847 92
848 92
849 50
850 49
851 66
852 75
853 83
854 83
855 50
856 58
857 67
858 75
859 83
860 91
861 50
862 58
863 66
864 75
865 92
866 92
867 50
868 50
869 66
870 75
871 83
872 92
873 92
874 50
875 66
876 75
877 83
878 92
879 92
880 50
881 58
882 75
883 83
884 92
885 92
886 50
887 58
888 66
889 75
890 92
891 92
892 50
893 58
894 66
895 75
896 83
897 92
898 92
899 50
900 66
901 75
902 83
903 92
904 92
905 50
906 58
907 75
908 83
909 92
910 92
911 50
912 58
913 66
914 75
915 91
916 91
917 50
918 50
919 67
920 75
921 83
922 91
923 91
924 50
925 67
926 75
927 83
928 91
929 91
930 50
931 58
932 75
933 83
934 91
935 91
936 50
937 58
938 67
939 75
940 91
941 91
942 50
943 58
944 67
945 75
946 83
947 91
948 91
949 50
950 67
951 75
952 83
953 91
954 91
955 50
956 58
957 75
958 83
959 91
960 91
961 50
962 58
963 67
964 83
965 91
966 91
967 50
968 58
969 67
970 75
971 83
972 91
973 91
974 50
975 66
976 83
977 83
978 92
979 92
980 50
981 58
982 67
983 75
984 83
985 41
986 50
987 58
988 66
989 83
990 92
991 92
992 50
993 59
994 83
995 83
996 92
997 92
998 50
999 58
