0 0
1 50
2 83
3 83
4 83
5 149
6 83
7 83
8 83
9 84
10 83
11 92
12 92
13 50
14 58
15 91
16 92
17 91
18 91
19 75
20 58
21 66
22 83
23 84
24 91
25 91
26 50
27 67
28 75
29 83
30 92
31 92
32 50
33 58
34 75
35 83
36 92
37 92
38 50
39 58
40 67
41 83
42 92
43 92
44 50
45 50
46 83
47 83
48 83
49 92
50 92
51 49
52 59
53 75
54 83
55 83
56 42
57 58
58 58
59 75
60 83
61 91
62 91
63 50
64 66
65 84
66 83
67 91
68 91
69 50
70 58
71 75
72 83
73 91
74 91
75 50
76 58
77 67
78 75
79 91
80 91
81 50
82 50
83 67
84 75
85 83
86 91
87 91
88 50
89 67
90 75
91 83
92 91
93 91
94 50
95 58
96 75
97 83
98 91
99 91
100 50
101 58
102 67
103 75
104 91
105 91
106 50
107 50
108 67
109 75
110 83
111 91
112 91
113 50
114 67
115 75
116 83
117 91
118 91
119 50
120 58
121 75
122 83
123 91
124 91
125 50
126 75
127 83
128 92
129 91
130 92
131 92
132 50
133 59
134 75
135 91
136 92
137 91
138 91
139 50
140 67
141 74
142 92
143 91
144 91
145 50
146 58
147 75
148 83
149 91
150 91
151 50
152 58
153 67
154 75
155 91
156 91
157 50
158 50
159 67
160 75
161 83
162 91
163 91
164 50
165 67
166 75
167 83
168 91
169 91
170 50
171 58
172 75
173 83
174 91
175 91
176 50
177 58
178 67
179 83
180 91
181 91
182 50
183 58
184 67
185 83
186 92
187 91
188 91
189 50
190 58
191 74
192 84
193 91
194 91
195 50
196 58
197 67
198 84
199 91
200 91
201 50
202 58
203 67
204 74
205 84
206 91
207 91
208 50
209 67
210 74
211 84
212 91
213 91
214 50
215 58
216 74
217 84
218 91
219 91
220 50
221 58
222 67
223 84
224 91
225 91
226 50
227 58
228 67
229 74
230 91
231 91
232 50
233 50
234 67
235 74
236 84
237 91
238 91
239 50
240 67
241 74
242 92
243 92
244 50
245 58
246 67
247 75
248 83
249 92
250 50
251 50
252 67
253 75
254 83
255 91
256 91
257 50
258 67
259 75
260 83
261 91
262 91
263 50
264 58
265 75
266 83
267 91
268 91
269 50
270 58
271 67
272 75
273 91
274 91
275 50
276 58
277 67
278 75
279 83
280 91
281 91
282 50
283 67
284 75
285 83
286 91
287 91
288 50
289 58
290 75
291 83
292 91
293 91
294 50
295 58
296 67
297 83
298 91
299 91
300 50
301 58
302 67
303 83
304 83
305 92
306 92
307 50
308 67
309 75
310 83
311 92
312 92
313 50
314 58
315 75
316 83
317 92
318 92
319 50
320 58
321 67
322 75
323 92
324 92
325 50
326 50
327 67
328 75
329 83
330 92
331 92
332 50
333 67
334 75
335 83
336 92
337 92
338 50
339 58
340 75
341 83
342 92
343 92
344 50
345 58
346 67
347 83
348 92
349 92
350 50
351 58
352 67
353 75
354 83
355 92
356 92
357 50
358 67
359 75
360 83
361 92
362 92
363 58
364 75
365 84
366 83
367 83
368 91
369 91
370 50
371 67
372 83
373 92
374 91
375 91
376 50
377 58
378 67
379 84
380 91
381 91
382 75
383 58
384 59
385 75
386 83
387 92
388 92
389 50
390 59
391 75
392 83
393 92
394 92
395 50
396 59
397 66
398 83
399 91
400 91
401 50
402 50
403 66
404 75
405 84
406 91
407 91
408 50
409 66
410 75
411 84
412 91
413 91
414 50
415 58
416 75
417 84
418 91
419 91
420 50
421 58
422 66
423 75
424 91
425 91
426 50
427 50
428 66
429 75
430 84
431 84
432 50
433 58
434 67
435 75
436 91
437 91
438 50
439 58
440 67
441 84
442 91
443 91
444 50
445 58
446 67
447 74
448 84
449 91
450 91
451 50
452 67
453 74
454 84
455 91
456 91
457 50
458 58
459 74
460 84
461 91
462 91
463 50
464 58
465 67
466 84
467 91
468 91
469 50
470 58
471 67
472 74
473 84
474 91
475 91
476 50
477 67
478 74
479 84
480 91
481 91
482 50
483 58
484 74
485 84
486 91
487 91
488 50
489 58
490 67
491 83
492 91
493 91
494 50
495 58
496 67
497 75
498 83
499 91
500 91
501 50
502 67
503 75
504 83
505 91
506 91
507 50
508 58
509 75
510 83
511 91
512 91
513 50
514 58
515 67
516 83
517 91
518 91
519 50
520 58
521 67
522 75
523 83
524 91
525 91
526 50
527 67
528 75
529 83
530 91
531 91
532 50
533 58
534 75
535 83
536 91
537 91
538 50
539 58
540 67
541 83
542 91
543 91
544 50
545 58
546 67
547 75
548 83
549 91
550 91
551 58
552 75
553 83
554 83
555 91
556 91
557 50
558 58
559 67
560 75
561 91
562 92
563 92
564 50
565 67
566 75
567 83
568 91
569 91
570 50
571 58
572 75
573 83
574 91
575 91
576 50
577 58
578 67
579 83
580 91
581 91
582 50
583 58
584 67
585 83
586 83
587 92
588 92
589 50
590 66
591 75
592 83
593 92
594 92
595 50
596 59
597 75
598 83
599 92
600 92
601 50
602 59
603 66
604 83
605 92
606 92
607 50
608 59
609 66
610 75
611 83
612 92
613 92
614 50
615 66
616 75
617 83
618 83
619 49
620 58
621 67
622 74
623 84
624 91
625 50
626 59
627 66
628 75
629 83
630 92
631 92
632 49
633 66
634 75
635 83
636 92
637 92
638 49
639 66
640 75
641 83
642 92
643 92
644 49
645 59
646 75
647 83
648 92
649 92
650 50
651 59
652 66
653 75
654 92
655 92
656 50
657 49
658 66
659 75
660 83
661 92
662 92
663 49
664 66
665 75
666 83
667 92
668 92
669 49
670 59
671 75
672 83
673 92
674 92
675 50
676 59
677 66
678 75
679 92
680 91
681 91
682 50
683 67
684 74
685 84
686 91
687 91
688 50
689 58
690 74
691 84
692 91
693 91
694 50
695 58
696 74
697 84
698 91
699 91
700 50
701 58
702 67
703 74
704 91
705 91
706 50
707 50
708 67
709 74
710 84
711 91
712 91
713 50
714 67
715 74
716 84
717 91
718 91
719 50
720 58
721 74
722 84
723 91
724 91
725 50
726 58
727 67
728 74
729 91
730 91
731 50
732 50
733 67
734 74
735 84
736 91
737 91
738 50
739 66
740 84
741 91
742 91
743 91
744 75
745 58
746 67
747 83
748 83
749 92
750 92
751 50
752 67
753 75
754 83
755 91
756 91
757 50
758 58
759 75
760 83
761 91
762 91
763 50
764 58
765 67
766 75
767 91
768 91
769 50
770 50
771 67
772 83
773 83
774 92
775 92
776 50
777 59
778 75
779 83
780 92
781 92
782 50
783 59
784 66
785 83
786 92
787 92
788 50
789 59
790 66
791 75
792 83
793 92
794 92
795 50
796 66
797 75
798 83
799 92
800 92
801 50
802 66
803 75
804 83
805 83
806 49
807 59
808 67
809 74
810 84
811 91
812 50
813 49
814 66
815 75
816 83
817 92
818 92
819 49
820 66
821 75
822 83
823 92
824 92
825 49
826 59
827 75
828 83
829 92
830 92
831 50
832 59
833 66
834 75
835 92
836 92
837 50
838 49
839 66
840 75
841 83
842 92
843 92
844 49
845 66
846 75
847 83
848 92
849 92
850 49
851 59
852 75
853 83
854 92
855 92
856 50
857 59
858 66
859 83
860 92
861 92
862 50
863 59
864 66
865 75
866 92
867 91
868 91
869 50
870 67
871 74
872 84
873 91
874 91
875 50
876 58
877 74
878 84
879 91
880 91
881 50
882 58
883 67
884 74
885 91
886 91
887 50
888 50
889 67
890 74
891 84
892 91
893 91
894 50
895 67
896 74
897 84
898 91
899 91
900 50
901 58
902 74
903 84
904 91
905 91
906 50
907 58
908 67
909 84
910 91
911 91
912 50
913 58
914 67
915 74
916 84
917 91
918 91
919 50
920 67
921 74
922 84
923 91
924 91
925 50
926 66
927 84
928 91
929 92
930 91
931 75
932 58
933 67
934 66
935 83
936 92
937 92
938 50
939 58
940 75
941 83
942 91
943 91
944 50
945 58
946 67
947 75
948 91
949 91
950 50
951 58
952 67
953 75
954 83
955 91
956 91
957 50
958 67
959 83
960 83
961 92
962 92
963 50
964 59
965 75
966 83
967 92
968 92
969 50
970 59
971 66
972 75
973 92
974 92
975 50
976 50
977 66
978 75
979 83
980 92
981 92
982 50
983 66
984 75
985 83
986 92
987 92
988 50
989 59
990 75
991 83
992 83
993 42
994 59
995 58
996 74
997 84
998 91
999 91
