0 0
1 50
2 83
3 83
4 83
5 150
6 83
7 84
8 83
9 83
10 83
11 92
12 92
13 50
14 58
15 75
16 91
17 92
18 92
19 75
20 58
21 67
22 83
23 83
24 92
25 92
26 50
27 66
28 75
29 83
30 92
31 92
32 50
33 58
34 75
35 83
36 83
37 91
38 50
39 59
40 66
41 75
42 83
43 92
44 92
45 49
46 75
47 83
48 83
49 92
50 92
51 50
52 58
53 67
54 83
55 92
56 92
57 50
58 58
59 67
60 75
61 83
62 92
63 92
64 50
65 67
66 75
67 83
68 92
69 92
70 50
71 67
72 75
73 83
74 92
75 92
76 50
77 58
78 67
79 92
80 91
81 91
82 50
83 58
84 67
85 74
86 84
87 91
88 91
89 50
90 67
91 74
92 84
93 91
94 91
95 50
96 58
97 74
98 84
99 91
100 91
101 50
102 58
103 67
104 84
105 91
106 91
107 50
108 58
109 67
110 74
111 84
112 91
113 91
114 50
115 67
116 74
117 84
118 91
119 91
120 50
121 58
122 74
123 84
124 91
125 91
126 50
127 58
128 67
129 84
130 91
131 91
132 50
133 58
134 67
135 74
136 84
137 91
138 91
139 50
140 66
141 91
142 92
143 91
144 91
145 75
146 58
147 67
148 84
149 83
150 91
151 91
152 50
153 66
154 75
155 83
156 92
157 92
158 50
159 59
160 75
161 83
162 92
163 92
164 50
165 59
166 66
167 75
168 92
169 92
170 50
171 50
172 66
173 83
174 84
175 91
176 91
177 50
178 66
179 75
180 84
181 91
182 91
183 50
184 58
185 75
186 84
187 91
188 91
189 50
190 58
191 66
192 75
193 91
194 91
195 50
196 50
197 66
198 75
199 84
200 91
201 91
202 50
203 66
204 75
205 84
206 84
207 50
208 58
209 67
210 75
211 83
212 91
213 50
214 50
215 67
216 74
217 84
218 91
219 91
220 50
221 67
222 74
223 84
224 91
225 91
226 50
227 58
228 74
229 84
230 91
231 91
232 50
233 58
234 67
235 84
236 91
237 91
238 50
239 58
240 67
241 74
242 84
243 91
244 91
245 50
246 67
247 74
248 84
249 91
250 91
251 50
252 58
253 74
254 84
255 91
256 91
257 50
258 58
259 67
260 84
261 91
262 91
263 50
264 58
265 67
266 74
267 92
268 91
269 91
270 50
271 67
272 75
273 83
274 91
275 91
276 50
277 58
278 75
279 83
280 91
281 91
282 50
283 58
284 67
285 83
286 91
287 91
288 50
289 58
290 67
291 75
292 83
293 91
294 91
295 50
296 67
297 75
298 83
299 91
300 91
301 50
302 58
303 75
304 83
305 91
306 91
307 50
308 58
309 67
310 83
311 91
312 91
313 50
314 58
315 67
316 75
317 83
318 91
319 91
320 50
321 67
322 75
323 83
324 91
325 91
326 50
327 67
328 83
329 91
330 92
331 91
332 75
333 58
334 67
335 66
336 83
337 91
338 91
339 50
340 59
341 75
342 83
343 92
344 92
345 50
346 59
347 66
348 83
349 92
350 92
351 50
352 59
353 66
354 75
355 83
356 92
357 92
358 50
359 66
360 83
361 84
362 91
363 91
364 50
365 58
366 75
367 84
368 91
369 91
370 50
371 58
372 66
373 75
374 91
375 91
376 50
377 50
378 66
379 75
380 84
381 91
382 91
383 50
384 66
385 75
386 84
387 91
388 91
389 50
390 58
391 75
392 84
393 84
394 42
395 58
396 67
397 75
398 83
399 91
400 91
401 50
402 67
403 74
404 84
405 91
406 91
407 50
408 58
409 74
410 84
411 91
412 91
413 50
414 58
415 67
416 84
417 91
418 91
419 50
420 58
421 67
422 74
423 84
424 91
425 91
426 50
427 67
428 74
429 84
430 91
431 91
432 50
433 58
434 74
435 84
436 91
437 91
438 50
439 58
440 67
441 84
442 91
443 91
444 50
445 58
446 67
447 74
448 84
449 91
450 91
451 50
452 67
453 74
454 92
455 91
456 91
457 50
458 58
459 75
460 83
461 91
462 91
463 50
464 58
465 67
466 83
467 91
468 91
469 50
470 58
471 67
472 75
473 83
474 91
475 91
476 50
477 67
478 75
479 83
480 91
481 91
482 50
483 58
484 75
485 83
486 91
487 91
488 50
489 58
490 67
491 83
492 91
493 91
494 50
495 58
496 67
497 75
498 83
499 91
500 91
501 50
502 67
503 75
504 83
505 91
506 91
507 50
508 58
509 75
510 83
511 91
512 91
513 50
514 67
515 83
516 91
517 92
518 91
519 91
520 50
521 67
522 66
523 84
524 83
525 91
526 50
527 59
528 66
529 83
530 92
531 92
532 50
533 59
534 66
535 75
536 83
537 92
538 92
539 50
540 66
541 75
542 83
543 92
544 92
545 50
546 59
547 83
548 84
549 91
550 91
551 50
552 58
553 66
554 84
555 91
556 91
557 50
558 58
559 66
560 75
561 84
562 91
563 91
564 50
565 66
566 75
567 84
568 91
569 91
570 50
571 58
572 75
573 84
574 91
575 91
576 50
577 58
578 66
579 84
580 84
581 42
582 58
583 58
584 75
585 83
586 91
587 91
588 50
589 58
590 74
591 84
592 91
593 91
594 50
595 58
596 67
597 84
598 91
599 91
600 50
601 58
602 67
603 74
604 84
605 91
606 91
607 50
608 67
609 74
610 84
611 91
612 91
613 50
614 58
615 74
616 84
617 91
618 91
619 50
620 58
621 67
622 84
623 91
624 91
625 50
626 58
627 67
628 74
629 84
630 91
631 91
632 50
633 67
634 74
635 84
636 91
637 91
638 50
639 58
640 74
641 92
642 91
643 91
644 50
645 58
646 67
647 83
648 91
649 91
650 50
651 58
652 67
653 75
654 83
655 91
656 91
657 50
658 67
659 75
660 83
661 91
662 91
663 50
664 58
665 75
666 83
667 91
668 91
669 50
670 58
671 67
672 83
673 91
674 91
675 50
676 58
677 67
678 75
679 83
680 91
681 91
682 50
683 67
684 75
685 83
686 91
687 91
688 50
689 58
690 75
691 83
692 91
693 91
694 50
695 58
696 75
697 83
698 91
699 91
700 50
701 67
702 83
703 91
704 92
705 91
706 91
707 50
708 67
709 66
710 84
711 83
712 91
713 50
714 59
715 66
716 75
717 83
718 92
719 92
720 50
721 66
722 75
723 83
724 92
725 92
726 50
727 59
728 75
729 83
730 92
731 92
732 50
733 59
734 66
735 84
736 91
737 91
738 50
739 58
740 66
741 75
742 84
743 91
744 91
745 50
746 66
747 75
748 84
749 91
750 91
751 50
752 58
753 75
754 84
755 91
756 91
757 50
758 58
759 66
760 84
761 91
762 91
763 50
764 58
765 66
766 75
767 84
768 84
769 50
770 58
771 67
772 83
773 91
774 91
775 50
776 58
777 67
778 84
779 91
780 91
781 50
782 58
783 67
784 74
785 84
786 91
787 91
788 50
789 67
790 74
791 84
792 91
793 91
794 50
795 58
796 74
797 84
798 91
799 91
800 50
801 58
802 74
803 84
804 91
805 91
806 50
807 58
808 67
809 74
810 91
811 91
812 50
813 50
814 67
815 74
816 84
817 91
818 91
819 50
820 67
821 74
822 84
823 91
824 91
825 50
826 58
827 74
828 92
829 91
830 91
831 50
832 58
833 67
834 75
835 83
836 91
837 91
838 50
839 67
840 75
841 83
842 91
843 91
844 50
845 58
846 75
847 83
848 91
849 91
850 50
851 58
852 75
853 83
854 91
855 91
856 50
857 58
858 67
859 75
860 91
861 91
862 50
863 50
864 67
865 75
866 83
867 91
868 91
869 50
870 67
871 75
872 83
873 91
874 91
875 50
876 58
877 75
878 83
879 91
880 91
881 50
882 58
883 67
884 75
885 91
886 91
887 50
888 50
889 83
890 91
891 92
892 91
893 91
894 50
895 58
896 66
897 84
898 83
899 91
900 91
901 50
902 66
903 75
904 83
905 92
906 92
907 50
908 66
909 75
910 83
911 92
912 92
913 50
914 59
915 75
916 83
917 92
918 92
919 50
920 59
921 66
922 83
923 84
924 91
925 91
926 50
927 66
928 75
929 84
930 91
931 91
932 50
933 58
934 75
935 84
936 91
937 91
938 50
939 58
940 66
941 84
942 91
943 91
944 50
945 58
946 66
947 75
948 84
949 91
950 91
951 50
952 66
953 75
954 84
955 84
956 50
957 58
958 67
959 75
960 83
961 91
962 50
963 58
964 67
965 74
966 91
967 91
968 50
969 50
970 67
971 74
972 84
973 91
974 91
975 50
976 67
977 74
978 84
979 91
980 91
981 50
982 58
983 74
984 84
985 91
986 91
987 50
988 58
989 67
990 74
991 91
992 91
993 50
994 50
995 67
996 74
997 84
998 91
999 91
