0 0
1 50
2 83
3 83
4 83
5 83
6 83
7 83
8 83
9 83
10 66
11 84
12 84
13 59
14 66
15 83
16 83
17 58
18 75
19 83
20 83
21 50
22 67
23 83
24 83
25 58
26 75
27 83
28 83
29 58
30 67
31 83
32 83
33 50
34 66
35 83
36 83
37 50
38 59
39 75
40 75
41 50
42 67
43 83
44 83
45 50
46 66
47 84
48 84
49 49
50 59
51 75
52 75
53 50
54 67
55 83
56 83
57 50
58 66
59 84
60 84
61 50
62 58
63 75
64 75
65 50
66 67
67 83
68 83
69 50
70 66
71 84
72 84
73 50
74 58
75 75
76 75
77 50
78 67
79 83
80 83
81 50
82 67
83 83
84 83
85 50
86 58
87 75
88 75
89 50
90 67
91 83
92 83
93 50
94 67
95 83
96 83
97 50
98 58
99 75
100 75
101 49
102 67
103 83
104 83
105 50
106 67
107 83
108 83
109 50
110 58
111 75
112 75
113 50
114 66
115 83
116 83
117 50
118 67
119 83
120 83
121 50
122 75
123 75
124 75
125 50
126 66
127 83
128 83
129 50
130 67
131 83
132 83
133 50
134 75
135 75
136 75
137 50
138 66
139 83
140 83
141 50
142 67
143 83
144 83
145 50
146 75
147 75
148 75
149 50
150 66
151 84
152 84
153 49
154 67
155 83
156 83
157 50
158 75
159 75
160 75
161 50
162 66
163 84
164 84
165 50
166 66
167 83
168 83
169 50
170 74
171 74
172 74
173 50
174 67
175 83
176 83
177 50
178 66
179 83
180 83
181 50
182 74
183 74
184 74
185 50
186 67
187 83
188 83
189 50
190 66
191 83
192 83
193 49
194 75
195 75
196 75
197 50
198 67
199 83
200 83
201 50
202 66
203 84
204 84
205 50
206 75
207 75
208 75
209 50
210 67
211 83
212 83
213 50
214 66
215 84
216 84
217 50
218 75
219 75
220 75
221 50
222 67
223 83
224 83
225 50
226 67
227 83
228 67
229 50
230 75
231 75
232 75
233 50
234 67
235 83
236 83
237 50
238 67
239 83
240 67
241 50
242 75
243 75
244 75
245 49
246 67
247 83
248 83
249 50
250 67
251 83
252 67
253 50
254 75
255 75
256 75
257 50
258 66
259 83
260 83
261 50
262 67
263 83
264 67
265 50
266 75
267 75
268 75
269 50
270 66
271 83
272 83
273 50
274 67
275 83
276 66
277 58
278 75
279 75
280 67
281 50
282 83
283 83
284 83
285 50
286 67
287 83
288 66
289 58
290 75
291 75
292 67
293 50
294 84
295 84
296 84
297 49
298 67
299 83
300 66
301 58
302 75
303 75
304 67
305 50
306 84
307 84
308 84
309 50
310 66
311 83
312 66
313 58
314 75
315 75
316 67
317 50
318 84
319 84
320 84
321 50
322 66
323 83
324 66
325 59
326 74
327 74
328 66
329 50
330 83
331 83
332 50
333 50
334 83
335 83
336 66
337 59
338 75
339 75
340 66
341 50
342 83
343 83
344 50
345 50
346 84
347 84
348 67
349 59
350 75
351 75
352 66
353 50
354 83
355 83
356 50
357 50
358 84
359 84
360 67
361 58
362 75
363 75
364 66
365 50
366 83
367 83
368 50
369 50
370 84
371 84
372 67
373 58
374 75
375 75
376 66
377 67
378 83
379 83
380 50
381 50
382 83
383 83
384 67
385 58
386 75
387 75
388 66
389 67
390 83
391 83
392 50
393 50
394 83
395 83
396 67
397 58
398 75
399 75
400 67
401 67
402 83
403 83
404 50
405 50
406 83
407 83
408 67
409 58
410 75
411 75
412 67
413 66
414 83
415 83
416 50
417 50
418 83
419 83
420 67
421 58
422 75
423 75
424 67
425 66
426 83
427 83
428 50
429 67
430 83
431 83
432 66
433 58
434 75
435 75
436 67
437 66
438 83
439 83
440 49
441 67
442 83
443 83
444 66
445 58
446 75
447 75
448 67
449 66
450 84
451 84
452 50
453 67
454 83
455 83
456 66
457 58
458 75
459 75
460 67
461 66
462 84
463 84
464 50
465 66
466 83
467 83
468 66
469 59
470 74
471 74
472 67
473 67
474 83
475 83
476 50
477 66
478 83
479 83
480 66
481 59
482 74
483 74
484 66
485 67
486 83
487 83
488 50
489 66
490 83
491 83
492 67
493 59
494 75
495 75
496 66
497 67
498 83
499 83
500 50
501 66
502 84
503 84
504 67
505 58
506 75
507 75
508 66
509 67
510 83
511 83
512 50
513 66
514 84
515 84
516 67
517 58
518 75
519 75
520 66
521 67
522 83
523 83
524 50
525 67
526 83
527 83
528 67
529 58
530 75
531 75
532 66
533 67
534 83
535 83
536 50
537 67
538 83
539 83
540 50
541 58
542 75
543 75
544 67
545 67
546 83
547 83
548 50
549 67
550 83
551 83
552 50
553 58
554 75
555 75
556 67
557 66
558 83
559 83
560 50
561 67
562 83
563 83
564 50
565 58
566 75
567 75
568 67
569 66
570 83
571 83
572 50
573 67
574 83
575 83
576 50
577 58
578 75
579 75
580 67
581 66
582 83
583 83
584 49
585 67
586 83
587 83
588 50
589 58
590 75
591 75
592 50
593 66
594 84
595 84
596 50
597 67
598 83
599 83
600 50
601 58
602 75
603 75
604 50
605 66
606 84
607 84
608 50
609 66
610 83
611 83
612 50
613 58
614 75
615 75
616 50
617 66
618 84
619 84
620 50
621 66
622 83
623 83
624 50
625 59
626 74
627 74
628 50
629 67
630 83
631 83
632 50
633 66
634 83
635 83
636 50
637 59
638 75
639 75
640 50
641 67
642 83
643 83
644 50
645 66
646 84
647 84
648 49
649 59
650 75
651 75
652 50
653 67
654 83
655 83
656 50
657 66
658 84
659 84
660 50
661 58
662 75
663 75
664 50
665 67
666 83
667 83
668 50
669 66
670 84
671 84
672 50
673 58
674 75
675 75
676 50
677 67
678 83
679 83
680 50
681 67
682 83
683 83
684 50
685 58
686 75
687 75
688 50
689 67
690 83
691 83
692 50
693 67
694 83
695 83
696 50
697 58
698 75
699 75
700 49
701 67
702 83
703 83
704 50
705 67
706 83
707 83
708 50
709 58
710 75
711 75
712 50
713 66
714 83
715 83
716 50
717 67
718 83
719 83
720 50
721 58
722 75
723 75
724 50
725 66
726 83
727 83
728 50
729 67
730 83
731 83
732 50
733 58
734 75
735 75
736 50
737 66
738 83
739 83
740 50
741 67
742 83
743 83
744 50
745 75
746 75
747 75
748 50
749 66
750 84
751 84
752 49
753 67
754 83
755 83
756 50
757 75
758 75
759 75
760 50
761 66
762 84
763 84
764 50
765 66
766 83
767 83
768 50
769 74
770 74
771 74
772 50
773 67
774 83
775 83
776 50
777 66
778 83
779 83
780 50
781 74
782 74
783 74
784 50
785 67
786 83
787 83
788 50
789 66
790 83
791 83
792 49
793 75
794 75
795 75
796 50
797 67
798 83
799 83
800 50
801 66
802 84
803 84
804 50
805 75
806 75
807 75
808 50
809 67
810 83
811 83
812 50
813 66
814 84
815 84
816 50
817 75
818 75
819 75
820 50
821 67
822 83
823 83
824 50
825 67
826 83
827 83
828 50
829 75
830 75
831 75
832 50
833 67
834 83
835 83
836 50
837 67
838 83
839 83
840 50
841 75
842 75
843 75
844 49
845 67
846 83
847 83
848 50
849 67
850 83
851 67
852 50
853 75
854 75
855 75
856 50
857 66
858 83
859 83
860 50
861 67
862 83
863 67
864 50
865 75
866 75
867 75
868 50
869 66
870 83
871 83
872 50
873 67
874 83
875 66
876 50
877 75
878 75
879 75
880 50
881 66
882 83
883 83
884 50
885 67
886 83
887 66
888 50
889 75
890 75
891 75
892 50
893 66
894 84
895 84
896 49
897 67
898 83
899 66
900 58
901 75
902 75
903 67
904 50
905 84
906 84
907 84
908 50
909 66
910 83
911 66
912 58
913 75
914 75
915 67
916 50
917 84
918 84
919 84
920 50
921 66
922 83
923 66
924 59
925 74
926 74
927 66
928 50
929 83
930 83
931 83
932 50
933 66
934 83
935 66
936 59
937 75
938 75
939 66
940 50
941 83
942 83
943 83
944 50
945 66
946 84
947 67
948 59
949 75
950 75
951 66
952 50
953 83
954 83
955 50
956 50
957 84
958 84
959 67
960 58
961 75
962 75
963 66
964 50
965 83
966 83
967 50
968 50
969 84
970 84
971 67
972 58
973 75
974 75
975 66
976 50
977 83
978 83
979 50
980 50
981 83
982 83
983 67
984 58
985 75
986 75
987 66
988 50
989 83
990 83
991 50
992 50
993 83
994 83
995 67
996 58
997 75
998 75
999 67
