0 0
1 8
2 8
3 8
4 42
5 66
6 84
7 84
8 50
9 66
10 84
11 84
12 42
13 58
14 83
15 84
16 84
17 59
18 74
19 84
20 50
21 58
22 75
23 75
24 66
25 67
26 83
27 83
28 83
29 58
30 75
31 83
32 49
33 50
34 83
35 83
36 83
37 58
38 75
39 83
40 83
41 58
42 75
43 83
44 50
45 49
46 83
47 83
48 83
49 58
50 75
51 84
52 84
53 58
54 75
55 83
56 50
57 50
58 83
59 83
60 50
61 59
62 74
63 84
64 84
65 58
66 75
67 83
68 50
69 50
70 83
71 83
72 50
73 59
74 74
75 84
76 84
77 58
78 75
79 83
80 50
81 50
82 83
83 83
84 49
85 59
86 75
87 83
88 83
89 58
90 75
91 83
92 50
93 50
94 84
95 84
96 50
97 58
98 75
99 83
100 83
101 58
102 75
103 84
104 50
105 50
106 84
107 84
108 50
109 58
110 75
111 83
112 50
113 59
114 74
115 84
116 50
117 66
118 84
119 84
120 50
121 58
122 75
123 83
124 50
125 59
126 74
127 84
128 50
129 67
130 83
131 83
132 50
133 58
134 75
135 83
136 49
137 59
138 75
139 83
140 50
141 67
142 83
143 83
144 50
145 58
146 75
147 83
148 50
149 58
150 75
151 83
152 50
153 67
154 83
155 83
156 50
157 58
158 75
159 83
160 50
161 58
162 75
163 83
164 50
165 67
166 83
167 83
168 50
169 58
170 83
171 83
172 50
173 58
174 75
175 83
176 50
177 67
178 83
179 83
180 50
181 58
182 83
183 83
184 50
185 58
186 75
187 83
188 49
189 67
190 83
191 83
192 50
193 58
194 83
195 83
196 50
197 58
198 75
199 83
200 50
201 67
202 83
203 83
204 50
205 58
206 84
207 84
208 50
209 58
210 75
211 83
212 50
213 66
214 83
215 83
216 50
217 59
218 84
219 84
220 50
221 58
222 83
223 83
224 50
225 66
226 83
227 83
228 50
229 59
230 83
231 83
232 50
233 58
234 83
235 83
236 50
237 66
238 83
239 83
240 49
241 59
242 83
243 83
244 50
245 58
246 83
247 83
248 50
249 66
250 84
251 84
252 50
253 58
254 83
255 83
256 50
257 58
258 84
259 84
260 50
261 66
262 84
263 84
264 50
265 58
266 83
267 83
268 50
269 59
270 84
271 84
272 50
273 67
274 83
275 83
276 50
277 75
278 83
279 83
280 50
281 59
282 83
283 83
284 50
285 67
286 83
287 83
288 50
289 75
290 83
291 83
292 49
293 59
294 83
295 83
296 50
297 67
298 83
299 83
300 50
301 75
302 83
303 83
304 50
305 58
306 83
307 83
308 50
309 67
310 83
311 83
312 50
313 75
314 83
315 83
316 50
317 58
318 83
319 83
320 50
321 67
322 83
323 83
324 50
325 75
326 83
327 83
328 50
329 75
330 83
331 83
332 50
333 67
334 83
335 83
336 50
337 75
338 83
339 83
340 50
341 75
342 83
343 83
344 49
345 67
346 83
347 83
348 50
349 75
350 84
351 84
352 50
353 75
354 83
355 83
356 50
357 66
358 83
359 83
360 50
361 74
362 84
363 84
364 50
365 75
366 83
367 83
368 50
369 66
370 83
371 83
372 50
373 74
374 84
375 84
376 50
377 75
378 83
379 83
380 50
381 66
382 83
383 83
384 49
385 75
386 83
387 83
388 50
389 75
390 83
391 83
392 50
393 66
394 84
395 84
396 50
397 75
398 83
399 83
400 50
401 75
402 84
403 84
404 50
405 66
406 84
407 84
408 50
409 75
410 83
411 83
412 50
413 74
414 84
415 84
416 50
417 66
418 84
419 84
420 50
421 75
422 83
423 83
424 50
425 74
426 84
427 84
428 50
429 67
430 83
431 83
432 58
433 75
434 83
435 83
436 49
437 75
438 83
439 83
440 50
441 67
442 83
443 83
444 58
445 75
446 83
447 83
448 50
449 75
450 83
451 83
452 50
453 67
454 83
455 83
456 58
457 75
458 83
459 83
460 50
461 75
462 83
463 83
464 50
465 67
466 83
467 83
468 58
469 75
470 83
471 83
472 50
473 75
474 83
475 83
476 50
477 67
478 83
479 83
480 58
481 75
482 83
483 83
484 58
485 75
486 83
487 83
488 50
489 67
490 83
491 83
492 58
493 75
494 83
495 83
496 58
497 75
498 83
499 83
500 49
501 67
502 83
503 83
504 58
505 75
506 84
507 84
508 58
509 75
510 83
511 83
512 50
513 66
514 83
515 83
516 59
517 74
518 84
519 84
520 58
521 75
522 83
523 83
524 50
525 66
526 83
527 83
528 59
529 75
530 83
531 83
532 58
533 75
534 83
535 83
536 50
537 66
538 83
539 83
540 59
541 75
542 83
543 83
544 58
545 75
546 83
547 83
548 50
549 66
550 84
551 84
552 58
553 75
554 83
555 83
556 58
557 75
558 84
559 84
560 50
561 66
562 84
563 84
564 58
565 75
566 83
567 83
568 59
569 74
570 84
571 84
572 50
573 67
574 83
575 83
576 58
577 75
578 83
579 83
580 59
581 75
582 83
583 83
584 50
585 67
586 83
587 83
588 58
589 75
590 83
591 83
592 59
593 75
594 83
595 83
596 50
597 67
598 83
599 83
600 58
601 75
602 83
603 83
604 58
605 75
606 83
607 83
608 50
609 67
610 83
611 83
612 58
613 75
614 83
615 83
616 58
617 75
618 83
619 83
620 50
621 67
622 83
623 83
624 58
625 75
626 83
627 83
628 58
629 75
630 83
631 83
632 50
633 83
634 83
635 83
636 58
637 75
638 83
639 83
640 58
641 75
642 83
643 50
644 49
645 83
646 83
647 83
648 58
649 75
650 84
651 84
652 58
653 75
654 83
655 50
656 50
657 83
658 83
659 83
660 59
661 74
662 84
663 84
664 58
665 75
666 83
667 50
668 50
669 83
670 83
671 83
672 59
673 74
674 84
675 84
676 58
677 75
678 83
679 50
680 50
681 83
682 83
683 83
684 59
685 75
686 83
687 83
688 58
689 75
690 83
691 50
692 50
693 84
694 84
695 50
696 58
697 75
698 83
699 83
700 58
701 75
702 84
703 50
704 50
705 84
706 84
707 50
708 58
709 75
710 83
711 83
712 59
713 74
714 84
715 50
716 50
717 84
718 84
719 50
720 58
721 75
722 83
723 83
724 59
725 74
726 84
727 50
728 50
729 83
730 83
731 50
732 58
733 75
734 83
735 83
736 59
737 75
738 83
739 50
740 67
741 83
742 83
743 50
744 58
745 75
746 83
747 50
748 58
749 75
750 83
751 50
752 67
753 83
754 83
755 50
756 58
757 75
758 83
759 50
760 58
761 75
762 83
763 50
764 67
765 83
766 83
767 50
768 58
769 75
770 83
771 50
772 58
773 75
774 83
775 50
776 67
777 83
778 83
779 50
780 58
781 75
782 83
783 50
784 58
785 75
786 83
787 49
788 67
789 83
790 83
791 50
792 58
793 83
794 83
795 50
796 58
797 75
798 83
799 50
800 67
801 83
802 83
803 50
804 58
805 84
806 84
807 50
808 58
809 75
810 83
811 50
812 66
813 83
814 83
815 50
816 59
817 84
818 84
819 50
820 58
821 75
822 83
823 50
824 66
825 83
826 83
827 50
828 59
829 83
830 83
831 50
832 58
833 75
834 83
835 50
836 66
837 83
838 83
839 49
840 59
841 83
842 83
843 50
844 58
845 83
846 83
847 50
848 66
849 84
850 84
851 50
852 58
853 83
854 83
855 50
856 58
857 84
858 84
859 50
860 66
861 84
862 84
863 50
864 58
865 83
866 83
867 50
868 59
869 84
870 84
871 50
872 67
873 83
874 83
875 50
876 58
877 83
878 83
879 50
880 59
881 83
882 83
883 50
884 67
885 83
886 83
887 50
888 58
889 83
890 83
891 49
892 59
893 83
894 83
895 50
896 67
897 83
898 83
899 50
900 75
901 83
902 83
903 50
904 58
905 83
906 83
907 50
908 67
909 83
910 83
911 50
912 75
913 83
914 83
915 50
916 58
917 83
918 83
919 50
920 67
921 83
922 83
923 50
924 75
925 83
926 83
927 50
928 58
929 83
930 83
931 49
932 67
933 83
934 83
935 50
936 75
937 83
938 83
939 50
940 58
941 83
942 83
943 50
944 67
945 83
946 83
947 50
948 75
949 84
950 84
951 50
952 75
953 83
954 83
955 50
956 66
957 83
958 83
959 50
960 74
961 84
962 84
963 50
964 75
965 83
966 83
967 50
968 66
969 83
970 83
971 50
972 74
973 84
974 84
975 50
976 75
977 83
978 83
979 50
980 66
981 83
982 83
983 49
984 75
985 83
986 83
987 50
988 75
989 83
990 83
991 50
992 66
993 84
994 84
995 50
996 75
997 83
998 83
999 50
