0 0
1 6
2 83
3 50
4 67
5 75
6 75
7 67
8 66
9 83
10 83
11 50
12 59
13 74
14 74
15 50
16 67
17 83
18 83
19 50
20 66
21 83
22 83
23 49
24 59
25 75
26 75
27 50
28 67
29 83
30 83
31 50
32 66
33 84
34 84
35 50
36 58
37 75
38 75
39 50
40 67
41 83
42 83
43 50
44 66
45 84
46 84
47 50
48 58
49 75
50 75
51 50
52 67
53 83
54 83
55 50
56 67
57 83
58 83
59 50
60 58
61 75
62 75
63 50
64 67
65 83
66 83
67 50
68 67
69 83
70 83
71 50
72 58
73 75
74 75
75 49
76 67
77 83
78 83
79 50
80 67
81 83
82 83
83 50
84 58
85 75
86 75
87 50
88 66
89 83
90 83
91 50
92 67
93 83
94 83
95 50
96 58
97 75
98 75
99 50
100 66
101 83
102 83
103 50
104 67
105 83
106 83
107 50
108 58
109 75
110 75
111 50
112 66
113 83
114 83
115 50
116 67
117 83
118 83
119 50
120 58
121 75
122 75
123 50
124 66
125 84
126 84
127 49
128 67
129 83
130 83
131 50
132 58
133 75
134 75
135 50
136 66
137 84
138 84
139 50
140 66
141 83
142 83
143 50
144 58
145 75
146 75
147 50
148 66
149 84
150 84
151 50
152 66
153 83
154 83
155 50
156 74
157 74
158 74
159 50
160 67
161 83
162 83
163 50
164 66
165 83
166 83
167 50
168 75
169 75
170 75
171 50
172 67
173 83
174 83
175 50
176 66
177 84
178 84
179 49
180 75
181 75
182 75
183 50
184 67
185 83
186 83
187 50
188 66
189 84
190 84
191 50
192 75
193 75
194 75
195 50
196 67
197 83
198 83
199 50
200 66
201 84
202 84
203 50
204 75
205 75
206 75
207 50
208 67
209 83
210 83
211 50
212 67
213 83
214 83
215 50
216 75
217 75
218 75
219 50
220 67
221 83
222 83
223 50
224 67
225 83
226 83
227 50
228 75
229 75
230 75
231 49
232 67
233 83
234 83
235 50
236 67
237 83
238 83
239 50
240 75
241 75
242 75
243 50
244 66
245 83
246 83
247 50
248 67
249 83
250 83
251 50
252 75
253 75
254 75
255 50
256 66
257 83
258 83
259 50
260 67
261 83
262 66
263 50
264 75
265 75
266 75
267 50
268 66
269 83
270 83
271 50
272 67
273 83
274 66
275 50
276 75
277 75
278 75
279 50
280 66
281 84
282 84
283 49
284 67
285 83
286 66
287 50
288 75
289 75
290 75
291 50
292 66
293 84
294 84
295 50
296 66
297 83
298 66
299 50
300 74
301 74
302 74
303 50
304 67
305 83
306 83
307 50
308 66
309 83
310 66
311 59
312 74
313 74
314 66
315 50
316 83
317 83
318 83
319 50
320 66
321 83
322 67
323 59
324 75
325 75
326 66
327 50
328 83
329 83
330 83
331 50
332 66
333 84
334 67
335 58
336 75
337 75
338 66
339 50
340 83
341 83
342 83
343 50
344 66
345 84
346 67
347 58
348 75
349 75
350 66
351 50
352 83
353 83
354 83
355 50
356 67
357 83
358 67
359 58
360 75
361 75
362 66
363 50
364 83
365 83
366 50
367 50
368 83
369 83
370 67
371 58
372 75
373 75
374 67
375 49
376 83
377 83
378 50
379 50
380 83
381 83
382 67
383 58
384 75
385 75
386 67
387 50
388 83
389 83
390 50
391 50
392 83
393 83
394 67
395 58
396 75
397 75
398 67
399 50
400 83
401 83
402 50
403 50
404 83
405 83
406 66
407 58
408 75
409 75
410 67
411 66
412 83
413 83
414 49
415 50
416 83
417 83
418 66
419 58
420 75
421 75
422 67
423 66
424 84
425 84
426 50
427 49
428 83
429 83
430 66
431 58
432 75
433 75
434 67
435 66
436 84
437 84
438 50
439 50
440 83
441 83
442 66
443 58
444 75
445 75
446 67
447 66
448 84
449 84
450 50
451 50
452 83
453 83
454 66
455 59
456 74
457 74
458 66
459 67
460 83
461 83
462 50
463 66
464 83
465 83
466 66
467 59
468 75
469 75
470 66
471 67
472 83
473 83
474 50
475 66
476 84
477 84
478 67
479 59
480 75
481 75
482 66
483 67
484 83
485 83
486 50
487 66
488 84
489 84
490 67
491 58
492 75
493 75
494 66
495 67
496 83
497 83
498 50
499 66
500 84
501 84
502 67
503 58
504 75
505 75
506 66
507 67
508 83
509 83
510 50
511 67
512 83
513 83
514 67
515 58
516 75
517 75
518 66
519 67
520 83
521 83
522 50
523 67
524 83
525 83
526 67
527 58
528 75
529 75
530 67
531 67
532 83
533 83
534 50
535 67
536 83
537 83
538 67
539 58
540 75
541 75
542 67
543 66
544 83
545 83
546 50
547 67
548 83
549 83
550 67
551 58
552 75
553 75
554 67
555 66
556 83
557 83
558 50
559 67
560 83
561 83
562 66
563 58
564 75
565 75
566 67
567 66
568 83
569 83
570 49
571 67
572 83
573 83
574 50
575 58
576 75
577 75
578 67
579 66
580 84
581 84
582 50
583 67
584 83
585 83
586 50
587 58
588 75
589 75
590 67
591 66
592 84
593 84
594 50
595 66
596 83
597 83
598 50
599 59
600 74
601 74
602 67
603 67
604 83
605 83
606 50
607 66
608 83
609 83
610 50
611 59
612 74
613 74
614 66
615 67
616 83
617 83
618 50
619 66
620 83
621 83
622 49
623 59
624 75
625 75
626 50
627 67
628 83
629 83
630 50
631 66
632 84
633 84
634 50
635 58
636 75
637 75
638 50
639 67
640 83
641 83
642 50
643 66
644 84
645 84
646 50
647 58
648 75
649 75
650 50
651 67
652 83
653 83
654 50
655 67
656 83
657 83
658 50
659 58
660 75
661 75
662 50
663 67
664 83
665 83
666 50
667 67
668 83
669 83
670 50
671 58
672 75
673 75
674 49
675 67
676 83
677 83
678 50
679 67
680 83
681 83
682 50
683 58
684 75
685 75
686 50
687 66
688 83
689 83
690 50
691 67
692 83
693 83
694 50
695 58
696 75
697 75
698 50
699 66
700 83
701 83
702 50
703 67
704 83
705 83
706 50
707 58
708 75
709 75
710 50
711 66
712 83
713 83
714 50
715 67
716 83
717 83
718 50
719 58
720 75
721 75
722 50
723 66
724 84
725 84
726 49
727 67
728 83
729 83
730 50
731 58
732 75
733 75
734 50
735 66
736 84
737 84
738 50
739 66
740 83
741 83
742 50
743 58
744 75
745 75
746 50
747 66
748 84
749 84
750 50
751 66
752 83
753 83
754 50
755 59
756 74
757 74
758 50
759 67
760 83
761 83
762 50
763 66
764 83
765 83
766 50
767 59
768 75
769 75
770 50
771 67
772 83
773 83
774 50
775 66
776 84
777 84
778 49
779 75
780 75
781 75
782 50
783 67
784 83
785 83
786 50
787 66
788 84
789 84
790 50
791 75
792 75
793 75
794 50
795 67
796 83
797 83
798 50
799 66
800 84
801 84
802 50
803 75
804 75
805 75
806 50
807 67
808 83
809 83
810 50
811 67
812 83
813 83
814 50
815 75
816 75
817 75
818 50
819 67
820 83
821 83
822 50
823 67
824 83
825 83
826 50
827 75
828 75
829 75
830 49
831 67
832 83
833 83
834 50
835 67
836 83
837 83
838 50
839 75
840 75
841 75
842 50
843 66
844 83
845 83
846 50
847 67
848 83
849 83
850 50
851 75
852 75
853 75
854 50
855 66
856 83
857 83
858 50
859 67
860 83
861 83
862 50
863 75
864 75
865 75
866 50
867 66
868 83
869 83
870 50
871 67
872 83
873 83
874 50
875 75
876 75
877 75
878 50
879 66
880 84
881 84
882 49
883 67
884 83
885 66
886 50
887 75
888 75
889 75
890 50
891 66
892 84
893 84
894 50
895 66
896 83
897 66
898 50
899 74
900 74
901 74
902 50
903 67
904 83
905 83
906 50
907 66
908 83
909 66
910 50
911 74
912 74
913 74
914 50
915 67
916 83
917 83
918 50
919 66
920 83
921 67
922 49
923 75
924 75
925 75
926 50
927 67
928 83
929 83
930 50
931 66
932 84
933 67
934 58
935 75
936 75
937 66
938 50
939 83
940 83
941 83
942 50
943 66
944 84
945 67
946 58
947 75
948 75
949 66
950 50
951 83
952 83
953 83
954 50
955 67
956 83
957 67
958 58
959 75
960 75
961 66
962 50
963 83
964 83
965 83
966 50
967 67
968 83
969 67
970 58
971 75
972 75
973 67
974 49
975 83
976 83
977 83
978 50
979 67
980 83
981 67
982 58
983 75
984 75
985 67
986 50
987 83
988 83
989 50
990 50
991 83
992 83
993 67
994 58
995 75
996 75
997 67
998 50
999 83
