0 0
1 50
2 83
3 83
4 75
5 67
6 83
7 83
8 92
9 91
10 84
11 91
12 50
13 58
14 83
15 92
16 91
17 91
18 50
19 58
20 67
21 74
22 84
23 91
24 91
25 50
26 67
27 74
28 84
29 91
30 91
31 50
32 58
33 74
34 84
35 91
36 91
37 50
38 58
39 67
40 84
41 91
42 91
43 50
44 58
45 67
46 74
47 84
48 91
49 91
50 50
51 67
52 74
53 84
54 91
55 91
56 50
57 58
58 74
59 84
60 91
61 91
62 50
63 58
64 67
65 91
66 92
67 92
68 49
69 59
70 66
71 75
72 83
73 92
74 92
75 50
76 66
77 75
78 83
79 92
80 92
81 50
82 59
83 83
84 84
85 91
86 91
87 50
88 58
89 67
90 74
91 91
92 91
93 50
94 50
95 67
96 74
97 84
98 91
99 91
100 50
101 67
102 74
103 84
104 91
105 91
106 50
107 58
108 74
109 84
110 91
111 91
112 50
113 58
114 67
115 74
116 91
117 91
118 50
119 58
120 67
121 74
122 84
123 91
124 91
125 50
126 67
127 74
128 84
129 91
130 91
131 50
132 58
133 74
134 84
135 91
136 91
137 50
138 58
139 67
140 84
141 91
142 91
143 50
144 50
145 83
146 84
147 83
148 91
149 91
150 50
151 58
152 75
153 83
154 83
155 41
156 58
157 59
158 75
159 83
160 92
161 92
162 50
163 67
164 83
165 83
166 92
167 92
168 50
169 59
170 75
171 83
172 92
173 92
174 50
175 59
176 66
177 75
178 92
179 92
180 50
181 49
182 66
183 75
184 83
185 92
186 92
187 49
188 66
189 75
190 83
191 92
192 92
193 49
194 59
195 75
196 83
197 92
198 92
199 50
200 59
201 66
202 75
203 92
204 92
205 50
206 49
207 66
208 75
209 83
210 92
211 92
212 49
213 66
214 75
215 83
216 92
217 92
218 49
219 59
220 75
221 83
222 92
223 92
224 50
225 75
226 83
227 91
228 92
229 91
230 91
231 50
232 58
233 67
234 83
235 91
236 91
237 50
238 50
239 66
240 75
241 84
242 91
243 91
244 50
245 66
246 75
247 84
248 91
249 91
250 50
251 58
252 75
253 84
254 91
255 91
256 50
257 66
258 83
259 92
260 91
261 92
262 92
263 50
264 58
265 66
266 91
267 92
268 92
269 50
270 58
271 67
272 75
273 83
274 92
275 92
276 49
277 59
278 75
279 83
280 92
281 92
282 50
283 58
284 67
285 74
286 91
287 91
288 50
289 50
290 67
291 74
292 92
293 92
294 92
295 50
296 58
297 75
298 83
299 92
300 92
301 50
302 58
303 67
304 83
305 92
306 92
307 50
308 58
309 67
310 75
311 83
312 92
313 92
314 50
315 67
316 75
317 83
318 92
319 92
320 50
321 58
322 75
323 83
324 83
325 50
326 59
327 66
328 75
329 83
330 92
331 50
332 50
333 67
334 75
335 83
336 92
337 92
338 50
339 67
340 75
341 83
342 92
343 92
344 50
345 58
346 75
347 83
348 92
349 92
350 50
351 58
352 67
353 75
354 92
355 92
356 50
357 50
358 67
359 75
360 83
361 92
362 92
363 50
364 67
365 75
366 83
367 92
368 92
369 50
370 58
371 75
372 83
373 92
374 92
375 50
376 58
377 67
378 83
379 92
380 92
381 50
382 58
383 67
384 75
385 91
386 92
387 92
388 50
389 66
390 75
391 83
392 92
393 92
394 50
395 58
396 75
397 83
398 92
399 92
400 50
401 58
402 66
403 75
404 92
405 92
406 50
407 50
408 66
409 75
410 83
411 92
412 92
413 50
414 66
415 75
416 83
417 92
418 92
419 50
420 58
421 75
422 83
423 92
424 92
425 50
426 58
427 66
428 75
429 92
430 92
431 50
432 58
433 66
434 75
435 83
436 92
437 92
438 50
439 66
440 75
441 83
442 92
443 92
444 50
445 66
446 83
447 92
448 91
449 92
450 92
451 49
452 66
453 83
454 84
455 91
456 91
457 50
458 58
459 74
460 84
461 91
462 91
463 50
464 58
465 67
466 74
467 91
468 91
469 50
470 50
471 67
472 74
473 84
474 91
475 91
476 50
477 58
478 83
479 83
480 92
481 92
482 50
483 59
484 66
485 83
486 92
487 92
488 50
489 59
490 66
491 75
492 83
493 92
494 92
495 49
496 66
497 75
498 83
499 92
500 92
501 49
502 59
503 75
504 83
505 92
506 92
507 50
508 59
509 66
510 83
511 83
512 42
513 58
514 58
515 75
516 83
517 91
518 91
519 50
520 58
521 75
522 83
523 92
524 92
525 50
526 58
527 66
528 83
529 92
530 92
531 50
532 58
533 66
534 75
535 92
536 92
537 50
538 50
539 66
540 75
541 83
542 92
543 92
544 50
545 66
546 75
547 83
548 92
549 92
550 50
551 58
552 75
553 83
554 92
555 92
556 50
557 58
558 66
559 75
560 92
561 92
562 50
563 50
564 66
565 75
566 83
567 92
568 92
569 50
570 66
571 75
572 92
573 91
574 91
575 50
576 58
577 67
578 83
579 91
580 91
581 50
582 58
583 67
584 75
585 91
586 91
587 50
588 50
589 67
590 75
591 83
592 91
593 91
594 50
595 67
596 75
597 83
598 91
599 91
600 50
601 58
602 75
603 83
604 91
605 91
606 50
607 58
608 67
609 75
610 91
611 91
612 50
613 50
614 67
615 75
616 83
617 91
618 91
619 50
620 67
621 75
622 83
623 91
624 91
625 50
626 58
627 75
628 83
629 91
630 91
631 50
632 66
633 84
634 91
635 92
636 91
637 91
638 50
639 58
640 83
641 83
642 92
643 92
644 50
645 58
646 67
647 75
648 92
649 92
650 75
651 50
652 67
653 75
654 83
655 83
656 92
657 50
658 58
659 74
660 84
661 91
662 91
663 50
664 58
665 67
666 83
667 91
668 91
669 50
670 50
671 67
672 75
673 83
674 91
675 91
676 50
677 67
678 75
679 83
680 91
681 91
682 50
683 58
684 75
685 83
686 91
687 91
688 50
689 58
690 67
691 83
692 91
693 91
694 50
695 58
696 67
697 75
698 83
699 83
700 50
701 59
702 66
703 75
704 92
705 92
706 50
707 58
708 67
709 83
710 92
711 92
712 50
713 58
714 67
715 75
716 83
717 92
718 92
719 50
720 67
721 75
722 83
723 92
724 92
725 50
726 58
727 75
728 83
729 92
730 92
731 50
732 58
733 67
734 83
735 92
736 92
737 50
738 58
739 67
740 75
741 83
742 92
743 92
744 50
745 67
746 75
747 83
748 92
749 92
750 50
751 58
752 75
753 83
754 92
755 92
756 50
757 58
758 67
759 83
760 92
761 92
762 50
763 58
764 66
765 75
766 83
767 92
768 92
769 50
770 66
771 75
772 83
773 92
774 92
775 50
776 58
777 75
778 83
779 92
780 92
781 50
782 58
783 66
784 83
785 92
786 92
787 50
788 58
789 66
790 75
791 83
792 92
793 92
794 50
795 66
796 75
797 83
798 92
799 92
800 50
801 58
802 75
803 83
804 92
805 92
806 50
807 58
808 66
809 83
810 92
811 92
812 50
813 58
814 66
815 75
816 83
817 92
818 92
819 58
820 75
821 83
822 83
823 92
824 92
825 50
826 59
827 66
828 83
829 92
830 91
831 91
832 50
833 67
834 75
835 83
836 91
837 91
838 74
839 58
840 67
841 75
842 83
843 91
844 91
845 50
846 66
847 75
848 84
849 91
850 91
851 50
852 58
853 84
854 83
855 91
856 91
857 50
858 58
859 67
860 83
861 91
862 91
863 50
864 58
865 67
866 75
867 83
868 91
869 91
870 50
871 67
872 75
873 83
874 91
875 91
876 50
877 58
878 75
879 83
880 91
881 91
882 50
883 58
884 67
885 83
886 83
887 41
888 58
889 59
890 75
891 83
892 92
893 92
894 50
895 58
896 75
897 83
898 92
899 92
900 50
901 58
902 67
903 83
904 92
905 92
906 50
907 58
908 67
909 75
910 83
911 92
912 92
913 50
914 67
915 75
916 83
917 92
918 92
919 50
920 58
921 75
922 83
923 92
924 92
925 50
926 58
927 67
928 83
929 92
930 92
931 50
932 58
933 67
934 75
935 83
936 92
937 92
938 50
939 67
940 75
941 83
942 92
943 92
944 50
945 58
946 75
947 91
948 92
949 92
950 50
951 59
952 66
953 83
954 92
955 92
956 50
957 59
958 66
959 75
960 83
961 92
962 92
963 49
964 66
965 75
966 83
967 92
968 92
969 49
970 59
971 75
972 83
973 92
974 92
975 50
976 59
977 66
978 83
979 92
980 92
981 50
982 59
983 66
984 75
985 83
986 92
987 92
988 49
989 66
990 75
991 83
992 92
993 92
994 49
995 59
996 75
997 83
998 92
999 92
