1 15.3
2 60.7
3 43.9
4 63.1
5 81.5
6 79.1
7 74.8
8 64.9
9 78.2
10 83.3
11 67.6
12 59.2
13 67.3
14 74.0
15 67.3
16 72.5
17 73.9
18 81.4
19 65.8
20 62.4
21 71.5
22 79.8
23 64.9
24 64.8
25 71.6
26 74.9
27 64.9
28 70.6
29 73.1
30 80.6
31 67.5
32 61.8
33 69.0
34 80.7
35 66.5
36 67.3
37 69.0
38 71.6
39 63.3
40 69.1
41 71.4
42 79.7
43 67.3
44 65.9
45 68.2
46 80.7
47 66.5
48 67.3
49 69.1
50 75.6
51 62.4
52 68.2
53 70.8
54 80.0
55 67.2
56 65.9
57 68.2
58 78.8
59 64.9
60 63.0
61 70.1
62 75.7
63 66.7
64 67.3
65 70.9
66 79.1
67 66.6
68 65.8
69 72.1
70 78.0
71 64.9
72 59.8
73 69.8
74 75.7
75 66.5
76 67.4
77 69.8
78 78.3
79 67.3
80 65.7
81 72.3
82 78.1
83 64.2
84 59.1
85 68.9
86 74.8
87 66.8
88 71.6
89 68.9
90 78.2
91 65.8
92 64.8
93 72.3
94 82.3
95 63.1
96 58.5
97 69.0
98 74.9
99 66.6
100 71.6
101 69.1
102 77.4
103 64.8
104 64.8
105 72.5
106 82.6
107 63.5
108 58.3
109 68.3
110 74.1
111 65.7
112 68.3
113 75.0
114 76.5
115 65.0
116 63.9
117 75.0
118 82.7
119 67.6
120 57.5
121 67.4
122 75.7
123 65.7
124 65.0
125 74.9
126 76.7
127 64.2
128 63.2
129 74.8
130 82.6
131 67.6
132 57.4
133 67.4
134 74.8
135 64.9
136 64.2
137 74.9
138 80.8
139 63.3
140 63.2
141 75.9
142 82.3
143 67.3
144 61.6
145 69.1
146 74.1
147 63.9
148 64.1
149 74.0
150 80.8
151 67.4
152 61.6
153 73.4
154 80.7
155 66.5
156 69.8
157 70.6
158 73.2
159 63.2
160 63.2
161 74.0
162 80.5
163 67.3
164 61.6
165 72.5
166 79.9
167 65.7
168 69.9
169 70.7
170 74.9
171 63.1
172 62.5
173 73.9
174 79.7
175 67.4
176 65.8
177 71.7
178 79.8
179 65.6
180 69.1
181 70.8
182 79.1
183 62.4
184 61.6
185 73.1
186 79.7
187 67.4
188 65.9
189 71.7
190 79.1
191 64.8
192 68.3
193 70.8
194 79.2
195 62.4
196 60.7
197 72.4
198 79.1
199 66.4
200 65.9
201 75.7
202 78.2
203 64.8
204 68.3
205 70.0
206 78.3
207 62.4
208 61.5
209 72.5
210 79.0
211 66.7
212 65.7
213 71.5
214 77.9
215 64.8
216 69.1
217 70.0
218 79.2
219 66.7
220 60.4
221 72.5
222 80.9
223 66.4
224 65.8
225 75.5
226 77.9
227 64.1
228 67.2
229 69.8
230 79.0
231 66.6
232 60.7
233 71.6
234 79.8
235 66.5
236 65.7
237 75.5
238 78.1
239 64.2
240 66.6
241 69.0
242 78.2
243 66.7
244 65.0
245 70.6
246 79.9
247 65.7
248 64.8
249 75.7
250 82.5
251 63.1
252 65.8
253 69.1
254 78.1
255 66.6
256 65.0
257 70.8
258 79.2
259 64.9
260 64.7
261 75.8
262 74.2
263 63.4
264 65.9
265 68.2
266 77.4
267 66.6
268 65.7
269 74.9
270 80.0
271 65.1
272 63.8
273 75.1
274 74.2
275 67.5
276 64.9
277 71.5
278 77.2
279 65.8
280 64.9
281 74.9
282 80.0
283 64.1
284 63.3
285 75.0
286 74.1
287 67.4
288 65.0
289 71.6
290 76.6
291 64.8
292 64.4
293 74.8
294 84.0
295 63.3
296 63.3
297 74.1
298 73.4
299 67.2
300 69.0
301 70.7
302 75.6
303 64.6
304 66.0
305 74.8
306 83.8
307 63.2
308 62.4
309 73.4
310 73.4
311 71.4
312 69.0
313 70.7
314 71.5
315 64.0
316 71.4
317 74.0
318 83.8
319 67.3
320 61.5
321 73.4
322 74.1
323 70.7
324 69.0
325 74.9
326 70.7
327 64.0
328 72.4
329 78.1
330 83.9
331 67.3
332 60.7
333 72.5
334 73.2
335 68.8
336 68.2
337 75.0
338 75.0
339 62.5
340 69.8
341 76.5
342 83.1
343 67.4
344 62.5
345 71.5
346 72.2
347 68.9
348 68.2
349 74.8
350 75.0
351 62.4
352 70.0
353 75.9
354 82.5
355 66.4
356 64.1
357 75.6
358 71.4
359 68.9
360 68.2
361 74.0
362 75.2
363 66.8
364 69.3
365 75.2
366 65.8
367 66.5
368 70.6
369 75.6
370 71.4
371 68.3
372 66.3
373 73.1
374 75.2
375 66.6
376 69.0
377 75.8
378 64.8
379 65.7
380 69.8
381 75.5
382 75.6
383 67.5
384 66.4
385 73.0
386 74.2
387 66.8
388 73.2
389 75.8
390 64.1
391 65.8
392 69.8
393 74.6
394 70.9
395 68.6
396 66.7
397 73.2
398 74.0
399 66.5
400 73.1
401 75.6
402 64.9
403 65.7
404 70.0
405 75.7
406 75.9
407 67.5
408 65.8
409 73.3
410 73.9
411 69.9
412 73.2
413 75.7
414 64.2
415 65.0
416 70.1
417 75.9
418 76.0
419 67.7
420 65.8
421 72.3
422 73.1
423 74.1
424 73.2
425 79.9
426 63.3
427 61.5
428 69.1
429 78.3
430 75.9
431 71.7
432 66.4
433 71.6
434 73.0
435 74.1
436 73.3
437 79.8
438 63.4
439 60.9
440 68.2
441 78.3
442 75.8
443 71.5
444 66.6
445 71.7
446 72.3
447 73.3
448 72.5
449 80.0
450 67.4
451 59.8
452 68.2
453 77.5
454 75.8
455 71.4
456 70.6
457 70.7
458 71.4
459 73.1
460 72.3
461 79.7
462 67.3
463 63.2
464 67.4
465 76.7
466 75.0
467 71.4
468 70.7
469 70.8
470 71.5
471 72.4
472 71.4
473 79.0
474 67.3
475 72.4
476 66.6
477 76.7
478 73.9
479 67.4
480 70.6
481 74.9
482 70.7
483 71.4
484 73.0
485 79.0
486 67.1
487 72.4
488 66.4
489 75.8
490 73.2
491 67.3
492 70.6
493 74.9
494 70.9
495 71.5
496 72.5
497 78.2
498 66.7
499 72.4
500 70.7
501 74.9
502 73.1
503 66.3
504 70.0
505 74.8
506 75.0
507 70.6
508 71.6
509 78.2
510 66.6
511 72.4
512 70.4
513 74.7
514 73.0
515 67.3
516 70.7
517 75.1
518 75.0
519 74.7
520 70.9
521 77.7
522 64.8
523 71.5
524 71.4
525 78.8
526 71.3
527 64.9
528 68.3
529 73.8
530 74.9
531 71.5
532 70.6
533 76.6
534 64.8
535 70.6
536 71.4
537 78.7
538 75.5
539 64.3
540 66.6
541 73.2
542 74.1
543 71.6
544 74.7
545 75.8
546 64.1
547 71.5
548 71.6
549 79.0
550 75.9
551 64.3
552 65.9
553 72.3
554 73.9
555 71.6
556 74.9
557 75.7
558 64.2
559 69.7
560 70.8
561 78.3
562 76.0
563 68.4
564 64.9
565 72.4
566 73.1
567 70.7
568 74.9
569 80.0
570 63.3
571 69.0
572 70.9
573 78.5
574 67.6
575 68.3
576 64.8
577 72.4
578 72.1
579 70.8
580 74.2
581 74.8
582 64.3
583 69.1
584 70.7
585 78.3
586 67.4
587 68.2
588 64.8
589 72.5
590 73.0
591 70.8
592 73.3
593 79.9
594 63.3
595 69.2
596 69.9
597 78.3
598 67.3
599 68.3
600 64.8
601 72.4
602 72.3
603 70.0
604 72.4
605 79.8
606 67.4
607 68.1
608 69.9
609 77.5
610 66.5
611 68.2
612 69.0
613 71.4
614 71.6
615 69.9
616 72.2
617 79.8
618 67.4
619 68.2
620 69.2
621 76.6
622 66.4
623 68.2
624 69.1
625 71.6
626 63.3
627 68.9
628 71.4
629 79.7
630 67.4
631 72.5
632 68.0
633 79.8
634 65.7
635 67.2
636 69.1
637 75.8
638 62.4
639 69.0
640 71.4
641 80.6
642 67.2
643 65.8
644 68.2
645 79.0
646 64.9
647 67.3
648 69.1
649 75.6
650 62.4
651 68.2
652 70.8
653 79.0
654 66.6
655 65.9
656 72.3
657 78.0
658 64.9
659 66.3
660 68.4
661 75.7
662 66.7
663 67.3
664 70.0
665 79.1
666 66.7
667 65.8
668 72.1
669 78.0
670 64.0
671 65.8
672 68.3
673 75.7
674 66.5
675 67.4
676 69.8
677 78.3
678 65.6
679 64.9
680 72.2
681 82.2
682 63.3
683 65.9
684 68.8
685 74.9
686 66.7
687 71.5
688 69.0
689 77.4
690 65.7
691 64.9
692 72.2
693 82.2
694 63.2
695 58.4
696 68.9
697 75.0
698 66.5
699 71.5
700 69.1
701 78.1
702 66.6
703 65.6
704 72.5
705 82.5
706 67.6
707 57.4
708 68.4
709 73.2
710 65.7
711 70.7
712 73.3
713 76.6
714 64.2
715 63.1
716 70.9
717 81.8
718 67.5
719 61.7
720 66.5
721 73.2
722 64.9
723 70.8
724 73.3
725 80.8
726 63.3
727 62.4
728 70.7
729 81.7
730 67.5
731 61.5
732 66.5
733 72.3
734 64.1
735 70.8
736 74.9
737 80.8
738 63.4
739 62.4
740 73.3
741 80.7
742 66.4
743 61.6
744 70.8
745 73.3
746 63.8
747 63.3
748 74.0
749 80.8
750 67.4
751 61.6
752 72.6
753 80.7
754 66.5
755 61.6
756 70.7
757 73.2
758 63.3
759 62.3
760 74.0
761 80.6
762 67.4
763 61.6
764 72.6
765 79.8
766 65.7
767 60.7
768 69.9
769 73.2
770 63.1
771 62.5
772 74.0
773 80.5
774 67.3
775 61.6
776 72.6
777 79.8
778 66.4
779 70.0
780 70.8
781 73.3
782 63.3
783 62.3
784 73.1
785 79.7
786 67.4
787 65.9
788 71.6
789 79.8
790 65.7
791 69.1
792 70.8
793 79.2
794 62.3
795 62.3
796 73.3
797 79.9
798 67.3
799 65.9
800 71.4
801 79.1
802 65.7
803 69.1
804 70.9
805 79.2
806 62.5
807 61.5
808 72.4
809 79.1
810 67.5
811 65.8
812 71.5
813 77.9
814 64.8
815 68.3
816 70.0
817 79.2
818 66.7
819 60.4
820 72.5
821 79.3
822 66.4
823 65.8
824 75.5
825 77.9
826 64.1
827 68.0
828 70.7
829 78.9
830 66.5
831 60.7
832 71.5
833 78.3
834 65.6
835 64.9
836 75.4
837 82.2
838 63.3
839 68.3
840 68.9
841 78.3
842 66.6
843 64.9
844 70.7
845 79.1
846 65.6
847 64.9
848 75.6
849 82.4
850 63.2
851 65.7
852 69.0
853 78.2
854 66.5
855 64.9
856 70.8
857 79.1
858 65.0
859 63.8
860 75.7
861 82.5
862 63.4
863 65.0
864 68.3
865 77.3
866 65.8
867 64.9
868 74.9
869 78.4
870 65.1
871 63.8
872 75.1
873 82.7
874 67.5
875 64.9
876 67.3
877 77.2
878 65.8
879 64.9
880 74.9
881 78.4
882 64.1
883 63.3
884 74.0
885 74.1
886 67.4
887 65.0
888 66.6
889 78.3
890 66.5
891 66.0
892 74.8
893 84.0
894 63.3
895 62.4
896 73.3
897 73.3
898 66.4
899 69.1
900 70.7
901 74.8
902 63.9
903 63.5
904 74.0
905 83.8
906 67.3
907 61.6
908 73.4
909 72.5
910 66.5
911 69.0
912 74.8
913 74.8
914 63.1
915 63.3
916 73.9
917 83.8
918 67.3
919 61.5
920 72.5
921 71.8
922 66.4
923 68.2
924 75.0
925 79.1
926 62.4
927 64.0
928 73.1
929 83.0
930 67.4
931 65.9
932 71.7
933 70.8
934 69.7
935 68.2
936 75.0
937 75.0
938 62.5
939 69.9
940 72.2
941 83.1
942 67.5
943 66.0
944 71.5
945 72.3
946 68.8
947 67.4
948 74.0
949 75.1
950 66.6
951 69.2
952 75.8
953 82.5
954 66.4
955 61.7
956 71.4
957 72.2
958 68.9
959 67.3
960 74.1
961 75.1
962 62.6
963 70.2
964 75.9
965 82.6
966 67.4
967 62.4
968 71.4
969 71.3
970 69.0
971 67.2
972 73.9
973 75.2
974 66.6
975 68.9
976 75.7
977 82.3
978 66.5
979 64.1
980 75.5
981 71.3
982 68.4
983 67.3
984 73.8
985 75.1
986 66.8
987 69.0
988 75.0
989 64.8
990 65.8
991 70.7
992 75.5
993 71.7
994 67.6
995 66.6
996 73.3
997 73.9
998 66.6
999 73.2
