0 2
1 2
2 2
3 0
4 0
5 2
6 1
7 1
8 1
9 1
10 0
11 0
12 0
13 0
14 1
15 1
16 1
17 0
18 0
19 0
20 0
21 0
22 2
23 0
24 0
25 2
26 0
27 0
28 0
29 0
30 2
31 0
32 0
33 0
34 0
35 0
36 0
37 0
38 1
39 0
40 0
41 0
42 0
43 0
44 0
45 0
46 0
47 0
48 0
49 0
50 0
51 0
52 0
53 0
54 0
55 0
56 0
57 1
58 1
59 1
60 0
61 0
62 0
63 0
64 0
65 2
66 0
67 0
68 0
69 0
70 0
71 0
72 0
73 0
74 0
75 0
76 0
77 1
78 1
79 3
80 0
81 1
82 0
83 0
84 0
85 0
86 1
87 1
88 0
89 0
90 0
91 0
92 0
93 0
94 0
95 2
96 0
97 0
98 0
99 0
100 0
101 0
102 0
103 0
104 0
105 0
106 0
107 0
108 0
109 0
110 0
111 0
112 0
113 2
114 1
115 2
116 0
117 2
118 0
119 0
120 0
121 1
122 1
123 1
124 0
125 0
126 0
127 0
128 2
129 1
130 1
131 0
132 0
133 0
134 2
135 1
136 1
137 2
138 1
139 0
140 0
141 0
142 0
143 1
144 1
145 1
146 2
147 0
148 0
149 0
150 0
151 2
152 1
153 2
154 0
155 0
156 0
157 0
158 2
159 2
160 0
161 0
162 0
163 0
164 1
165 2
166 2
167 0
168 1
169 0
170 0
171 0
172 1
173 1
174 3
175 0
176 1
177 0
178 0
179 0
180 1
181 1
182 1
183 2
184 0
185 2
186 0
187 0
188 0
189 1
190 1
191 2
192 0
193 0
194 0
195 0
196 2
197 2
198 0
199 0
200 0
201 0
202 1
203 2
204 2
205 0
206 1
207 0
208 0
209 0
210 1
211 1
212 3
213 0
214 0
215 2
216 0
217 0
218 0
219 2
220 0
221 2
222 0
223 0
224 0
225 0
226 2
227 2
228 0
229 0
230 0
231 0
232 2
233 1
234 2
235 1
236 0
237 0
238 0
239 0
240 1
241 2
242 2
243 0
244 0
245 2
246 0
247 0
248 1
249 1
250 0
251 2
252 0
253 0
254 0
255 2
256 1
257 0
258 2
259 0
260 0
261 0
262 2
263 1
264 2
265 0
266 0
267 0
268 0
269 2
270 1
271 2
272 0
273 0
274 0
275 1
276 1
277 0
278 1
279 0
280 0
281 2
282 0
283 2
284 1
285 2
286 0
287 0
288 0
289 0
290 1
291 1
292 1
293 2
294 0
295 0
296 0
297 2
298 1
299 1
300 0
301 1
302 0
303 0
304 0
305 0
306 2
307 0
308 0
309 0
310 0
311 0
312 0
313 0
314 0
315 0
316 0
317 1
318 1
319 1
320 2
321 1
322 0
323 0
324 0
325 0
326 2
327 1
328 1
329 0
330 0
331 0
332 0
333 1
334 0
335 1
336 0
337 0
338 0
339 0
340 0
341 0
342 2
343 0
344 0
345 0
346 0
347 0
348 0
349 0
350 0
351 0
352 0
353 0
354 0
355 0
356 0
357 2
358 0
359 0
360 0
361 0
362 0
363 0
364 0
365 0
366 0
367 0
368 0
369 0
370 0
371 0
372 0
373 0
374 0
375 0
376 0
377 0
378 0
379 0
380 0
381 0
382 0
383 0
384 0
385 0
386 1
387 0
388 0
389 0
390 0
391 0
392 0
393 0
394 0
395 0
396 0
397 0
398 0
399 0
400 0
401 0
402 0
403 0
404 0
405 0
406 0
407 0
408 0
409 0
410 0
411 0
412 0
413 0
414 0
415 0
416 0
417 0
418 0
419 0
420 0
421 0
422 0
423 0
424 0
425 0
426 0
427 0
428 0
429 0
430 0
431 0
432 0
433 0
434 0
435 0
436 0
437 0
438 0
439 0
440 0
441 0
442 0
443 0
444 0
445 0
446 2
447 1
448 1
449 0
450 0
451 0
452 0
453 2
454 1
455 0
456 0
457 0
458 0
459 0
460 0
461 0
462 2
463 0
464 0
465 0
466 0
467 0
468 0
469 0
470 0
471 0
472 0
473 0
474 0
475 0
476 0
477 0
478 0
479 0
480 1
481 2
482 2
483 0
484 1
485 0
486 0
487 0
488 1
489 1
490 3
491 0
492 1
493 0
494 0
495 0
496 1
497 1
498 1
499 2
500 1
501 0
502 0
503 0
504 1
505 1
506 1
507 2
508 1
509 0
510 0
511 0
512 1
513 1
514 1
515 2
516 1
517 0
518 0
519 0
520 1
521 1
522 1
523 2
524 1
525 0
526 0
527 0
528 1
529 1
530 1
531 2
532 1
533 0
534 0
535 0
536 1
537 1
538 1
539 2
540 1
541 0
542 0
543 0
544 1
545 1
546 1
547 2
548 1
549 0
550 0
551 0
552 1
553 1
554 1
555 2
556 1
557 0
558 0
559 0
560 0
561 2
562 1
563 2
564 1
565 0
566 0
567 0
568 0
569 2
570 1
571 2
572 1
573 0
574 0
575 0
576 0
577 2
578 1
579 2
580 1
581 0
582 0
583 0
584 0
585 1
586 2
587 2
588 0
589 1
590 0
591 0
592 0
593 1
594 1
595 3
596 0
597 1
598 0
599 0
600 0
601 1
602 1
603 1
604 2
605 1
606 0
607 0
608 0
609 1
610 1
611 1
612 2
613 1
614 0
615 0
616 0
617 1
618 1
619 1
620 2
621 1
622 0
623 0
624 0
625 1
626 1
627 1
628 2
629 1
630 0
631 0
632 0
633 1
634 1
635 1
636 2
637 1
638 0
639 0
640 0
641 1
642 1
643 1
644 2
645 1
646 0
647 0
648 0
649 1
650 1
651 1
652 2
653 1
654 0
655 0
656 0
657 1
658 1
659 1
660 2
661 1
662 0
663 0
664 0
665 0
666 2
667 1
668 2
669 1
670 0
671 0
672 0
673 0
674 2
675 1
676 2
677 1
678 0
679 0
680 0
681 0
682 2
683 1
684 2
685 1
686 0
687 0
688 0
689 0
690 1
691 2
692 2
693 0
694 1
695 0
696 0
697 0
698 1
699 2
700 2
701 0
702 1
703 0
704 0
705 0
706 1
707 1
708 3
709 0
710 1
711 0
712 0
713 0
714 1
715 1
716 1
717 2
718 1
719 0
720 0
721 0
722 1
723 1
724 1
725 2
726 1
727 0
728 0
729 0
730 1
731 1
732 1
733 2
734 1
735 0
736 0
737 0
738 1
739 1
740 1
741 2
742 1
743 0
744 0
745 0
746 1
747 1
748 1
749 2
750 1
751 0
752 0
753 0
754 1
755 1
756 1
757 2
758 1
759 0
760 0
761 0
762 1
763 1
764 1
765 2
766 1
767 0
768 0
769 0
770 1
771 1
772 1
773 2
774 1
775 0
776 0
777 0
778 0
779 2
780 1
781 2
782 1
783 0
784 0
785 0
786 0
787 2
788 1
789 2
790 1
791 0
792 0
793 0
794 0
795 2
796 1
797 2
798 1
799 0
800 0
801 0
802 0
803 1
804 2
805 2
806 0
807 1
808 0
809 0
810 0
811 1
812 1
813 3
814 0
815 1
816 0
817 0
818 0
819 1
820 1
821 1
822 2
823 1
824 0
825 0
826 0
827 1
828 1
829 1
830 2
831 1
832 0
833 0
834 0
835 1
836 1
837 1
838 2
839 1
840 0
841 0
842 0
843 1
844 1
845 1
846 2
847 1
848 0
849 0
850 0
851 1
852 1
853 1
854 2
855 1
856 0
857 0
858 0
859 1
860 1
861 1
862 2
863 1
864 0
865 0
866 0
867 1
868 1
869 1
870 2
871 1
872 0
873 0
874 0
875 1
876 1
877 1
878 2
879 1
880 0
881 0
882 0
883 0
884 2
885 1
886 2
887 1
888 0
889 0
890 0
891 0
892 2
893 1
894 2
895 1
896 0
897 0
898 0
899 0
900 2
901 1
902 2
903 1
904 0
905 0
906 0
907 0
908 1
909 2
910 2
911 0
912 1
913 0
914 0
915 0
916 1
917 1
918 3
919 0
920 1
921 0
922 0
923 0
924 1
925 1
926 3
927 0
928 1
929 0
930 0
931 0
932 1
933 1
934 1
935 2
936 1
937 0
938 0
939 0
940 1
941 1
942 1
943 2
944 1
945 0
946 0
947 0
948 1
949 1
950 1
951 2
952 1
953 0
954 0
955 0
956 1
957 1
958 1
959 2
960 1
961 0
962 0
963 0
964 1
965 1
966 1
967 2
968 1
969 0
970 0
971 0
972 1
973 1
974 1
975 2
976 1
977 0
978 0
979 0
980 1
981 1
982 1
983 2
984 1
985 0
986 0
987 0
988 0
989 2
990 1
991 2
992 1
993 0
994 0
995 0
996 0
997 2
998 1
999 2
1000 0
