1 0.2
2 0.2
3 0.0
4 0.6
5 0.5
6 0.1
7 0.1
8 0.3
9 0.8
10 0.0
11 0.0
12 0.0
13 0.6
14 0.4
15 0.1
16 0.1
17 0.3
18 0.6
19 0.0
20 0.0
21 0.3
22 0.4
23 0.4
24 0.0
25 0.2
26 0.3
27 0.6
28 0.0
29 0.0
30 0.2
31 0.0
32 0.6
33 0.3
34 0.0
35 0.0
36 0.2
37 0.4
38 0.4
39 0.0
40 0.0
41 0.6
42 0.3
43 0.0
44 0.0
45 0.2
46 0.4
47 0.3
48 0.0
49 0.0
50 0.5
51 0.4
52 0.0
53 0.0
54 0.0
55 0.9
56 0.0
57 0.1
58 0.1
59 0.3
60 0.7
61 0.0
62 0.0
63 0.0
64 0.2
65 0.6
66 0.3
67 0.0
68 0.0
69 0.6
70 0.0
71 0.3
72 0.0
73 0.2
74 0.4
75 0.0
76 0.3
77 0.1
78 0.3
79 0.7
80 0.3
81 0.1
82 0.0
83 0.6
84 0.3
85 0.0
86 0.1
87 0.3
88 0.7
89 0.0
90 0.0
91 0.0
92 0.2
93 0.7
94 0.0
95 0.2
96 0.0
97 0.6
98 0.0
99 0.0
100 0.3
101 0.2
102 0.4
103 0.0
104 0.3
105 0.0
106 0.2
107 0.4
108 0.0
109 0.3
110 0.0
111 0.6
112 0.0
113 0.5
114 0.1
115 0.4
116 0.4
117 0.5
118 0.0
119 0.0
120 0.2
121 0.8
122 0.1
123 0.1
124 0.0
125 0.6
126 0.3
127 0.0
128 0.2
129 0.3
130 0.5
131 0.0
132 0.0
133 0.3
134 0.4
135 0.5
136 0.1
137 0.5
138 0.1
139 0.6
140 0.0
141 0.0
142 0.3
143 0.3
144 0.5
145 0.1
146 0.2
147 0.3
148 0.2
149 0.4
150 0.3
151 0.2
152 0.1
153 0.8
154 0.0
155 0.3
156 0.0
157 0.2
158 0.6
159 0.5
160 0.0
161 0.0
162 0.2
163 0.4
164 0.1
165 0.2
166 0.5
167 0.6
168 0.1
169 0.0
170 0.0
171 0.5
172 0.5
173 0.1
174 0.3
175 0.3
176 0.3
177 0.4
178 0.0
179 0.0
180 0.4
181 0.7
182 0.1
183 0.5
184 0.0
185 0.4
186 0.4
187 0.0
188 0.3
189 0.1
190 0.3
191 0.6
192 0.0
193 0.3
194 0.0
195 0.6
196 0.2
197 0.2
198 0.0
199 0.5
200 0.4
201 0.0
202 0.1
203 0.2
204 1.1
205 0.0
206 0.1
207 0.0
208 0.0
209 0.9
210 0.1
211 0.1
212 0.3
213 0.5
214 0.4
215 0.2
216 0.0
217 0.3
218 0.6
219 0.2
220 0.0
221 0.5
222 0.0
223 0.6
224 0.0
225 0.0
226 0.5
227 0.4
228 0.4
229 0.0
230 0.0
231 0.0
232 0.8
233 0.4
234 0.2
235 0.1
236 0.0
237 0.9
238 0.0
239 0.0
240 0.1
241 0.4
242 0.9
243 0.0
244 0.0
245 0.2
246 0.9
247 0.0
248 0.1
249 0.1
250 0.5
251 0.6
252 0.0
253 0.0
254 0.3
255 0.4
256 0.5
257 0.0
258 0.2
259 0.3
260 0.6
261 0.0
262 0.2
263 0.1
264 0.4
265 0.4
266 0.3
267 0.0
268 0.0
269 0.4
270 0.5
271 0.5
272 0.0
273 0.0
274 0.6
275 0.4
276 0.1
277 0.0
278 0.3
279 0.4
280 0.3
281 0.2
282 0.0
283 0.7
284 0.5
285 0.2
286 0.0
287 0.0
288 0.9
289 0.0
290 0.1
291 0.1
292 0.3
293 0.9
294 0.0
295 0.0
296 0.0
297 0.4
298 0.5
299 0.4
300 0.0
301 0.1
302 0.6
303 0.0
304 0.3
305 0.0
306 0.4
307 0.4
308 0.3
309 0.0
310 0.0
311 0.2
312 0.4
313 0.3
314 0.0
315 0.0
316 0.9
317 0.1
318 0.1
319 0.1
320 0.4
321 0.8
322 0.0
323 0.0
324 0.0
325 0.2
326 0.9
327 0.1
328 0.1
329 0.0
330 0.6
331 0.0
332 0.0
333 0.4
334 0.2
335 0.5
336 0.0
337 0.3
338 0.0
339 0.2
340 0.4
341 0.0
342 0.5
343 0.0
344 0.6
345 0.0
346 0.3
347 0.0
348 0.2
349 0.4
350 0.3
351 0.0
352 0.0
353 0.2
354 0.7
355 0.0
356 0.0
357 0.2
358 0.6
359 0.3
360 0.0
361 0.0
362 0.2
363 0.4
364 0.0
365 0.0
366 0.3
367 0.2
368 0.4
369 0.0
370 0.3
371 0.0
372 0.6
373 0.0
374 0.0
375 0.3
376 0.2
377 0.4
378 0.0
379 0.0
380 0.3
381 0.2
382 0.4
383 0.3
384 0.0
385 0.0
386 0.7
387 0.0
388 0.3
389 0.0
390 0.2
391 0.4
392 0.3
393 0.0
394 0.0
395 0.2
396 0.4
397 0.0
398 0.0
399 0.3
400 0.6
401 0.0
402 0.0
403 0.0
404 0.5
405 0.4
406 0.0
407 0.0
408 0.3
409 0.6
410 0.0
411 0.0
412 0.0
413 0.3
414 0.6
415 0.0
416 0.3
417 0.0
418 0.2
419 0.4
420 0.0
421 0.3
422 0.0
423 0.6
424 0.0
425 0.0
426 0.3
427 0.0
428 0.6
429 0.0
430 0.0
431 0.0
432 0.5
433 0.4
434 0.0
435 0.0
436 0.0
437 0.9
438 0.0
439 0.0
440 0.0
441 0.0
442 0.9
443 0.0
444 0.0
445 0.0
446 0.7
447 0.5
448 0.1
449 0.0
450 0.3
451 0.6
452 0.0
453 0.2
454 0.4
455 0.2
456 0.4
457 0.0
458 0.0
459 0.3
460 0.2
461 0.4
462 0.2
463 0.0
464 0.0
465 0.6
466 0.3
467 0.0
468 0.0
469 0.2
470 0.7
471 0.0
472 0.0
473 0.0
474 0.2
475 0.7
476 0.0
477 0.0
478 0.0
479 0.9
480 0.1
481 0.2
482 0.2
483 0.5
484 0.5
485 0.0
486 0.0
487 0.3
488 0.3
489 0.5
490 0.3
491 0.0
492 0.4
493 0.6
494 0.0
495 0.0
496 0.1
497 0.3
498 0.5
499 0.5
500 0.1
501 0.0
502 0.2
503 0.4
504 0.4
505 0.1
506 0.1
507 0.8
508 0.4
509 0.0
510 0.0
511 0.2
512 0.5
513 0.4
514 0.1
515 0.2
516 0.6
517 0.4
518 0.0
519 0.0
520 0.1
521 1.0
522 0.1
523 0.2
524 0.1
525 0.2
526 0.7
527 0.0
528 0.1
529 0.1
530 0.3
531 0.6
532 0.4
533 0.0
534 0.0
535 0.6
536 0.1
537 0.4
538 0.1
539 0.4
540 0.5
541 0.3
542 0.0
543 0.0
544 0.3
545 0.5
546 0.4
547 0.2
548 0.1
549 0.9
550 0.0
551 0.0
552 0.1
553 0.3
554 0.8
555 0.2
556 0.1
557 0.0
558 0.2
559 0.7
560 0.0
561 0.2
562 0.1
563 0.8
564 0.1
565 0.3
566 0.0
567 0.2
568 0.4
569 0.2
570 0.4
571 0.2
572 0.3
573 0.4
574 0.0
575 0.3
576 0.0
577 0.8
578 0.1
579 0.5
580 0.1
581 0.2
582 0.4
583 0.3
584 0.0
585 0.1
586 0.4
587 0.9
588 0.0
589 0.1
590 0.0
591 0.6
592 0.3
593 0.1
594 0.1
595 0.5
596 0.4
597 0.1
598 0.0
599 0.3
600 0.2
601 0.5
602 0.1
603 0.4
604 0.2
605 0.7
606 0.0
607 0.0
608 0.3
609 0.3
610 0.5
611 0.1
612 0.2
613 0.4
614 0.6
615 0.0
616 0.3
617 0.1
618 0.1
619 0.7
620 0.5
621 0.1
622 0.0
623 0.2
624 0.4
625 0.4
626 0.1
627 0.1
628 0.8
629 0.1
630 0.0
631 0.0
632 0.3
633 0.7
634 0.1
635 0.1
636 0.2
637 0.6
638 0.4
639 0.0
640 0.0
641 0.4
642 0.7
643 0.1
644 0.2
645 0.1
646 0.3
647 0.6
648 0.0
649 0.4
650 0.1
651 0.3
652 0.6
653 0.1
654 0.3
655 0.0
656 0.6
657 0.1
658 0.1
659 0.4
660 0.4
661 0.5
662 0.0
663 0.0
664 0.0
665 0.5
666 0.6
667 0.1
668 0.2
669 0.1
670 0.9
671 0.0
672 0.0
673 0.0
674 0.4
675 0.8
676 0.2
677 0.1
678 0.0
679 0.5
680 0.4
681 0.0
682 0.2
683 0.4
684 0.8
685 0.1
686 0.0
687 0.3
688 0.2
689 0.4
690 0.1
691 0.2
692 0.5
693 0.2
694 0.5
695 0.0
696 0.0
697 0.0
698 0.7
699 0.5
700 0.2
701 0.0
702 0.3
703 0.7
704 0.0
705 0.0
706 0.1
707 0.3
708 1.0
709 0.0
710 0.1
711 0.0
712 0.9
713 0.0
714 0.1
715 0.1
716 0.6
717 0.6
718 0.1
719 0.0
720 0.3
721 0.2
722 0.5
723 0.1
724 0.1
725 0.5
726 0.7
727 0.0
728 0.0
729 0.0
730 0.3
731 0.5
732 0.4
733 0.2
734 0.1
735 0.2
736 0.7
737 0.0
738 0.1
739 0.1
740 0.7
741 0.5
742 0.1
743 0.0
744 0.2
745 0.4
746 0.4
747 0.1
748 0.1
749 0.7
750 0.5
751 0.0
752 0.0
753 0.0
754 1.0
755 0.1
756 0.1
757 0.2
758 0.3
759 0.7
760 0.0
761 0.0
762 0.1
763 0.3
764 0.5
765 0.5
766 0.1
767 0.0
768 0.6
769 0.0
770 0.4
771 0.1
772 0.3
773 0.6
774 0.4
775 0.0
776 0.0
777 0.2
778 0.4
779 0.5
780 0.1
781 0.2
782 1.0
783 0.0
784 0.0
785 0.0
786 0.2
787 0.9
788 0.1
789 0.2
790 0.1
791 0.2
792 0.7
793 0.0
794 0.0
795 0.2
796 0.7
797 0.2
798 0.4
799 0.0
800 0.2
801 0.4
802 0.0
803 0.4
804 0.2
805 0.4
806 0.4
807 0.1
808 0.3
809 0.0
810 0.6
811 0.1
812 0.4
813 0.3
814 0.2
815 0.5
816 0.3
817 0.0
818 0.0
819 0.7
820 0.4
821 0.1
822 0.2
823 0.1
824 0.6
825 0.3
826 0.0
827 0.1
828 0.3
829 0.5
830 0.2
831 0.1
832 0.3
833 0.6
834 0.0
835 0.1
836 0.4
837 0.1
838 0.8
839 0.1
840 0.0
841 0.3
842 0.2
843 0.5
844 0.1
845 0.1
846 0.5
847 0.7
848 0.0
849 0.3
850 0.0
851 0.1
852 0.7
853 0.4
854 0.2
855 0.1
856 0.2
857 0.4
858 0.3
859 0.1
860 0.1
861 0.7
862 0.2
863 0.1
864 0.0
865 0.3
866 0.6
867 0.1
868 0.1
869 0.1
870 0.7
871 0.5
872 0.0
873 0.0
874 0.3
875 0.7
876 0.1
877 0.1
878 0.2
879 0.6
880 0.4
881 0.0
882 0.3
883 0.0
884 0.4
885 0.5
886 0.2
887 0.4
888 0.0
889 0.6
890 0.0
891 0.0
892 0.5
893 0.3
894 0.6
895 0.1
896 0.0
897 0.0
898 0.5
899 0.4
900 0.2
901 0.1
902 0.2
903 1.0
904 0.0
905 0.0
906 0.0
907 0.2
908 0.8
909 0.2
910 0.2
911 0.0
912 0.6
913 0.4
914 0.0
915 0.0
916 0.4
917 0.7
918 0.3
919 0.0
920 0.4
921 0.2
922 0.4
923 0.0
924 0.1
925 0.4
926 0.5
927 0.4
928 0.1
929 0.0
930 0.0
931 0.6
932 0.4
933 0.1
934 0.1
935 0.4
936 0.8
937 0.0
938 0.0
939 0.0
940 0.3
941 0.8
942 0.1
943 0.2
944 0.1
945 0.9
946 0.0
947 0.0
948 0.1
949 0.6
950 0.5
951 0.2
952 0.1
953 0.3
954 0.2
955 0.4
956 0.1
957 0.1
958 0.4
959 0.8
960 0.1
961 0.0
962 0.0
963 0.2
964 0.5
965 0.4
966 0.1
967 0.2
968 0.3
969 0.7
970 0.0
971 0.0
972 0.1
973 0.7
974 0.4
975 0.2
976 0.1
977 0.2
978 0.4
979 0.3
980 0.1
981 0.1
982 0.6
983 0.6
984 0.1
985 0.0
986 0.0
987 0.9
988 0.0
989 0.2
990 0.1
991 0.7
992 0.5
993 0.0
994 0.0
995 0.0
996 0.2
997 0.6
998 0.4
999 0.2
1000 0.0
